Live comments	Time	injection 100mbar	Barion_2	Barion_1	DUAL experiment	DUAL insulation	injection 1mbar	helium	T-platinum	T-CERNOX	I_emission	I_grid
	01/12/2022 17:02:24	455.350000E-3	4.330000E-9	4.900000E-9	4.996000E-9	393.400000E-9	584.420000E-6	245.000000E+0	-5.050000E+0	4.296055E+3	NaN	NaN
	01/12/2022 17:02:31	455.400000E-3	4.330000E-9	4.890000E-9	4.996000E-9	393.400000E-9	582.700000E-6	246.000000E+0	-5.163000E+0	4.296279E+3	NaN	NaN
	01/12/2022 17:02:38	455.550000E-3	4.320000E-9	4.890000E-9	4.996000E-9	393.900000E-9	581.710000E-6	245.000000E+0	-5.050000E+0	4.296279E+3	NaN	NaN
	01/12/2022 17:02:45	454.660000E-3	4.330000E-9	4.900000E-9	4.996000E-9	393.900000E-9	584.420000E-6	245.000000E+0	-5.163000E+0	4.296167E+3	NaN	NaN
	01/12/2022 17:02:53	455.220000E-3	4.320000E-9	4.900000E-9	4.996000E-9	393.900000E-9	569.640000E-6	246.000000E+0	-5.163000E+0	4.296167E+3	NaN	NaN
	01/12/2022 17:03:00	455.370000E-3	4.320000E-9	4.890000E-9	4.996000E-9	393.900000E-9	582.460000E-6	245.000000E+0	-5.163000E+0	4.296167E+3	NaN	NaN
	01/12/2022 17:03:07	454.610000E-3	4.320000E-9	4.890000E-9	4.996000E-9	394.400000E-9	589.370000E-6	245.000000E+0	-5.163000E+0	4.296055E+3	NaN	NaN
	01/12/2022 17:03:14	454.950000E-3	4.320000E-9	4.890000E-9	4.996000E-9	394.400000E-9	580.730000E-6	245.000000E+0	-5.275000E+0	4.296167E+3	NaN	NaN
	01/12/2022 17:03:21	455.130000E-3	4.310000E-9	4.890000E-9	4.996000E-9	393.900000E-9	579.510000E-6	245.000000E+0	-5.050000E+0	4.296167E+3	NaN	NaN
	01/12/2022 17:03:29	455.320000E-3	4.320000E-9	4.880000E-9	4.996000E-9	393.900000E-9	591.100000E-6	245.000000E+0	-5.050000E+0	4.296167E+3	NaN	NaN
	01/12/2022 17:03:36	455.570000E-3	4.310000E-9	4.880000E-9	4.996000E-9	393.900000E-9	576.050000E-6	245.000000E+0	-5.163000E+0	4.296055E+3	NaN	NaN
	01/12/2022 17:03:43	459.150000E-3	4.310000E-9	4.890000E-9	4.996000E-9	393.900000E-9	579.240000E-6	245.000000E+0	-5.163000E+0	4.296055E+3	NaN	NaN
	01/12/2022 17:03:50	454.710000E-3	4.310000E-9	4.880000E-9	4.996000E-9	393.900000E-9	580.970000E-6	245.000000E+0	-5.050000E+0	4.296279E+3	NaN	NaN
	01/12/2022 17:03:57	458.880000E-3	4.320000E-9	4.880000E-9	4.996000E-9	393.900000E-9	593.300000E-6	245.000000E+0	-5.050000E+0	4.296279E+3	NaN	NaN
	01/12/2022 17:04:05	455.570000E-3	4.310000E-9	4.870000E-9	4.996000E-9	393.400000E-9	576.530000E-6	245.000000E+0	-5.163000E+0	4.296391E+3	NaN	NaN
	01/12/2022 17:04:12	455.080000E-3	4.310000E-9	4.880000E-9	4.996000E-9	393.900000E-9	575.070000E-6	245.000000E+0	-5.163000E+0	4.296279E+3	NaN	NaN
	01/12/2022 17:04:19	456.410000E-3	4.310000E-9	4.880000E-9	4.996000E-9	393.900000E-9	578.520000E-6	245.000000E+0	-5.050000E+0	4.296167E+3	NaN	NaN
	01/12/2022 17:04:26	457.860000E-3	4.310000E-9	4.880000E-9	4.996000E-9	393.400000E-9	576.530000E-6	245.000000E+0	-5.163000E+0	4.296279E+3	NaN	NaN
	01/12/2022 17:04:33	455.280000E-3	4.310000E-9	4.870000E-9	4.996000E-9	393.900000E-9	576.050000E-6	245.000000E+0	-5.050000E+0	4.296279E+3	NaN	NaN
	01/12/2022 17:04:41	455.030000E-3	4.310000E-9	4.870000E-9	4.996000E-9	393.900000E-9	585.910000E-6	245.000000E+0	-5.163000E+0	4.296167E+3	NaN	NaN
	01/12/2022 17:04:48	455.000000E-3	4.300000E-9	4.880000E-9	4.996000E-9	393.900000E-9	584.190000E-6	245.000000E+0	-5.163000E+0	4.296391E+3	NaN	NaN
	01/12/2022 17:04:55	457.790000E-3	5.800000E-9	8.340000E-9	6.569000E-9	393.400000E-9	582.220000E-6	245.000000E+0	-5.275000E+0	4.296391E+3	NaN	NaN
	01/12/2022 17:05:02	455.420000E-3	7.280000E-9	9.500000E-9	6.577000E-9	393.400000E-9	554.830000E-6	245.000000E+0	-5.050000E+0	4.296504E+3	NaN	NaN
	01/12/2022 17:05:09	455.280000E-3	8.670000E-9	11.100000E-9	6.942000E-9	393.900000E-9	580.730000E-6	245.000000E+0	-5.050000E+0	4.296391E+3	NaN	NaN
	01/12/2022 17:05:17	456.800000E-3	7.860000E-9	9.940000E-9	7.231000E-9	393.900000E-9	576.050000E-6	245.000000E+0	-5.163000E+0	4.296279E+3	NaN	NaN
	01/12/2022 17:05:24	455.200000E-3	9.190000E-9	11.900000E-9	7.188000E-9	393.400000E-9	575.070000E-6	245.000000E+0	-5.050000E+0	4.296391E+3	NaN	NaN
	01/12/2022 17:05:31	454.950000E-3	9.680000E-9	12.500000E-9	7.799000E-9	393.400000E-9	578.520000E-6	245.000000E+0	-5.163000E+0	4.296504E+3	NaN	NaN
	01/12/2022 17:05:38	459.420000E-3	9.830000E-9	12.600000E-9	7.119000E-9	393.900000E-9	578.760000E-6	245.000000E+0	-4.938000E+0	4.296391E+3	NaN	NaN
	01/12/2022 17:05:45	457.170000E-3	5.880000E-9	6.670000E-9	5.014000E-9	393.900000E-9	580.490000E-6	245.000000E+0	-5.275000E+0	4.296391E+3	NaN	NaN
	01/12/2022 17:05:52	454.460000E-3	5.340000E-9	6.040000E-9	5.136000E-9	393.400000E-9	580.730000E-6	245.000000E+0	-5.163000E+0	4.296391E+3	NaN	NaN
ega moved	01/12/2022 17:05:59	454.950000E-3	5.280000E-9	5.940000E-9	5.014000E-9	393.400000E-9	580.490000E-6	245.000000E+0	-5.050000E+0	4.296391E+3	NaN	NaN
	01/12/2022 17:06:07	455.220000E-3	5.250000E-9	5.830000E-9	4.996000E-9	393.400000E-9	610.800000E-6	245.000000E+0	-5.163000E+0	4.296504E+3	NaN	NaN
	01/12/2022 17:06:14	456.360000E-3	5.220000E-9	5.810000E-9	5.130000E-9	393.400000E-9	577.270000E-6	245.000000E+0	-5.050000E+0	4.296504E+3	NaN	NaN
	01/12/2022 17:06:21	454.980000E-3	5.200000E-9	5.820000E-9	4.996000E-9	393.400000E-9	574.830000E-6	245.000000E+0	-4.826000E+0	4.296504E+3	NaN	NaN
	01/12/2022 17:06:28	458.430000E-3	5.180000E-9	5.750000E-9	4.996000E-9	393.400000E-9	577.540000E-6	245.000000E+0	-5.050000E+0	4.296504E+3	NaN	NaN
	01/12/2022 17:06:35	455.350000E-3	5.160000E-9	5.730000E-9	5.002000E-9	393.900000E-9	609.580000E-6	245.000000E+0	-5.163000E+0	4.296728E+3	NaN	NaN
	01/12/2022 17:06:43	455.100000E-3	5.150000E-9	5.690000E-9	5.026000E-9	393.400000E-9	585.410000E-6	245.000000E+0	-5.163000E+0	4.296504E+3	NaN	NaN
	01/12/2022 17:06:50	455.180000E-3	5.150000E-9	5.680000E-9	5.062000E-9	393.400000E-9	582.960000E-6	245.000000E+0	-5.163000E+0	4.296504E+3	NaN	NaN
	01/12/2022 17:06:57	455.740000E-3	5.140000E-9	5.730000E-9	5.099000E-9	393.400000E-9	583.950000E-6	245.000000E+0	-5.275000E+0	4.296391E+3	NaN	NaN
	01/12/2022 17:07:04	455.100000E-3	5.130000E-9	5.690000E-9	5.002000E-9	393.400000E-9	591.100000E-6	245.000000E+0	-5.050000E+0	4.296504E+3	NaN	NaN
	01/12/2022 17:07:11	454.930000E-3	5.120000E-9	5.660000E-9	5.068000E-9	393.400000E-9	620.190000E-6	245.000000E+0	-5.050000E+0	4.296391E+3	NaN	NaN
	01/12/2022 17:07:18	455.150000E-3	5.120000E-9	5.630000E-9	4.996000E-9	393.400000E-9	576.290000E-6	245.000000E+0	-5.050000E+0	4.296616E+3	NaN	NaN
	01/12/2022 17:07:26	455.320000E-3	5.120000E-9	5.660000E-9	4.996000E-9	393.400000E-9	575.300000E-6	245.000000E+0	-5.050000E+0	4.296391E+3	NaN	NaN
	01/12/2022 17:07:33	455.080000E-3	5.120000E-9	5.670000E-9	4.996000E-9	393.400000E-9	571.100000E-6	245.000000E+0	-5.163000E+0	4.296728E+3	NaN	NaN
	01/12/2022 17:07:40	454.760000E-3	5.100000E-9	5.640000E-9	4.996000E-9	393.900000E-9	587.640000E-6	245.000000E+0	-5.163000E+0	4.296616E+3	NaN	NaN
	01/12/2022 17:07:47	455.250000E-3	5.100000E-9	5.620000E-9	4.996000E-9	393.900000E-9	572.350000E-6	245.000000E+0	-5.163000E+0	4.296616E+3	NaN	NaN
	01/12/2022 17:07:54	455.570000E-3	5.110000E-9	5.610000E-9	5.093000E-9	393.400000E-9	569.130000E-6	245.000000E+0	-5.163000E+0	4.296504E+3	NaN	NaN
	01/12/2022 17:08:02	455.470000E-3	5.090000E-9	5.650000E-9	5.068000E-9	393.900000E-9	580.490000E-6	245.000000E+0	-5.275000E+0	4.296504E+3	NaN	NaN
	01/12/2022 17:08:09	456.040000E-3	5.090000E-9	5.620000E-9	4.996000E-9	393.400000E-9	576.290000E-6	245.000000E+0	-4.826000E+0	4.296504E+3	NaN	NaN
	01/12/2022 17:08:16	454.930000E-3	5.090000E-9	5.610000E-9	4.996000E-9	393.400000E-9	584.190000E-6	245.000000E+0	-5.163000E+0	4.296616E+3	NaN	NaN
	01/12/2022 17:08:23	454.880000E-3	5.090000E-9	5.590000E-9	4.996000E-9	393.400000E-9	577.540000E-6	245.000000E+0	-5.163000E+0	4.296504E+3	NaN	NaN
	01/12/2022 17:08:30	455.640000E-3	5.090000E-9	5.580000E-9	4.996000E-9	393.400000E-9	578.020000E-6	245.000000E+0	-5.163000E+0	4.296391E+3	NaN	NaN
	01/12/2022 17:08:37	455.320000E-3	5.090000E-9	5.580000E-9	5.081000E-9	393.400000E-9	579.740000E-6	245.000000E+0	-5.050000E+0	4.296728E+3	NaN	NaN
	01/12/2022 17:08:45	456.110000E-3	5.080000E-9	5.640000E-9	5.038000E-9	393.400000E-9	573.340000E-6	245.000000E+0	-5.050000E+0	4.296616E+3	NaN	NaN
	01/12/2022 17:08:52	455.080000E-3	5.090000E-9	5.640000E-9	5.014000E-9	393.400000E-9	579.510000E-6	245.000000E+0	-5.163000E+0	4.296616E+3	NaN	NaN
	01/12/2022 17:08:59	455.740000E-3	5.080000E-9	5.630000E-9	4.996000E-9	393.400000E-9	588.630000E-6	245.000000E+0	-5.275000E+0	4.296504E+3	NaN	NaN
	01/12/2022 17:09:06	454.190000E-3	5.080000E-9	5.590000E-9	4.996000E-9	393.400000E-9	581.230000E-6	245.000000E+0	-5.275000E+0	4.296728E+3	NaN	NaN
	01/12/2022 17:09:13	455.180000E-3	5.070000E-9	5.590000E-9	5.093000E-9	393.000000E-9	578.760000E-6	245.000000E+0	-5.163000E+0	4.296616E+3	NaN	NaN
	01/12/2022 17:09:21	455.250000E-3	5.090000E-9	5.600000E-9	5.032000E-9	393.400000E-9	578.760000E-6	245.000000E+0	-5.050000E+0	4.296728E+3	NaN	NaN
	01/12/2022 17:09:28	455.470000E-3	5.070000E-9	5.540000E-9	4.996000E-9	393.400000E-9	578.020000E-6	245.000000E+0	-5.050000E+0	4.296616E+3	NaN	NaN
	01/12/2022 17:09:35	455.200000E-3	5.070000E-9	5.580000E-9	4.996000E-9	393.400000E-9	583.680000E-6	245.000000E+0	-5.163000E+0	4.296616E+3	NaN	NaN
	01/12/2022 17:09:42	454.950000E-3	5.070000E-9	5.620000E-9	4.996000E-9	393.400000E-9	569.370000E-6	245.000000E+0	-5.163000E+0	4.296616E+3	NaN	NaN
	01/12/2022 17:09:49	454.760000E-3	5.070000E-9	5.600000E-9	4.996000E-9	393.400000E-9	580.250000E-6	245.000000E+0	-5.163000E+0	4.296616E+3	NaN	NaN
	01/12/2022 17:09:57	459.320000E-3	5.500000E-9	5.990000E-9	5.261000E-9	393.400000E-9	581.470000E-6	245.000000E+0	-5.163000E+0	4.296504E+3	NaN	NaN
	01/12/2022 17:10:04	455.080000E-3	5.640000E-9	6.120000E-9	5.382000E-9	393.400000E-9	590.830000E-6	244.000000E+0	-5.163000E+0	4.296616E+3	NaN	NaN
	01/12/2022 17:10:11	455.500000E-3	5.720000E-9	6.140000E-9	5.008000E-9	393.400000E-9	578.520000E-6	245.000000E+0	-5.050000E+0	4.296728E+3	NaN	NaN
	01/12/2022 17:10:18	458.780000E-3	5.790000E-9	6.260000E-9	5.261000E-9	393.000000E-9	583.440000E-6	245.000000E+0	-5.050000E+0	4.296391E+3	NaN	NaN
	01/12/2022 17:10:25	455.030000E-3	5.750000E-9	6.260000E-9	5.014000E-9	393.400000E-9	573.580000E-6	245.000000E+0	-5.163000E+0	4.296504E+3	NaN	NaN
	01/12/2022 17:10:32	454.950000E-3	5.750000E-9	6.220000E-9	5.167000E-9	393.400000E-9	579.980000E-6	245.000000E+0	-5.050000E+0	4.296504E+3	NaN	NaN
	01/12/2022 17:10:40	455.080000E-3	5.760000E-9	6.240000E-9	4.996000E-9	393.400000E-9	575.070000E-6	245.000000E+0	-5.050000E+0	4.296616E+3	NaN	NaN
	01/12/2022 17:10:47	457.540000E-3	5.790000E-9	6.250000E-9	5.020000E-9	393.400000E-9	580.730000E-6	245.000000E+0	-5.163000E+0	4.296504E+3	NaN	NaN
	01/12/2022 17:10:54	454.510000E-3	5.800000E-9	6.220000E-9	4.996000E-9	393.400000E-9	559.030000E-6	245.000000E+0	-5.050000E+0	4.296391E+3	NaN	NaN
	01/12/2022 17:11:01	454.660000E-3	5.840000E-9	6.300000E-9	5.026000E-9	393.400000E-9	572.090000E-6	245.000000E+0	-5.163000E+0	4.296616E+3	NaN	NaN
	01/12/2022 17:11:08	455.450000E-3	5.820000E-9	6.320000E-9	5.154000E-9	393.400000E-9	568.390000E-6	245.000000E+0	-5.163000E+0	4.296391E+3	NaN	NaN
	01/12/2022 17:11:16	455.030000E-3	5.810000E-9	6.290000E-9	5.292000E-9	393.400000E-9	580.970000E-6	245.000000E+0	-5.050000E+0	4.296616E+3	NaN	NaN
	01/12/2022 17:11:23	455.150000E-3	5.780000E-9	6.250000E-9	5.267000E-9	393.000000E-9	581.470000E-6	245.000000E+0	-5.050000E+0	4.296504E+3	NaN	NaN
	01/12/2022 17:11:30	454.830000E-3	5.780000E-9	6.240000E-9	4.996000E-9	393.000000E-9	583.680000E-6	245.000000E+0	-4.938000E+0	4.296504E+3	NaN	NaN
	01/12/2022 17:11:37	454.980000E-3	5.780000E-9	6.250000E-9	5.305000E-9	393.900000E-9	576.290000E-6	245.000000E+0	-5.163000E+0	4.296504E+3	NaN	NaN
	01/12/2022 17:11:44	455.470000E-3	5.780000E-9	6.250000E-9	4.996000E-9	393.000000E-9	585.170000E-6	245.000000E+0	-5.163000E+0	4.296504E+3	NaN	NaN
	01/12/2022 17:11:51	455.200000E-3	5.770000E-9	6.210000E-9	5.008000E-9	393.400000E-9	580.970000E-6	245.000000E+0	-5.163000E+0	4.296616E+3	NaN	NaN
	01/12/2022 17:11:59	455.820000E-3	5.780000E-9	6.200000E-9	5.267000E-9	393.400000E-9	582.460000E-6	244.000000E+0	-5.275000E+0	4.296391E+3	NaN	NaN
	01/12/2022 17:12:06	456.410000E-3	5.790000E-9	6.270000E-9	5.324000E-9	393.400000E-9	569.370000E-6	244.000000E+0	-4.938000E+0	4.296391E+3	NaN	NaN
	01/12/2022 17:12:13	455.200000E-3	5.770000E-9	6.270000E-9	5.087000E-9	393.900000E-9	579.740000E-6	244.000000E+0	-5.163000E+0	4.295830E+3	NaN	NaN
	01/12/2022 17:12:20	455.770000E-3	5.770000E-9	6.230000E-9	5.369000E-9	394.400000E-9	577.030000E-6	244.000000E+0	-5.163000E+0	4.296055E+3	NaN	NaN
	01/12/2022 17:12:27	455.400000E-3	5.760000E-9	6.230000E-9	5.305000E-9	394.400000E-9	579.510000E-6	244.000000E+0	-5.050000E+0	4.295830E+3	NaN	NaN
	01/12/2022 17:12:34	454.880000E-3	5.760000E-9	6.190000E-9	5.273000E-9	393.900000E-9	572.830000E-6	245.000000E+0	-5.050000E+0	4.296167E+3	NaN	NaN
	01/12/2022 17:12:42	454.980000E-3	5.760000E-9	6.190000E-9	5.026000E-9	393.900000E-9	571.610000E-6	245.000000E+0	-5.050000E+0	4.296167E+3	NaN	NaN
	01/12/2022 17:12:49	455.180000E-3	5.760000E-9	6.200000E-9	5.401000E-9	393.400000E-9	581.230000E-6	244.000000E+0	-5.163000E+0	4.296167E+3	NaN	NaN
	01/12/2022 17:12:56	455.620000E-3	5.760000E-9	6.230000E-9	5.376000E-9	393.400000E-9	580.250000E-6	244.000000E+0	-5.050000E+0	4.296167E+3	NaN	NaN
	01/12/2022 17:13:03	457.740000E-3	5.750000E-9	6.250000E-9	5.223000E-9	393.000000E-9	581.710000E-6	244.000000E+0	-5.050000E+0	4.296279E+3	NaN	NaN
	01/12/2022 17:13:10	455.500000E-3	5.760000E-9	6.250000E-9	5.117000E-9	393.000000E-9	585.170000E-6	244.000000E+0	-5.050000E+0	4.296279E+3	NaN	NaN
	01/12/2022 17:13:17	455.420000E-3	5.760000E-9	6.240000E-9	5.311000E-9	393.000000E-9	595.780000E-6	244.000000E+0	-5.050000E+0	4.296391E+3	NaN	NaN
	01/12/2022 17:13:25	455.130000E-3	5.760000E-9	6.220000E-9	5.068000E-9	393.000000E-9	585.410000E-6	244.000000E+0	-5.163000E+0	4.296279E+3	NaN	NaN
	01/12/2022 17:13:32	455.450000E-3	5.760000E-9	6.220000E-9	5.087000E-9	393.000000E-9	571.370000E-6	244.000000E+0	-5.050000E+0	4.296279E+3	NaN	NaN
	01/12/2022 17:13:39	455.520000E-3	5.760000E-9	6.180000E-9	5.142000E-9	392.500000E-9	580.490000E-6	244.000000E+0	-4.826000E+0	4.296391E+3	NaN	NaN
	01/12/2022 17:13:46	455.130000E-3	5.760000E-9	6.200000E-9	5.185000E-9	393.000000E-9	594.530000E-6	244.000000E+0	-5.275000E+0	4.296391E+3	NaN	NaN
	01/12/2022 17:13:53	456.530000E-3	5.770000E-9	6.270000E-9	5.167000E-9	393.000000E-9	583.950000E-6	244.000000E+0	-5.275000E+0	4.296391E+3	NaN	NaN
	01/12/2022 17:14:01	455.100000E-3	5.760000E-9	6.230000E-9	5.434000E-9	393.000000E-9	594.290000E-6	244.000000E+0	-5.163000E+0	4.296279E+3	NaN	NaN
	01/12/2022 17:14:08	455.150000E-3	5.760000E-9	6.220000E-9	5.210000E-9	393.000000E-9	584.660000E-6	244.000000E+0	-5.163000E+0	4.296391E+3	NaN	NaN
	01/12/2022 17:14:15	455.570000E-3	5.750000E-9	6.220000E-9	5.248000E-9	393.000000E-9	585.910000E-6	244.000000E+0	-5.163000E+0	4.296391E+3	NaN	NaN
	01/12/2022 17:14:22	454.910000E-3	5.760000E-9	6.200000E-9	5.414000E-9	392.500000E-9	564.460000E-6	244.000000E+0	-5.275000E+0	4.296391E+3	NaN	NaN
	01/12/2022 17:14:29	458.630000E-3	5.760000E-9	6.180000E-9	5.273000E-9	392.500000E-9	579.000000E-6	244.000000E+0	-5.050000E+0	4.296391E+3	NaN	NaN
	01/12/2022 17:14:36	455.150000E-3	5.760000E-9	6.210000E-9	5.261000E-9	393.000000E-9	579.980000E-6	244.000000E+0	-5.163000E+0	4.296616E+3	NaN	NaN
	01/12/2022 17:14:44	454.910000E-3	5.760000E-9	6.250000E-9	4.996000E-9	393.000000E-9	561.980000E-6	244.000000E+0	-5.050000E+0	4.296391E+3	NaN	NaN
	01/12/2022 17:14:51	454.910000E-3	5.760000E-9	6.230000E-9	4.996000E-9	392.500000E-9	580.250000E-6	244.000000E+0	-5.275000E+0	4.296279E+3	NaN	NaN
	01/12/2022 17:14:58	455.250000E-3	5.760000E-9	6.230000E-9	5.044000E-9	393.400000E-9	580.730000E-6	244.000000E+0	-5.387000E+0	4.295942E+3	NaN	NaN
	01/12/2022 17:15:05	454.490000E-3	5.770000E-9	6.220000E-9	5.305000E-9	393.400000E-9	579.000000E-6	244.000000E+0	-5.050000E+0	4.295830E+3	NaN	NaN
	01/12/2022 17:15:12	455.000000E-3	5.770000E-9	6.220000E-9	5.117000E-9	393.000000E-9	587.880000E-6	244.000000E+0	-5.163000E+0	4.296167E+3	NaN	NaN
	01/12/2022 17:15:19	455.080000E-3	5.760000E-9	6.230000E-9	5.179000E-9	393.000000E-9	579.980000E-6	244.000000E+0	-5.163000E+0	4.296167E+3	NaN	NaN
	01/12/2022 17:15:27	459.340000E-3	5.760000E-9	6.200000E-9	5.185000E-9	392.500000E-9	572.590000E-6	244.000000E+0	-5.163000E+0	4.296279E+3	NaN	NaN
	01/12/2022 17:15:34	454.680000E-3	5.750000E-9	6.190000E-9	5.179000E-9	393.000000E-9	582.700000E-6	244.000000E+0	-5.050000E+0	4.296279E+3	NaN	NaN
	01/12/2022 17:15:41	455.100000E-3	5.760000E-9	6.180000E-9	5.068000E-9	392.500000E-9	578.760000E-6	244.000000E+0	-5.163000E+0	4.296391E+3	NaN	NaN
	01/12/2022 17:15:48	455.250000E-3	5.760000E-9	6.170000E-9	4.996000E-9	392.500000E-9	590.090000E-6	244.000000E+0	-5.050000E+0	4.296504E+3	NaN	NaN
	01/12/2022 17:15:55	454.710000E-3	5.750000E-9	6.150000E-9	5.161000E-9	392.500000E-9	573.810000E-6	244.000000E+0	-5.163000E+0	4.296391E+3	NaN	NaN
	01/12/2022 17:16:02	455.690000E-3	5.730000E-9	6.170000E-9	5.223000E-9	393.000000E-9	581.230000E-6	244.000000E+0	-5.387000E+0	4.295606E+3	NaN	NaN
	01/12/2022 17:16:10	454.810000E-3	5.730000E-9	6.200000E-9	5.337000E-9	393.900000E-9	579.240000E-6	244.000000E+0	-5.050000E+0	4.295493E+3	NaN	NaN
	01/12/2022 17:16:17	455.220000E-3	5.740000E-9	6.230000E-9	5.376000E-9	393.400000E-9	579.740000E-6	244.000000E+0	-5.163000E+0	4.295606E+3	NaN	NaN
	01/12/2022 17:16:24	455.570000E-3	5.740000E-9	6.200000E-9	4.996000E-9	393.400000E-9	587.370000E-6	244.000000E+0	-5.050000E+0	4.295830E+3	NaN	NaN
	01/12/2022 17:16:31	454.880000E-3	5.740000E-9	6.180000E-9	5.217000E-9	393.000000E-9	589.850000E-6	244.000000E+0	-5.050000E+0	4.295830E+3	NaN	NaN
	01/12/2022 17:16:38	455.100000E-3	5.730000E-9	6.190000E-9	5.130000E-9	393.000000E-9	566.660000E-6	244.000000E+0	-5.275000E+0	4.296167E+3	NaN	NaN
	01/12/2022 17:16:46	454.660000E-3	5.730000E-9	6.170000E-9	5.343000E-9	392.500000E-9	572.350000E-6	244.000000E+0	-5.050000E+0	4.296167E+3	NaN	NaN
	01/12/2022 17:16:53	454.950000E-3	5.730000E-9	6.140000E-9	5.105000E-9	392.000000E-9	572.350000E-6	244.000000E+0	-5.050000E+0	4.296167E+3	NaN	NaN
	01/12/2022 17:17:00	454.910000E-3	5.720000E-9	6.150000E-9	5.111000E-9	392.500000E-9	575.540000E-6	244.000000E+0	-5.163000E+0	4.296167E+3	NaN	NaN
	01/12/2022 17:17:07	455.080000E-3	5.720000E-9	6.190000E-9	5.235000E-9	392.000000E-9	585.170000E-6	244.000000E+0	-5.163000E+0	4.296167E+3	NaN	NaN
	01/12/2022 17:17:14	454.660000E-3	5.710000E-9	6.190000E-9	4.996000E-9	392.000000E-9	566.420000E-6	244.000000E+0	-5.050000E+0	4.296279E+3	NaN	NaN
	01/12/2022 17:17:22	455.030000E-3	5.730000E-9	6.220000E-9	5.198000E-9	392.500000E-9	580.730000E-6	244.000000E+0	-5.163000E+0	4.296167E+3	NaN	NaN
	01/12/2022 17:17:29	454.830000E-3	5.720000E-9	6.190000E-9	5.376000E-9	392.000000E-9	576.290000E-6	244.000000E+0	-5.050000E+0	4.296167E+3	NaN	NaN
	01/12/2022 17:17:36	455.000000E-3	5.720000E-9	6.170000E-9	5.192000E-9	392.000000E-9	589.850000E-6	244.000000E+0	-5.050000E+0	4.295942E+3	NaN	NaN
	01/12/2022 17:17:43	455.400000E-3	5.710000E-9	6.170000E-9	5.242000E-9	392.500000E-9	580.970000E-6	244.000000E+0	-5.163000E+0	4.296391E+3	NaN	NaN
	01/12/2022 17:17:50	454.950000E-3	5.720000E-9	6.170000E-9	5.038000E-9	392.500000E-9	579.740000E-6	244.000000E+0	-5.275000E+0	4.296279E+3	NaN	NaN
	01/12/2022 17:17:58	455.050000E-3	5.710000E-9	6.160000E-9	5.337000E-9	392.500000E-9	582.220000E-6	244.000000E+0	-4.938000E+0	4.295942E+3	NaN	NaN
	01/12/2022 17:18:05	454.980000E-3	5.710000E-9	6.160000E-9	5.154000E-9	392.500000E-9	580.970000E-6	244.000000E+0	-4.938000E+0	4.296279E+3	NaN	NaN
	01/12/2022 17:18:12	455.080000E-3	5.720000E-9	6.130000E-9	5.173000E-9	392.500000E-9	583.440000E-6	244.000000E+0	-5.163000E+0	4.296055E+3	NaN	NaN
	01/12/2022 17:18:19	455.280000E-3	5.700000E-9	6.150000E-9	5.311000E-9	392.500000E-9	579.980000E-6	244.000000E+0	-5.275000E+0	4.296167E+3	NaN	NaN
	01/12/2022 17:18:26	454.760000E-3	5.710000E-9	6.190000E-9	5.198000E-9	392.500000E-9	578.020000E-6	244.000000E+0	-5.050000E+0	4.296391E+3	NaN	NaN
	01/12/2022 17:18:33	455.450000E-3	5.710000E-9	6.140000E-9	4.996000E-9	392.500000E-9	582.220000E-6	244.000000E+0	-5.163000E+0	4.296167E+3	NaN	NaN
	01/12/2022 17:18:41	455.150000E-3	5.700000E-9	6.160000E-9	5.331000E-9	392.500000E-9	588.390000E-6	244.000000E+0	-5.050000E+0	4.296167E+3	NaN	NaN
	01/12/2022 17:18:48	455.320000E-3	5.700000E-9	6.140000E-9	5.056000E-9	392.500000E-9	574.560000E-6	244.000000E+0	-4.938000E+0	4.296055E+3	NaN	NaN
	01/12/2022 17:18:55	454.540000E-3	5.690000E-9	6.100000E-9	4.996000E-9	392.500000E-9	574.830000E-6	244.000000E+0	-4.938000E+0	4.296279E+3	NaN	NaN
	01/12/2022 17:19:02	454.980000E-3	5.690000E-9	6.170000E-9	5.350000E-9	392.500000E-9	591.100000E-6	244.000000E+0	-5.163000E+0	4.296391E+3	NaN	NaN
	01/12/2022 17:19:09	454.980000E-3	5.690000E-9	6.150000E-9	5.363000E-9	392.500000E-9	575.070000E-6	244.000000E+0	-5.050000E+0	4.296279E+3	NaN	NaN
	01/12/2022 17:19:17	455.250000E-3	5.690000E-9	6.130000E-9	5.204000E-9	392.500000E-9	575.810000E-6	244.000000E+0	-5.050000E+0	4.296055E+3	NaN	NaN
	01/12/2022 17:19:24	454.930000E-3	5.690000E-9	6.140000E-9	5.254000E-9	392.500000E-9	586.900000E-6	244.000000E+0	-5.050000E+0	4.296279E+3	NaN	NaN
	01/12/2022 17:19:31	455.250000E-3	5.670000E-9	6.100000E-9	5.223000E-9	393.000000E-9	583.950000E-6	244.000000E+0	-4.938000E+0	4.295493E+3	NaN	NaN
	01/12/2022 17:19:38	455.100000E-3	5.680000E-9	6.090000E-9	5.173000E-9	393.400000E-9	576.790000E-6	244.000000E+0	-5.163000E+0	4.295269E+3	NaN	NaN
	01/12/2022 17:19:45	455.080000E-3	5.690000E-9	6.120000E-9	4.996000E-9	393.900000E-9	572.350000E-6	244.000000E+0	-5.163000E+0	4.295157E+3	NaN	NaN
	01/12/2022 17:19:53	455.100000E-3	5.690000E-9	6.170000E-9	5.261000E-9	393.900000E-9	572.350000E-6	244.000000E+0	-5.163000E+0	4.295045E+3	NaN	NaN
	01/12/2022 17:20:00	455.180000E-3	5.690000E-9	6.150000E-9	5.286000E-9	393.900000E-9	561.740000E-6	244.000000E+0	-5.163000E+0	4.295157E+3	NaN	NaN
	01/12/2022 17:20:07	455.000000E-3	5.690000E-9	6.130000E-9	4.996000E-9	393.900000E-9	580.250000E-6	244.000000E+0	-5.050000E+0	4.295045E+3	NaN	NaN
	01/12/2022 17:20:14	455.030000E-3	5.680000E-9	6.150000E-9	5.148000E-9	393.400000E-9	575.540000E-6	244.000000E+0	-5.050000E+0	4.294932E+3	NaN	NaN
	01/12/2022 17:20:21	454.950000E-3	5.700000E-9	6.130000E-9	5.343000E-9	393.400000E-9	589.370000E-6	244.000000E+0	-5.050000E+0	4.294820E+3	NaN	NaN
	01/12/2022 17:20:28	454.910000E-3	5.600000E-9	6.030000E-9	5.185000E-9	393.400000E-9	580.730000E-6	244.000000E+0	-5.050000E+0	4.294932E+3	NaN	NaN
	01/12/2022 17:20:36	454.980000E-3	5.390000E-9	5.830000E-9	5.038000E-9	393.400000E-9	578.760000E-6	244.000000E+0	-5.050000E+0	4.294932E+3	NaN	NaN
	01/12/2022 17:20:43	454.780000E-3	5.360000E-9	5.800000E-9	5.123000E-9	393.000000E-9	573.340000E-6	244.000000E+0	-5.163000E+0	4.294932E+3	NaN	NaN
	01/12/2022 17:20:50	455.550000E-3	5.360000E-9	5.760000E-9	5.123000E-9	393.000000E-9	578.020000E-6	244.000000E+0	-4.938000E+0	4.294932E+3	NaN	NaN
	01/12/2022 17:20:57	456.430000E-3	5.340000E-9	5.790000E-9	5.117000E-9	393.000000E-9	581.230000E-6	244.000000E+0	-5.050000E+0	4.294932E+3	NaN	NaN
	01/12/2022 17:21:04	455.280000E-3	5.340000E-9	5.830000E-9	4.996000E-9	393.000000E-9	589.850000E-6	244.000000E+0	-5.163000E+0	4.295045E+3	NaN	NaN
	01/12/2022 17:21:12	454.760000E-3	5.330000E-9	5.830000E-9	5.068000E-9	393.000000E-9	579.980000E-6	244.000000E+0	-5.163000E+0	4.294820E+3	NaN	NaN
	01/12/2022 17:21:19	454.910000E-3	5.310000E-9	5.800000E-9	4.996000E-9	392.500000E-9	582.700000E-6	244.000000E+0	-5.050000E+0	4.295045E+3	NaN	NaN
	01/12/2022 17:21:26	459.020000E-3	5.310000E-9	5.780000E-9	5.210000E-9	392.500000E-9	584.420000E-6	244.000000E+0	-5.163000E+0	4.294932E+3	NaN	NaN
	01/12/2022 17:21:33	455.370000E-3	5.310000E-9	5.760000E-9	5.105000E-9	392.500000E-9	600.700000E-6	244.000000E+0	-4.938000E+0	4.294932E+3	NaN	NaN
	01/12/2022 17:21:40	454.660000E-3	5.310000E-9	5.770000E-9	4.996000E-9	392.000000E-9	578.520000E-6	244.000000E+0	-5.387000E+0	4.295045E+3	NaN	NaN
	01/12/2022 17:21:48	455.220000E-3	5.290000E-9	5.760000E-9	4.996000E-9	392.500000E-9	597.510000E-6	244.000000E+0	-5.050000E+0	4.294820E+3	NaN	NaN
	01/12/2022 17:21:55	455.450000E-3	5.290000E-9	5.750000E-9	4.996000E-9	392.500000E-9	593.540000E-6	244.000000E+0	-5.050000E+0	4.294932E+3	NaN	NaN
	01/12/2022 17:22:02	455.620000E-3	5.280000E-9	5.740000E-9	5.032000E-9	392.500000E-9	594.290000E-6	244.000000E+0	-5.050000E+0	4.294820E+3	NaN	NaN
	01/12/2022 17:22:09	455.080000E-3	5.290000E-9	5.760000E-9	5.032000E-9	392.000000E-9	596.760000E-6	244.000000E+0	-5.163000E+0	4.294932E+3	NaN	NaN
	01/12/2022 17:22:16	454.760000E-3	5.280000E-9	5.750000E-9	4.996000E-9	392.500000E-9	584.660000E-6	244.000000E+0	-5.050000E+0	4.294932E+3	NaN	NaN
	01/12/2022 17:22:23	455.920000E-3	5.280000E-9	5.740000E-9	5.161000E-9	392.000000E-9	577.540000E-6	244.000000E+0	-5.050000E+0	4.295045E+3	NaN	NaN
	01/12/2022 17:22:31	455.370000E-3	5.270000E-9	5.700000E-9	4.996000E-9	392.000000E-9	614.020000E-6	244.000000E+0	-5.163000E+0	4.294932E+3	NaN	NaN
	01/12/2022 17:22:38	455.470000E-3	5.270000E-9	5.700000E-9	4.996000E-9	392.500000E-9	577.270000E-6	244.000000E+0	-5.163000E+0	4.294932E+3	NaN	NaN
	01/12/2022 17:22:45	455.500000E-3	5.270000E-9	5.760000E-9	4.996000E-9	392.000000E-9	580.730000E-6	244.000000E+0	-5.050000E+0	4.294932E+3	NaN	NaN
	01/12/2022 17:22:52	455.220000E-3	5.270000E-9	5.770000E-9	4.996000E-9	392.500000E-9	583.200000E-6	244.000000E+0	-5.050000E+0	4.294820E+3	NaN	NaN
	01/12/2022 17:22:59	454.910000E-3	5.270000E-9	5.770000E-9	4.996000E-9	392.500000E-9	583.200000E-6	244.000000E+0	-5.050000E+0	4.294820E+3	NaN	NaN
	01/12/2022 17:23:07	454.910000E-3	5.260000E-9	5.750000E-9	4.996000E-9	392.500000E-9	584.660000E-6	244.000000E+0	-5.050000E+0	4.294820E+3	NaN	NaN
	01/12/2022 17:23:14	454.730000E-3	5.260000E-9	5.740000E-9	5.185000E-9	392.000000E-9	581.230000E-6	244.000000E+0	-5.050000E+0	4.294932E+3	NaN	NaN
	01/12/2022 17:23:21	455.350000E-3	5.270000E-9	5.760000E-9	4.996000E-9	392.000000E-9	578.760000E-6	244.000000E+0	-5.050000E+0	4.294708E+3	NaN	NaN
	01/12/2022 17:23:28	454.660000E-3	5.260000E-9	5.760000E-9	4.996000E-9	392.000000E-9	590.350000E-6	244.000000E+0	-4.938000E+0	4.294820E+3	NaN	NaN
	01/12/2022 17:23:35	455.550000E-3	5.260000E-9	5.760000E-9	5.105000E-9	392.000000E-9	579.510000E-6	244.000000E+0	-5.050000E+0	4.294708E+3	NaN	NaN
	01/12/2022 17:23:43	455.350000E-3	5.260000E-9	5.740000E-9	4.996000E-9	392.000000E-9	589.610000E-6	244.000000E+0	-4.938000E+0	4.294708E+3	NaN	NaN
	01/12/2022 17:23:50	454.660000E-3	5.250000E-9	5.750000E-9	4.996000E-9	392.000000E-9	580.970000E-6	243.000000E+0	-5.050000E+0	4.294596E+3	NaN	NaN
	01/12/2022 17:23:57	455.740000E-3	5.250000E-9	5.750000E-9	4.996000E-9	392.000000E-9	581.950000E-6	243.000000E+0	-5.163000E+0	4.294932E+3	NaN	NaN
	01/12/2022 17:24:04	455.130000E-3	5.250000E-9	5.760000E-9	4.996000E-9	392.000000E-9	562.730000E-6	243.000000E+0	-5.163000E+0	4.294708E+3	NaN	NaN
	01/12/2022 17:24:11	454.580000E-3	5.250000E-9	5.740000E-9	4.996000E-9	392.000000E-9	592.320000E-6	243.000000E+0	-5.050000E+0	4.294820E+3	NaN	NaN
	01/12/2022 17:24:18	455.180000E-3	5.240000E-9	5.720000E-9	4.996000E-9	391.500000E-9	576.790000E-6	244.000000E+0	-5.050000E+0	4.294820E+3	NaN	NaN
	01/12/2022 17:24:26	454.950000E-3	5.240000E-9	5.720000E-9	4.996000E-9	391.500000E-9	577.540000E-6	243.000000E+0	-5.163000E+0	4.294820E+3	NaN	NaN
	01/12/2022 17:24:33	455.080000E-3	5.240000E-9	5.700000E-9	4.996000E-9	391.500000E-9	579.510000E-6	243.000000E+0	-5.050000E+0	4.294820E+3	NaN	NaN
	01/12/2022 17:24:40	454.710000E-3	5.240000E-9	5.700000E-9	4.996000E-9	391.500000E-9	568.660000E-6	243.000000E+0	-5.050000E+0	4.294708E+3	NaN	NaN
	01/12/2022 17:24:47	454.580000E-3	5.230000E-9	5.710000E-9	4.996000E-9	391.100000E-9	581.470000E-6	243.000000E+0	-5.163000E+0	4.294708E+3	NaN	NaN
	01/12/2022 17:24:54	454.980000E-3	5.240000E-9	5.690000E-9	5.044000E-9	392.000000E-9	577.540000E-6	243.000000E+0	-5.163000E+0	4.294820E+3	NaN	NaN
	01/12/2022 17:25:02	455.000000E-3	5.240000E-9	5.690000E-9	4.996000E-9	391.500000E-9	577.030000E-6	243.000000E+0	-5.163000E+0	4.294820E+3	NaN	NaN
	01/12/2022 17:25:09	455.050000E-3	5.240000E-9	5.670000E-9	5.123000E-9	391.500000E-9	574.830000E-6	243.000000E+0	-5.050000E+0	4.294820E+3	NaN	NaN
	01/12/2022 17:25:16	454.730000E-3	5.230000E-9	5.670000E-9	5.014000E-9	391.100000E-9	575.070000E-6	244.000000E+0	-5.050000E+0	4.294932E+3	NaN	NaN
	01/12/2022 17:25:23	455.590000E-3	5.230000E-9	5.680000E-9	4.996000E-9	391.100000E-9	576.290000E-6	243.000000E+0	-5.050000E+0	4.294820E+3	NaN	NaN
	01/12/2022 17:25:30	454.710000E-3	5.230000E-9	5.680000E-9	5.068000E-9	391.500000E-9	579.740000E-6	243.000000E+0	-5.050000E+0	4.294708E+3	NaN	NaN
	01/12/2022 17:25:37	455.220000E-3	5.230000E-9	5.700000E-9	4.996000E-9	391.500000E-9	580.250000E-6	243.000000E+0	-5.387000E+0	4.294820E+3	NaN	NaN
	01/12/2022 17:25:44	454.880000E-3	5.230000E-9	5.680000E-9	5.130000E-9	391.100000E-9	579.740000E-6	243.000000E+0	-5.163000E+0	4.294932E+3	NaN	NaN
	01/12/2022 17:25:52	454.310000E-3	5.220000E-9	5.690000E-9	5.136000E-9	391.100000E-9	575.300000E-6	243.000000E+0	-5.050000E+0	4.295045E+3	NaN	NaN
	01/12/2022 17:25:59	455.200000E-3	5.230000E-9	5.710000E-9	5.142000E-9	391.100000E-9	581.470000E-6	243.000000E+0	-5.050000E+0	4.294820E+3	NaN	NaN
	01/12/2022 17:26:06	455.400000E-3	5.220000E-9	5.710000E-9	5.056000E-9	391.100000E-9	592.080000E-6	243.000000E+0	-5.163000E+0	4.294932E+3	NaN	NaN
	01/12/2022 17:26:13	455.220000E-3	5.220000E-9	5.680000E-9	4.996000E-9	391.100000E-9	578.250000E-6	243.000000E+0	-4.938000E+0	4.294820E+3	NaN	NaN
	01/12/2022 17:26:20	454.880000E-3	5.220000E-9	5.640000E-9	5.123000E-9	391.100000E-9	578.520000E-6	243.000000E+0	-4.826000E+0	4.294820E+3	NaN	NaN
	01/12/2022 17:26:27	455.030000E-3	5.220000E-9	5.640000E-9	5.062000E-9	391.100000E-9	580.490000E-6	243.000000E+0	-5.163000E+0	4.294820E+3	NaN	NaN
	01/12/2022 17:26:35	455.550000E-3	5.220000E-9	5.640000E-9	5.014000E-9	391.100000E-9	588.120000E-6	243.000000E+0	-4.938000E+0	4.294708E+3	NaN	NaN
	01/12/2022 17:26:42	454.910000E-3	5.220000E-9	5.640000E-9	5.136000E-9	391.100000E-9	571.370000E-6	243.000000E+0	-5.050000E+0	4.294820E+3	NaN	NaN
	01/12/2022 17:26:49	455.590000E-3	5.220000E-9	5.630000E-9	4.996000E-9	391.100000E-9	579.740000E-6	243.000000E+0	-5.050000E+0	4.295045E+3	NaN	NaN
	01/12/2022 17:26:56	454.760000E-3	5.210000E-9	5.620000E-9	5.056000E-9	391.100000E-9	577.030000E-6	243.000000E+0	-4.938000E+0	4.294820E+3	NaN	NaN
	01/12/2022 17:27:03	455.690000E-3	5.210000E-9	5.630000E-9	4.996000E-9	391.100000E-9	577.780000E-6	243.000000E+0	-5.163000E+0	4.294932E+3	NaN	NaN
	01/12/2022 17:27:10	455.300000E-3	5.210000E-9	5.620000E-9	4.996000E-9	391.100000E-9	582.960000E-6	243.000000E+0	-5.050000E+0	4.294708E+3	NaN	NaN
	01/12/2022 17:27:18	455.100000E-3	5.210000E-9	5.620000E-9	4.996000E-9	391.100000E-9	586.660000E-6	243.000000E+0	-5.163000E+0	4.294820E+3	NaN	NaN
	01/12/2022 17:27:25	455.080000E-3	5.210000E-9	5.630000E-9	5.093000E-9	391.100000E-9	580.730000E-6	243.000000E+0	-5.275000E+0	4.294820E+3	NaN	NaN
	01/12/2022 17:27:32	455.030000E-3	5.200000E-9	5.640000E-9	4.996000E-9	391.100000E-9	583.440000E-6	243.000000E+0	-5.050000E+0	4.294820E+3	NaN	NaN
	01/12/2022 17:27:39	455.100000E-3	5.200000E-9	5.650000E-9	4.996000E-9	391.100000E-9	579.000000E-6	243.000000E+0	-5.050000E+0	4.294820E+3	NaN	NaN
	01/12/2022 17:27:46	455.200000E-3	5.200000E-9	5.650000E-9	5.068000E-9	391.100000E-9	564.690000E-6	243.000000E+0	-5.163000E+0	4.294708E+3	NaN	NaN
	01/12/2022 17:27:54	455.770000E-3	5.190000E-9	5.660000E-9	5.050000E-9	391.100000E-9	581.470000E-6	243.000000E+0	-5.050000E+0	4.294932E+3	NaN	NaN
	01/12/2022 17:28:01	455.450000E-3	5.210000E-9	5.650000E-9	4.996000E-9	391.100000E-9	585.910000E-6	243.000000E+0	-5.163000E+0	4.294708E+3	NaN	NaN
	01/12/2022 17:28:08	455.470000E-3	5.200000E-9	5.650000E-9	5.123000E-9	390.600000E-9	577.030000E-6	243.000000E+0	-5.050000E+0	4.294932E+3	NaN	NaN
	01/12/2022 17:28:15	455.050000E-3	5.190000E-9	5.660000E-9	4.996000E-9	391.100000E-9	577.780000E-6	243.000000E+0	-5.163000E+0	4.294932E+3	NaN	NaN
	01/12/2022 17:28:22	454.730000E-3	5.190000E-9	5.660000E-9	4.996000E-9	390.600000E-9	597.980000E-6	243.000000E+0	-5.050000E+0	4.294932E+3	NaN	NaN
	01/12/2022 17:28:29	455.150000E-3	5.190000E-9	5.660000E-9	4.996000E-9	390.600000E-9	579.240000E-6	243.000000E+0	-5.163000E+0	4.294932E+3	NaN	NaN
	01/12/2022 17:28:37	455.000000E-3	5.200000E-9	5.670000E-9	4.996000E-9	390.600000E-9	600.220000E-6	243.000000E+0	-5.275000E+0	4.294932E+3	NaN	NaN
	01/12/2022 17:28:44	454.810000E-3	5.200000E-9	5.660000E-9	4.996000E-9	390.600000E-9	585.410000E-6	243.000000E+0	-5.163000E+0	4.295045E+3	NaN	NaN
	01/12/2022 17:28:51	455.520000E-3	5.200000E-9	5.650000E-9	4.996000E-9	390.600000E-9	564.460000E-6	243.000000E+0	-5.050000E+0	4.294820E+3	NaN	NaN
	01/12/2022 17:28:58	456.140000E-3	5.190000E-9	5.640000E-9	4.996000E-9	391.100000E-9	570.630000E-6	243.000000E+0	-5.050000E+0	4.295045E+3	NaN	NaN
	01/12/2022 17:29:05	455.030000E-3	5.200000E-9	5.650000E-9	4.996000E-9	390.600000E-9	583.950000E-6	243.000000E+0	-5.050000E+0	4.294932E+3	NaN	NaN
	01/12/2022 17:29:12	454.950000E-3	5.190000E-9	5.630000E-9	4.996000E-9	390.600000E-9	569.370000E-6	243.000000E+0	-5.163000E+0	4.294932E+3	NaN	NaN
	01/12/2022 17:29:20	455.370000E-3	5.200000E-9	5.640000E-9	4.996000E-9	390.600000E-9	581.710000E-6	243.000000E+0	-5.275000E+0	4.294932E+3	NaN	NaN
	01/12/2022 17:29:27	455.050000E-3	5.190000E-9	5.650000E-9	5.117000E-9	390.600000E-9	573.100000E-6	243.000000E+0	-4.938000E+0	4.295045E+3	NaN	NaN
	01/12/2022 17:29:34	455.100000E-3	5.180000E-9	5.660000E-9	4.996000E-9	390.600000E-9	569.370000E-6	243.000000E+0	-5.050000E+0	4.295157E+3	NaN	NaN
	01/12/2022 17:29:41	455.890000E-3	5.190000E-9	5.660000E-9	4.996000E-9	390.600000E-9	575.540000E-6	243.000000E+0	-5.163000E+0	4.294932E+3	NaN	NaN
	01/12/2022 17:29:48	455.220000E-3	5.190000E-9	5.640000E-9	4.996000E-9	390.600000E-9	572.590000E-6	243.000000E+0	-4.938000E+0	4.294932E+3	NaN	NaN
	01/12/2022 17:29:55	455.420000E-3	5.190000E-9	5.630000E-9	4.996000E-9	390.100000E-9	586.660000E-6	243.000000E+0	-5.163000E+0	4.295045E+3	NaN	NaN
	01/12/2022 17:30:03	455.030000E-3	5.180000E-9	5.640000E-9	4.996000E-9	390.100000E-9	566.930000E-6	243.000000E+0	-5.050000E+0	4.294932E+3	NaN	NaN
	01/12/2022 17:30:10	455.050000E-3	5.180000E-9	5.620000E-9	4.996000E-9	390.600000E-9	590.830000E-6	243.000000E+0	-5.163000E+0	4.295045E+3	NaN	NaN
	01/12/2022 17:30:17	454.830000E-3	5.190000E-9	5.610000E-9	4.996000E-9	390.100000E-9	594.790000E-6	243.000000E+0	-4.938000E+0	4.295045E+3	NaN	NaN
	01/12/2022 17:30:24	454.910000E-3	5.190000E-9	5.660000E-9	4.996000E-9	390.100000E-9	582.960000E-6	243.000000E+0	-5.050000E+0	4.295045E+3	NaN	NaN
	01/12/2022 17:30:31	455.400000E-3	5.190000E-9	5.670000E-9	4.996000E-9	390.100000E-9	595.510000E-6	243.000000E+0	-5.050000E+0	4.295045E+3	NaN	NaN
	01/12/2022 17:30:38	454.850000E-3	5.180000E-9	5.640000E-9	5.032000E-9	390.100000E-9	593.540000E-6	243.000000E+0	-5.050000E+0	4.295045E+3	NaN	NaN
	01/12/2022 17:30:46	454.760000E-3	5.180000E-9	5.630000E-9	4.996000E-9	426.900000E-9	577.780000E-6	243.000000E+0	-5.163000E+0	4.294932E+3	NaN	NaN
	01/12/2022 17:30:53	455.030000E-3	5.180000E-9	5.630000E-9	4.996000E-9	395.800000E-9	576.530000E-6	243.000000E+0	-5.050000E+0	4.294932E+3	NaN	NaN
	01/12/2022 17:31:00	454.880000E-3	5.170000E-9	5.600000E-9	4.996000E-9	392.500000E-9	582.960000E-6	243.000000E+0	-5.163000E+0	4.295045E+3	NaN	NaN
	01/12/2022 17:31:07	455.300000E-3	5.180000E-9	5.580000E-9	5.111000E-9	392.000000E-9	584.660000E-6	243.000000E+0	-5.050000E+0	4.295045E+3	NaN	NaN
	01/12/2022 17:31:14	455.220000E-3	5.170000E-9	5.600000E-9	4.996000E-9	391.100000E-9	585.170000E-6	243.000000E+0	-5.163000E+0	4.294932E+3	NaN	NaN
	01/12/2022 17:31:22	455.050000E-3	5.180000E-9	5.620000E-9	5.026000E-9	391.100000E-9	580.250000E-6	243.000000E+0	-5.050000E+0	4.295157E+3	NaN	NaN
	01/12/2022 17:31:29	454.980000E-3	5.170000E-9	5.640000E-9	4.996000E-9	390.600000E-9	574.560000E-6	243.000000E+0	-5.163000E+0	4.295157E+3	NaN	NaN
	01/12/2022 17:31:36	454.910000E-3	5.190000E-9	5.670000E-9	4.996000E-9	390.600000E-9	578.250000E-6	243.000000E+0	-5.163000E+0	4.295157E+3	NaN	NaN
	01/12/2022 17:31:43	454.880000E-3	5.180000E-9	5.640000E-9	4.996000E-9	390.100000E-9	579.980000E-6	243.000000E+0	-5.050000E+0	4.294932E+3	NaN	NaN
	01/12/2022 17:31:50	454.710000E-3	5.180000E-9	5.630000E-9	4.996000E-9	390.100000E-9	575.300000E-6	243.000000E+0	-5.163000E+0	4.295157E+3	NaN	NaN
	01/12/2022 17:31:58	455.500000E-3	5.190000E-9	5.630000E-9	4.996000E-9	390.100000E-9	573.580000E-6	243.000000E+0	-5.050000E+0	4.295157E+3	NaN	NaN
	01/12/2022 17:32:05	454.710000E-3	5.180000E-9	5.580000E-9	4.996000E-9	390.100000E-9	576.290000E-6	243.000000E+0	-4.938000E+0	4.295045E+3	NaN	NaN
	01/12/2022 17:32:12	455.350000E-3	5.170000E-9	5.590000E-9	4.996000E-9	389.600000E-9	577.540000E-6	243.000000E+0	-5.050000E+0	4.295157E+3	NaN	NaN
	01/12/2022 17:32:19	454.880000E-3	5.170000E-9	5.620000E-9	5.081000E-9	389.600000E-9	584.660000E-6	243.000000E+0	-5.163000E+0	4.295045E+3	NaN	NaN
	01/12/2022 17:32:26	454.910000E-3	5.170000E-9	5.650000E-9	5.008000E-9	389.600000E-9	583.440000E-6	243.000000E+0	-5.275000E+0	4.294932E+3	NaN	NaN
	01/12/2022 17:32:34	455.080000E-3	5.160000E-9	5.620000E-9	4.996000E-9	389.600000E-9	582.460000E-6	243.000000E+0	-5.163000E+0	4.295269E+3	NaN	NaN
	01/12/2022 17:32:41	455.820000E-3	5.170000E-9	5.600000E-9	4.996000E-9	389.600000E-9	580.730000E-6	243.000000E+0	-5.050000E+0	4.294932E+3	NaN	NaN
	01/12/2022 17:32:48	455.350000E-3	5.170000E-9	5.620000E-9	4.996000E-9	389.600000E-9	583.680000E-6	243.000000E+0	-5.163000E+0	4.295045E+3	NaN	NaN
	01/12/2022 17:32:55	455.470000E-3	5.160000E-9	5.570000E-9	4.996000E-9	389.600000E-9	585.910000E-6	243.000000E+0	-5.050000E+0	4.295045E+3	NaN	NaN
	01/12/2022 17:33:02	455.130000E-3	5.170000E-9	5.620000E-9	4.996000E-9	389.600000E-9	582.700000E-6	243.000000E+0	-5.050000E+0	4.295045E+3	NaN	NaN
	01/12/2022 17:33:09	455.550000E-3	5.160000E-9	5.650000E-9	4.996000E-9	389.600000E-9	581.470000E-6	243.000000E+0	-5.163000E+0	4.295157E+3	NaN	NaN
	01/12/2022 17:33:17	454.980000E-3	5.160000E-9	5.600000E-9	4.996000E-9	389.600000E-9	579.240000E-6	243.000000E+0	-5.163000E+0	4.295157E+3	NaN	NaN
	01/12/2022 17:33:24	454.850000E-3	5.180000E-9	5.630000E-9	4.996000E-9	389.600000E-9	573.340000E-6	243.000000E+0	-5.050000E+0	4.295269E+3	NaN	NaN
	01/12/2022 17:33:31	455.150000E-3	5.170000E-9	5.580000E-9	5.032000E-9	389.600000E-9	586.390000E-6	243.000000E+0	-5.050000E+0	4.295045E+3	NaN	NaN
	01/12/2022 17:33:38	454.880000E-3	5.160000E-9	5.600000E-9	5.099000E-9	389.600000E-9	579.240000E-6	243.000000E+0	-5.163000E+0	4.295045E+3	NaN	NaN
	01/12/2022 17:33:45	455.030000E-3	5.160000E-9	5.650000E-9	4.996000E-9	389.200000E-9	563.710000E-6	243.000000E+0	-5.163000E+0	4.295157E+3	NaN	NaN
	01/12/2022 17:33:53	455.470000E-3	5.170000E-9	5.620000E-9	4.996000E-9	389.200000E-9	588.120000E-6	242.000000E+0	-5.050000E+0	4.295381E+3	NaN	NaN
	01/12/2022 17:34:00	455.050000E-3	5.160000E-9	5.610000E-9	5.068000E-9	389.200000E-9	587.140000E-6	243.000000E+0	-5.163000E+0	4.295157E+3	NaN	NaN
	01/12/2022 17:34:07	455.280000E-3	5.160000E-9	5.620000E-9	5.105000E-9	389.600000E-9	581.950000E-6	243.000000E+0	-5.050000E+0	4.295157E+3	NaN	NaN
	01/12/2022 17:34:14	455.130000E-3	5.160000E-9	5.580000E-9	5.105000E-9	389.200000E-9	581.230000E-6	243.000000E+0	-5.275000E+0	4.295157E+3	NaN	NaN
	01/12/2022 17:34:21	455.050000E-3	5.150000E-9	5.560000E-9	4.996000E-9	389.200000E-9	588.390000E-6	243.000000E+0	-5.163000E+0	4.295269E+3	NaN	NaN
	01/12/2022 17:34:28	455.320000E-3	5.160000E-9	5.630000E-9	4.996000E-9	389.200000E-9	583.440000E-6	242.000000E+0	-5.163000E+0	4.295045E+3	NaN	NaN
	01/12/2022 17:34:36	455.280000E-3	5.160000E-9	5.640000E-9	4.996000E-9	389.200000E-9	582.960000E-6	242.000000E+0	-5.163000E+0	4.295045E+3	NaN	NaN
	01/12/2022 17:34:43	455.130000E-3	5.150000E-9	5.590000E-9	4.996000E-9	389.200000E-9	582.700000E-6	243.000000E+0	-4.938000E+0	4.295045E+3	NaN	NaN
	01/12/2022 17:34:50	455.350000E-3	5.150000E-9	5.600000E-9	4.996000E-9	389.200000E-9	580.970000E-6	243.000000E+0	-5.163000E+0	4.295157E+3	NaN	NaN
	01/12/2022 17:34:57	455.670000E-3	5.150000E-9	5.590000E-9	4.996000E-9	389.200000E-9	572.090000E-6	243.000000E+0	-5.050000E+0	4.295157E+3	NaN	NaN
	01/12/2022 17:35:04	454.560000E-3	5.150000E-9	5.560000E-9	5.020000E-9	389.200000E-9	576.050000E-6	243.000000E+0	-5.050000E+0	4.295157E+3	NaN	NaN
	01/12/2022 17:35:12	455.100000E-3	5.150000E-9	5.600000E-9	4.996000E-9	389.200000E-9	579.240000E-6	243.000000E+0	-5.050000E+0	4.295157E+3	NaN	NaN
	01/12/2022 17:35:19	455.250000E-3	5.150000E-9	5.630000E-9	5.056000E-9	388.700000E-9	577.030000E-6	243.000000E+0	-5.163000E+0	4.295045E+3	NaN	NaN
	01/12/2022 17:35:26	454.760000E-3	5.140000E-9	5.600000E-9	4.996000E-9	389.200000E-9	579.740000E-6	242.000000E+0	-5.050000E+0	4.295157E+3	NaN	NaN
	01/12/2022 17:35:33	454.760000E-3	5.160000E-9	5.580000E-9	5.081000E-9	388.700000E-9	581.950000E-6	242.000000E+0	-5.050000E+0	4.295157E+3	NaN	NaN
	01/12/2022 17:35:40	455.670000E-3	5.160000E-9	5.600000E-9	4.996000E-9	388.700000E-9	592.800000E-6	243.000000E+0	-5.050000E+0	4.295157E+3	NaN	NaN
	01/12/2022 17:35:47	455.420000E-3	5.150000E-9	5.560000E-9	5.032000E-9	388.700000E-9	583.440000E-6	242.000000E+0	-5.163000E+0	4.295045E+3	NaN	NaN
	01/12/2022 17:35:55	454.880000E-3	5.150000E-9	5.560000E-9	4.996000E-9	388.700000E-9	600.460000E-6	242.000000E+0	-5.163000E+0	4.295157E+3	NaN	NaN
	01/12/2022 17:36:02	455.150000E-3	5.150000E-9	5.630000E-9	4.996000E-9	388.700000E-9	580.250000E-6	242.000000E+0	-5.275000E+0	4.295157E+3	NaN	NaN
	01/12/2022 17:36:09	455.300000E-3	5.160000E-9	5.600000E-9	4.996000E-9	388.300000E-9	579.740000E-6	242.000000E+0	-5.163000E+0	4.295157E+3	NaN	NaN
	01/12/2022 17:36:16	455.280000E-3	5.150000E-9	5.590000E-9	4.996000E-9	388.300000E-9	583.680000E-6	242.000000E+0	-4.938000E+0	4.295157E+3	NaN	NaN
	01/12/2022 17:36:23	455.100000E-3	5.150000E-9	5.600000E-9	4.996000E-9	388.700000E-9	574.080000E-6	243.000000E+0	-4.938000E+0	4.295157E+3	NaN	NaN
	01/12/2022 17:36:31	454.760000E-3	5.140000E-9	5.580000E-9	5.056000E-9	388.700000E-9	586.660000E-6	242.000000E+0	-5.050000E+0	4.295157E+3	NaN	NaN
	01/12/2022 17:36:38	455.150000E-3	5.150000E-9	5.540000E-9	4.996000E-9	388.700000E-9	591.580000E-6	242.000000E+0	-4.938000E+0	4.295381E+3	NaN	NaN
	01/12/2022 17:36:45	455.570000E-3	5.150000E-9	5.580000E-9	4.996000E-9	388.700000E-9	581.950000E-6	242.000000E+0	-5.163000E+0	4.295157E+3	NaN	NaN
	01/12/2022 17:36:52	454.930000E-3	5.140000E-9	5.610000E-9	4.996000E-9	388.300000E-9	566.180000E-6	242.000000E+0	-5.050000E+0	4.295269E+3	NaN	NaN
	01/12/2022 17:36:59	454.780000E-3	5.150000E-9	5.620000E-9	4.996000E-9	388.300000E-9	605.370000E-6	242.000000E+0	-5.163000E+0	4.295157E+3	NaN	NaN
	01/12/2022 17:37:06	454.830000E-3	5.140000E-9	5.620000E-9	4.996000E-9	388.300000E-9	580.970000E-6	242.000000E+0	-5.163000E+0	4.295157E+3	NaN	NaN
	01/12/2022 17:37:14	455.420000E-3	5.150000E-9	5.570000E-9	4.996000E-9	388.300000E-9	581.230000E-6	242.000000E+0	-5.050000E+0	4.295157E+3	NaN	NaN
	01/12/2022 17:37:21	455.350000E-3	5.140000E-9	5.590000E-9	5.056000E-9	388.300000E-9	584.930000E-6	242.000000E+0	-5.050000E+0	4.295269E+3	NaN	NaN
	01/12/2022 17:37:28	455.200000E-3	5.150000E-9	5.590000E-9	4.996000E-9	388.700000E-9	579.240000E-6	242.000000E+0	-5.050000E+0	4.295269E+3	NaN	NaN
	01/12/2022 17:37:35	455.180000E-3	5.130000E-9	5.570000E-9	4.996000E-9	388.300000E-9	584.660000E-6	242.000000E+0	-5.163000E+0	4.295269E+3	NaN	NaN
	01/12/2022 17:37:42	455.000000E-3	5.130000E-9	5.550000E-9	4.996000E-9	387.800000E-9	582.960000E-6	242.000000E+0	-5.275000E+0	4.295157E+3	NaN	NaN
	01/12/2022 17:37:50	454.950000E-3	5.130000E-9	5.560000E-9	4.996000E-9	388.300000E-9	571.610000E-6	242.000000E+0	-5.163000E+0	4.295045E+3	NaN	NaN
	01/12/2022 17:37:57	455.030000E-3	5.130000E-9	5.530000E-9	5.081000E-9	388.300000E-9	580.970000E-6	242.000000E+0	-5.050000E+0	4.295157E+3	NaN	NaN
	01/12/2022 17:38:04	454.980000E-3	5.140000E-9	5.540000E-9	4.996000E-9	387.800000E-9	581.470000E-6	242.000000E+0	-5.050000E+0	4.295157E+3	NaN	NaN
	01/12/2022 17:38:11	458.880000E-3	5.130000E-9	5.590000E-9	4.996000E-9	387.800000E-9	577.030000E-6	242.000000E+0	-5.163000E+0	4.295269E+3	NaN	NaN
	01/12/2022 17:38:18	455.280000E-3	5.130000E-9	5.610000E-9	4.996000E-9	387.800000E-9	570.860000E-6	242.000000E+0	-4.938000E+0	4.295493E+3	NaN	NaN
	01/12/2022 17:38:25	455.150000E-3	5.130000E-9	5.600000E-9	4.996000E-9	388.300000E-9	584.420000E-6	242.000000E+0	-5.163000E+0	4.295157E+3	NaN	NaN
	01/12/2022 17:38:33	454.980000E-3	5.130000E-9	5.600000E-9	5.008000E-9	387.800000E-9	573.580000E-6	242.000000E+0	-5.050000E+0	4.295157E+3	NaN	NaN
	01/12/2022 17:38:40	455.280000E-3	5.130000E-9	5.570000E-9	4.996000E-9	388.300000E-9	591.810000E-6	242.000000E+0	-5.163000E+0	4.295157E+3	NaN	NaN
	01/12/2022 17:38:47	455.130000E-3	5.130000E-9	5.560000E-9	4.996000E-9	387.300000E-9	565.950000E-6	242.000000E+0	-5.050000E+0	4.295381E+3	NaN	NaN
	01/12/2022 17:38:54	455.150000E-3	5.130000E-9	5.580000E-9	5.020000E-9	387.300000E-9	582.460000E-6	242.000000E+0	-4.938000E+0	4.295381E+3	NaN	NaN
	01/12/2022 17:39:01	455.050000E-3	5.130000E-9	5.560000E-9	5.014000E-9	387.300000E-9	583.680000E-6	242.000000E+0	-5.275000E+0	4.295269E+3	NaN	NaN
	01/12/2022 17:39:09	455.320000E-3	5.130000E-9	5.580000E-9	5.044000E-9	387.300000E-9	564.690000E-6	242.000000E+0	-4.938000E+0	4.295269E+3	NaN	NaN
	01/12/2022 17:39:16	454.710000E-3	5.130000E-9	5.540000E-9	4.996000E-9	386.900000E-9	576.790000E-6	242.000000E+0	-5.163000E+0	4.295381E+3	NaN	NaN
	01/12/2022 17:39:23	454.880000E-3	5.130000E-9	5.530000E-9	4.996000E-9	387.300000E-9	582.460000E-6	242.000000E+0	-5.050000E+0	4.295381E+3	NaN	NaN
	01/12/2022 17:39:30	455.640000E-3	5.130000E-9	5.570000E-9	4.996000E-9	387.800000E-9	570.860000E-6	242.000000E+0	-5.050000E+0	4.295381E+3	NaN	NaN
	01/12/2022 17:39:37	454.980000E-3	5.130000E-9	5.610000E-9	4.996000E-9	387.300000E-9	578.760000E-6	242.000000E+0	-4.938000E+0	4.295381E+3	NaN	NaN
	01/12/2022 17:39:45	455.420000E-3	5.130000E-9	5.590000E-9	4.996000E-9	387.800000E-9	570.630000E-6	242.000000E+0	-5.163000E+0	4.295269E+3	NaN	NaN
	01/12/2022 17:39:52	454.730000E-3	5.130000E-9	5.570000E-9	4.996000E-9	388.300000E-9	575.300000E-6	242.000000E+0	-5.163000E+0	4.295493E+3	NaN	NaN
	01/12/2022 17:39:59	454.850000E-3	5.120000E-9	5.570000E-9	4.996000E-9	387.300000E-9	581.230000E-6	242.000000E+0	-5.163000E+0	4.295269E+3	NaN	NaN
	01/12/2022 17:40:06	455.450000E-3	5.120000E-9	5.570000E-9	4.996000E-9	387.300000E-9	576.290000E-6	242.000000E+0	-4.826000E+0	4.295269E+3	NaN	NaN
	01/12/2022 17:40:13	454.880000E-3	5.120000E-9	5.570000E-9	5.062000E-9	387.300000E-9	579.980000E-6	242.000000E+0	-5.050000E+0	4.295269E+3	NaN	NaN
	01/12/2022 17:40:20	455.150000E-3	5.130000E-9	5.570000E-9	4.996000E-9	388.700000E-9	578.520000E-6	242.000000E+0	-5.163000E+0	4.295045E+3	NaN	NaN
	01/12/2022 17:40:28	455.150000E-3	5.120000E-9	5.560000E-9	4.996000E-9	388.700000E-9	598.970000E-6	242.000000E+0	-5.163000E+0	4.294932E+3	NaN	NaN
	01/12/2022 17:40:35	455.150000E-3	5.110000E-9	5.570000E-9	4.996000E-9	388.700000E-9	580.490000E-6	242.000000E+0	-5.050000E+0	4.294932E+3	NaN	NaN
	01/12/2022 17:40:42	455.470000E-3	5.110000E-9	5.550000E-9	4.996000E-9	388.700000E-9	572.350000E-6	242.000000E+0	-5.050000E+0	4.295045E+3	NaN	NaN
	01/12/2022 17:40:49	454.910000E-3	5.110000E-9	5.550000E-9	4.996000E-9	388.700000E-9	547.950000E-6	242.000000E+0	-5.163000E+0	4.294820E+3	NaN	NaN
	01/12/2022 17:40:56	454.880000E-3	5.120000E-9	5.540000E-9	5.002000E-9	388.700000E-9	564.960000E-6	242.000000E+0	-5.163000E+0	4.294820E+3	NaN	NaN
	01/12/2022 17:41:04	455.350000E-3	5.110000E-9	5.540000E-9	4.996000E-9	388.700000E-9	577.030000E-6	242.000000E+0	-5.163000E+0	4.294596E+3	NaN	NaN
	01/12/2022 17:41:11	455.520000E-3	5.110000E-9	5.530000E-9	4.996000E-9	388.700000E-9	583.440000E-6	242.000000E+0	-5.050000E+0	4.294708E+3	NaN	NaN
	01/12/2022 17:41:18	455.080000E-3	5.110000E-9	5.520000E-9	4.996000E-9	388.700000E-9	575.300000E-6	242.000000E+0	-5.050000E+0	4.294596E+3	NaN	NaN
	01/12/2022 17:41:25	454.850000E-3	5.140000E-9	5.550000E-9	4.996000E-9	388.700000E-9	583.200000E-6	242.000000E+0	-5.050000E+0	4.294596E+3	NaN	NaN
	01/12/2022 17:41:32	455.220000E-3	5.460000E-9	5.860000E-9	4.996000E-9	388.300000E-9	574.080000E-6	242.000000E+0	-5.050000E+0	4.294708E+3	NaN	NaN
	01/12/2022 17:41:39	455.280000E-3	5.490000E-9	5.920000E-9	5.093000E-9	388.300000E-9	584.420000E-6	242.000000E+0	-5.275000E+0	4.294820E+3	NaN	NaN
	01/12/2022 17:41:47	454.930000E-3	5.500000E-9	5.940000E-9	5.154000E-9	387.300000E-9	580.970000E-6	242.000000E+0	-4.938000E+0	4.294708E+3	NaN	NaN
	01/12/2022 17:41:54	454.930000E-3	5.510000E-9	5.940000E-9	4.996000E-9	387.300000E-9	586.150000E-6	242.000000E+0	-5.050000E+0	4.294483E+3	NaN	NaN
	01/12/2022 17:42:01	455.100000E-3	5.520000E-9	5.950000E-9	4.996000E-9	387.300000E-9	583.440000E-6	242.000000E+0	-5.163000E+0	4.294708E+3	NaN	NaN
	01/12/2022 17:42:08	454.930000E-3	5.520000E-9	5.920000E-9	5.198000E-9	387.300000E-9	581.710000E-6	242.000000E+0	-5.387000E+0	4.294708E+3	NaN	NaN
	01/12/2022 17:42:15	454.980000E-3	5.530000E-9	5.930000E-9	5.267000E-9	387.300000E-9	574.560000E-6	242.000000E+0	-5.050000E+0	4.294483E+3	NaN	NaN
	01/12/2022 17:42:22	455.080000E-3	5.530000E-9	5.930000E-9	4.996000E-9	386.900000E-9	580.970000E-6	242.000000E+0	-5.050000E+0	4.294708E+3	NaN	NaN
	01/12/2022 17:42:30	454.910000E-3	5.520000E-9	5.930000E-9	4.996000E-9	386.900000E-9	571.370000E-6	242.000000E+0	-5.163000E+0	4.294708E+3	NaN	NaN
	01/12/2022 17:42:37	455.450000E-3	5.530000E-9	5.940000E-9	5.044000E-9	386.900000E-9	605.640000E-6	242.000000E+0	-5.163000E+0	4.294596E+3	NaN	NaN
	01/12/2022 17:42:44	455.200000E-3	5.540000E-9	5.940000E-9	4.996000E-9	387.800000E-9	582.220000E-6	242.000000E+0	-5.050000E+0	4.294708E+3	NaN	NaN
	01/12/2022 17:42:51	455.100000E-3	5.530000E-9	5.900000E-9	4.996000E-9	386.900000E-9	580.250000E-6	242.000000E+0	-4.938000E+0	4.294596E+3	NaN	NaN
	01/12/2022 17:42:58	455.350000E-3	5.540000E-9	5.930000E-9	4.996000E-9	386.900000E-9	612.050000E-6	242.000000E+0	-5.275000E+0	4.294708E+3	NaN	NaN
	01/12/2022 17:43:05	455.250000E-3	5.530000E-9	5.990000E-9	4.996000E-9	386.900000E-9	579.740000E-6	242.000000E+0	-5.050000E+0	4.294820E+3	NaN	NaN
	01/12/2022 17:43:13	455.100000E-3	5.530000E-9	5.950000E-9	5.002000E-9	386.900000E-9	572.590000E-6	242.000000E+0	-5.163000E+0	4.294820E+3	NaN	NaN
	01/12/2022 17:43:20	454.980000E-3	5.540000E-9	5.940000E-9	4.996000E-9	386.900000E-9	578.520000E-6	242.000000E+0	-5.163000E+0	4.294708E+3	NaN	NaN
	01/12/2022 17:43:27	455.280000E-3	5.540000E-9	5.950000E-9	5.117000E-9	386.900000E-9	568.660000E-6	242.000000E+0	-5.275000E+0	4.294820E+3	NaN	NaN
	01/12/2022 17:43:34	454.930000E-3	5.540000E-9	5.910000E-9	4.996000E-9	386.900000E-9	579.980000E-6	242.000000E+0	-5.050000E+0	4.294820E+3	NaN	NaN
	01/12/2022 17:43:41	454.910000E-3	5.530000E-9	5.910000E-9	5.068000E-9	386.900000E-9	573.100000E-6	242.000000E+0	-5.050000E+0	4.294820E+3	NaN	NaN
	01/12/2022 17:43:49	457.540000E-3	5.540000E-9	5.970000E-9	4.996000E-9	387.300000E-9	582.700000E-6	242.000000E+0	-5.163000E+0	4.294820E+3	NaN	NaN
	01/12/2022 17:43:56	454.850000E-3	5.530000E-9	5.960000E-9	5.008000E-9	386.900000E-9	570.630000E-6	242.000000E+0	-5.163000E+0	4.294820E+3	NaN	NaN
	01/12/2022 17:44:03	455.080000E-3	5.530000E-9	5.930000E-9	4.996000E-9	386.900000E-9	588.860000E-6	242.000000E+0	-5.163000E+0	4.294820E+3	NaN	NaN
	01/12/2022 17:44:10	455.130000E-3	5.540000E-9	5.950000E-9	4.996000E-9	415.300000E-9	578.020000E-6	242.000000E+0	-5.050000E+0	4.294932E+3	NaN	NaN
	01/12/2022 17:44:17	454.910000E-3	5.530000E-9	5.950000E-9	5.142000E-9	392.500000E-9	575.810000E-6	242.000000E+0	-5.163000E+0	4.294932E+3	NaN	NaN
	01/12/2022 17:44:24	455.050000E-3	5.540000E-9	5.940000E-9	4.996000E-9	390.600000E-9	583.680000E-6	242.000000E+0	-5.050000E+0	4.294820E+3	NaN	NaN
	01/12/2022 17:44:31	455.100000E-3	5.540000E-9	5.920000E-9	4.996000E-9	389.200000E-9	585.410000E-6	242.000000E+0	-5.050000E+0	4.294932E+3	NaN	NaN
	01/12/2022 17:44:39	455.470000E-3	5.540000E-9	5.910000E-9	5.286000E-9	389.200000E-9	571.100000E-6	242.000000E+0	-5.050000E+0	4.294820E+3	NaN	NaN
	01/12/2022 17:44:46	455.300000E-3	5.530000E-9	5.910000E-9	5.130000E-9	388.300000E-9	583.200000E-6	242.000000E+0	-5.163000E+0	4.294708E+3	NaN	NaN
	01/12/2022 17:44:53	455.280000E-3	5.540000E-9	5.960000E-9	4.996000E-9	388.300000E-9	580.970000E-6	242.000000E+0	-5.163000E+0	4.294820E+3	NaN	NaN
	01/12/2022 17:45:00	455.370000E-3	5.520000E-9	5.970000E-9	5.105000E-9	387.300000E-9	581.230000E-6	242.000000E+0	-4.938000E+0	4.294708E+3	NaN	NaN
	01/12/2022 17:45:07	455.130000E-3	5.530000E-9	5.950000E-9	5.192000E-9	387.300000E-9	584.660000E-6	242.000000E+0	-5.163000E+0	4.294820E+3	NaN	NaN
	01/12/2022 17:45:15	455.840000E-3	5.530000E-9	5.940000E-9	5.242000E-9	387.300000E-9	585.680000E-6	242.000000E+0	-4.938000E+0	4.294820E+3	NaN	NaN
	01/12/2022 17:45:22	455.150000E-3	5.530000E-9	5.940000E-9	4.996000E-9	386.900000E-9	575.540000E-6	242.000000E+0	-5.050000E+0	4.294708E+3	NaN	NaN
	01/12/2022 17:45:29	455.180000E-3	5.540000E-9	5.940000E-9	4.996000E-9	386.900000E-9	616.730000E-6	242.000000E+0	-5.163000E+0	4.295045E+3	NaN	NaN
	01/12/2022 17:45:36	454.730000E-3	5.530000E-9	5.920000E-9	5.002000E-9	386.900000E-9	579.740000E-6	242.000000E+0	-5.275000E+0	4.294820E+3	NaN	NaN
	01/12/2022 17:45:43	455.400000E-3	5.540000E-9	5.900000E-9	5.026000E-9	386.900000E-9	581.230000E-6	242.000000E+0	-5.163000E+0	4.294932E+3	NaN	NaN
	01/12/2022 17:45:50	455.200000E-3	5.530000E-9	5.920000E-9	5.032000E-9	386.900000E-9	580.730000E-6	242.000000E+0	-5.050000E+0	4.295045E+3	NaN	NaN
	01/12/2022 17:45:58	455.250000E-3	5.530000E-9	5.960000E-9	4.996000E-9	386.900000E-9	582.700000E-6	242.000000E+0	-4.938000E+0	4.294932E+3	NaN	NaN
	01/12/2022 17:46:05	454.490000E-3	5.530000E-9	5.970000E-9	4.996000E-9	386.400000E-9	581.230000E-6	242.000000E+0	-5.163000E+0	4.294820E+3	NaN	NaN
	01/12/2022 17:46:12	455.370000E-3	5.540000E-9	5.960000E-9	5.142000E-9	386.400000E-9	580.970000E-6	242.000000E+0	-5.050000E+0	4.295045E+3	NaN	NaN
	01/12/2022 17:46:19	455.050000E-3	5.540000E-9	5.960000E-9	4.996000E-9	386.400000E-9	586.900000E-6	242.000000E+0	-5.050000E+0	4.295269E+3	NaN	NaN
	01/12/2022 17:46:26	454.950000E-3	5.540000E-9	5.950000E-9	4.996000E-9	386.400000E-9	583.440000E-6	242.000000E+0	-5.050000E+0	4.295157E+3	NaN	NaN
	01/12/2022 17:46:33	455.450000E-3	5.540000E-9	5.930000E-9	4.996000E-9	386.400000E-9	582.960000E-6	242.000000E+0	-5.050000E+0	4.295045E+3	NaN	NaN
	01/12/2022 17:46:41	455.370000E-3	5.540000E-9	5.950000E-9	4.996000E-9	386.400000E-9	592.560000E-6	242.000000E+0	-5.050000E+0	4.294932E+3	NaN	NaN
	01/12/2022 17:46:48	455.770000E-3	5.540000E-9	5.950000E-9	4.996000E-9	386.400000E-9	583.200000E-6	242.000000E+0	-5.163000E+0	4.295045E+3	NaN	NaN
	01/12/2022 17:46:55	454.880000E-3	5.550000E-9	5.960000E-9	5.229000E-9	386.400000E-9	579.510000E-6	242.000000E+0	-4.938000E+0	4.295045E+3	NaN	NaN
	01/12/2022 17:47:02	455.570000E-3	5.540000E-9	5.940000E-9	4.996000E-9	386.400000E-9	587.880000E-6	242.000000E+0	-5.275000E+0	4.295045E+3	NaN	NaN
	01/12/2022 17:47:09	454.680000E-3	5.540000E-9	5.950000E-9	5.273000E-9	386.400000E-9	585.910000E-6	242.000000E+0	-5.275000E+0	4.295045E+3	NaN	NaN
	01/12/2022 17:47:16	454.980000E-3	5.540000E-9	5.930000E-9	4.996000E-9	386.400000E-9	589.610000E-6	242.000000E+0	-5.050000E+0	4.294820E+3	NaN	NaN
	01/12/2022 17:47:24	455.080000E-3	5.530000E-9	5.910000E-9	5.167000E-9	386.400000E-9	580.250000E-6	242.000000E+0	-5.163000E+0	4.294932E+3	NaN	NaN
	01/12/2022 17:47:31	455.570000E-3	5.530000E-9	5.900000E-9	4.996000E-9	386.400000E-9	583.680000E-6	242.000000E+0	-5.275000E+0	4.294820E+3	NaN	NaN
	01/12/2022 17:47:38	455.130000E-3	5.540000E-9	5.910000E-9	5.068000E-9	386.400000E-9	586.660000E-6	242.000000E+0	-5.050000E+0	4.294708E+3	NaN	NaN
	01/12/2022 17:47:45	455.250000E-3	5.550000E-9	5.900000E-9	5.142000E-9	386.400000E-9	580.250000E-6	241.000000E+0	-5.163000E+0	4.294820E+3	NaN	NaN
	01/12/2022 17:47:52	454.980000E-3	5.540000E-9	5.910000E-9	4.996000E-9	386.400000E-9	588.390000E-6	241.000000E+0	-5.275000E+0	4.294820E+3	NaN	NaN
	01/12/2022 17:48:00	455.400000E-3	5.550000E-9	5.930000E-9	5.210000E-9	386.400000E-9	581.470000E-6	242.000000E+0	-4.938000E+0	4.294708E+3	NaN	NaN
	01/12/2022 17:48:07	455.420000E-3	5.550000E-9	5.940000E-9	5.032000E-9	386.400000E-9	576.290000E-6	241.000000E+0	-5.163000E+0	4.294820E+3	NaN	NaN
	01/12/2022 17:48:14	454.730000E-3	5.560000E-9	5.950000E-9	5.261000E-9	386.400000E-9	577.540000E-6	242.000000E+0	-5.163000E+0	4.294596E+3	NaN	NaN
	01/12/2022 17:48:21	455.000000E-3	5.560000E-9	5.930000E-9	5.087000E-9	386.400000E-9	585.910000E-6	241.000000E+0	-5.050000E+0	4.294708E+3	NaN	NaN
	01/12/2022 17:48:28	454.930000E-3	5.560000E-9	5.940000E-9	5.093000E-9	386.400000E-9	580.250000E-6	242.000000E+0	-5.050000E+0	4.294708E+3	NaN	NaN
	01/12/2022 17:48:35	455.050000E-3	5.550000E-9	5.930000E-9	5.318000E-9	386.400000E-9	574.560000E-6	242.000000E+0	-5.050000E+0	4.294483E+3	NaN	NaN
	01/12/2022 17:48:43	454.710000E-3	5.540000E-9	5.920000E-9	5.050000E-9	386.900000E-9	579.980000E-6	241.000000E+0	-5.050000E+0	4.294259E+3	NaN	NaN
	01/12/2022 17:48:50	455.150000E-3	5.550000E-9	5.910000E-9	5.008000E-9	389.200000E-9	582.460000E-6	242.000000E+0	-5.275000E+0	4.294371E+3	NaN	NaN
	01/12/2022 17:48:57	455.550000E-3	5.530000E-9	5.910000E-9	5.318000E-9	386.900000E-9	578.020000E-6	242.000000E+0	-5.163000E+0	4.294483E+3	NaN	NaN
	01/12/2022 17:49:04	455.220000E-3	5.540000E-9	5.920000E-9	5.068000E-9	386.400000E-9	581.230000E-6	242.000000E+0	-5.050000E+0	4.294932E+3	NaN	NaN
	01/12/2022 17:49:11	455.420000E-3	5.540000E-9	5.920000E-9	4.996000E-9	386.400000E-9	587.370000E-6	241.000000E+0	-5.163000E+0	4.294932E+3	NaN	NaN
	01/12/2022 17:49:18	454.730000E-3	5.530000E-9	5.930000E-9	5.173000E-9	385.900000E-9	578.520000E-6	241.000000E+0	-5.163000E+0	4.295045E+3	NaN	NaN
	01/12/2022 17:49:26	455.180000E-3	5.520000E-9	5.920000E-9	4.996000E-9	385.900000E-9	580.970000E-6	241.000000E+0	-5.050000E+0	4.295381E+3	NaN	NaN
	01/12/2022 17:49:33	455.450000E-3	5.520000E-9	5.920000E-9	5.223000E-9	385.900000E-9	578.520000E-6	242.000000E+0	-5.050000E+0	4.295493E+3	NaN	NaN
	01/12/2022 17:49:40	454.910000E-3	5.530000E-9	5.880000E-9	4.996000E-9	385.900000E-9	582.220000E-6	241.000000E+0	-4.938000E+0	4.295606E+3	NaN	NaN
	01/12/2022 17:49:47	454.660000E-3	5.510000E-9	5.870000E-9	5.198000E-9	385.900000E-9	587.140000E-6	241.000000E+0	-5.050000E+0	4.295606E+3	NaN	NaN
	01/12/2022 17:49:54	455.320000E-3	5.510000E-9	5.940000E-9	4.996000E-9	385.900000E-9	581.710000E-6	241.000000E+0	-5.163000E+0	4.295942E+3	NaN	NaN
	01/12/2022 17:50:02	454.560000E-3	5.510000E-9	5.930000E-9	5.068000E-9	385.900000E-9	584.930000E-6	241.000000E+0	-4.938000E+0	4.295830E+3	NaN	NaN
	01/12/2022 17:50:09	454.710000E-3	5.500000E-9	5.920000E-9	4.996000E-9	385.900000E-9	581.950000E-6	241.000000E+0	-5.050000E+0	4.296279E+3	NaN	NaN
	01/12/2022 17:50:16	454.730000E-3	5.520000E-9	5.920000E-9	4.996000E-9	385.900000E-9	562.730000E-6	241.000000E+0	-5.275000E+0	4.296167E+3	NaN	NaN
	01/12/2022 17:50:23	455.300000E-3	5.510000E-9	5.910000E-9	4.996000E-9	385.900000E-9	588.390000E-6	241.000000E+0	-5.163000E+0	4.296279E+3	NaN	NaN
	01/12/2022 17:50:30	454.850000E-3	5.510000E-9	5.890000E-9	5.235000E-9	385.500000E-9	591.340000E-6	241.000000E+0	-5.163000E+0	4.296391E+3	NaN	NaN
	01/12/2022 17:50:37	455.470000E-3	5.500000E-9	5.870000E-9	5.081000E-9	385.900000E-9	584.190000E-6	241.000000E+0	-5.163000E+0	4.296391E+3	NaN	NaN
	01/12/2022 17:50:45	455.670000E-3	5.520000E-9	5.930000E-9	5.229000E-9	385.900000E-9	580.970000E-6	241.000000E+0	-5.050000E+0	4.296279E+3	NaN	NaN
	01/12/2022 17:50:52	455.080000E-3	5.510000E-9	5.950000E-9	5.192000E-9	385.900000E-9	556.320000E-6	241.000000E+0	-5.163000E+0	4.296391E+3	NaN	NaN
	01/12/2022 17:50:59	455.420000E-3	5.520000E-9	5.910000E-9	5.032000E-9	385.900000E-9	585.680000E-6	241.000000E+0	-5.275000E+0	4.296279E+3	NaN	NaN
	01/12/2022 17:51:06	455.300000E-3	5.510000E-9	5.920000E-9	5.229000E-9	385.900000E-9	579.240000E-6	241.000000E+0	-5.163000E+0	4.296391E+3	NaN	NaN
	01/12/2022 17:51:13	454.660000E-3	5.510000E-9	5.910000E-9	5.087000E-9	385.900000E-9	599.950000E-6	241.000000E+0	-5.275000E+0	4.296504E+3	NaN	NaN
	01/12/2022 17:51:20	455.130000E-3	5.520000E-9	5.890000E-9	5.161000E-9	385.900000E-9	601.200000E-6	241.000000E+0	-5.275000E+0	4.296391E+3	NaN	NaN
	01/12/2022 17:51:27	455.220000E-3	5.530000E-9	5.900000E-9	5.014000E-9	385.900000E-9	582.220000E-6	241.000000E+0	-5.050000E+0	4.296391E+3	NaN	NaN
	01/12/2022 17:51:35	455.150000E-3	5.530000E-9	5.950000E-9	5.292000E-9	385.900000E-9	609.580000E-6	241.000000E+0	-5.275000E+0	4.296279E+3	NaN	NaN
	01/12/2022 17:51:42	454.880000E-3	5.530000E-9	5.940000E-9	4.996000E-9	385.900000E-9	585.170000E-6	241.000000E+0	-5.050000E+0	4.296504E+3	NaN	NaN
	01/12/2022 17:51:49	454.780000E-3	5.520000E-9	5.910000E-9	5.050000E-9	385.900000E-9	583.440000E-6	241.000000E+0	-5.050000E+0	4.296391E+3	NaN	NaN
	01/12/2022 17:51:56	455.420000E-3	5.530000E-9	5.940000E-9	5.192000E-9	385.900000E-9	585.910000E-6	241.000000E+0	-5.163000E+0	4.296391E+3	NaN	NaN
	01/12/2022 17:52:03	455.450000E-3	5.530000E-9	5.900000E-9	4.996000E-9	385.900000E-9	593.540000E-6	241.000000E+0	-5.163000E+0	4.296279E+3	NaN	NaN
	01/12/2022 17:52:11	455.180000E-3	5.540000E-9	5.890000E-9	5.223000E-9	385.900000E-9	594.050000E-6	241.000000E+0	-5.050000E+0	4.296504E+3	NaN	NaN
	01/12/2022 17:52:18	455.400000E-3	5.530000E-9	5.930000E-9	4.996000E-9	385.900000E-9	580.250000E-6	241.000000E+0	-5.163000E+0	4.296279E+3	NaN	NaN
	01/12/2022 17:52:25	455.180000E-3	5.530000E-9	5.970000E-9	4.996000E-9	385.900000E-9	581.230000E-6	241.000000E+0	-5.275000E+0	4.296391E+3	NaN	NaN
	01/12/2022 17:52:32	455.400000E-3	5.540000E-9	5.950000E-9	5.068000E-9	385.900000E-9	572.350000E-6	241.000000E+0	-5.163000E+0	4.296504E+3	NaN	NaN
	01/12/2022 17:52:39	455.150000E-3	5.540000E-9	5.930000E-9	4.996000E-9	385.900000E-9	580.490000E-6	241.000000E+0	-5.050000E+0	4.296504E+3	NaN	NaN
	01/12/2022 17:52:46	454.880000E-3	5.540000E-9	5.950000E-9	5.087000E-9	385.900000E-9	588.390000E-6	241.000000E+0	-5.163000E+0	4.296504E+3	NaN	NaN
	01/12/2022 17:52:54	454.780000E-3	5.530000E-9	5.900000E-9	5.185000E-9	385.900000E-9	578.520000E-6	241.000000E+0	-5.050000E+0	4.296616E+3	NaN	NaN
	01/12/2022 17:53:01	455.470000E-3	5.530000E-9	5.900000E-9	5.280000E-9	385.900000E-9	579.000000E-6	241.000000E+0	-5.050000E+0	4.296504E+3	NaN	NaN
	01/12/2022 17:53:08	455.200000E-3	5.530000E-9	5.960000E-9	5.217000E-9	385.900000E-9	595.510000E-6	241.000000E+0	-4.938000E+0	4.296616E+3	NaN	NaN
	01/12/2022 17:53:15	454.390000E-3	5.540000E-9	5.950000E-9	5.210000E-9	385.900000E-9	584.420000E-6	241.000000E+0	-5.050000E+0	4.296616E+3	NaN	NaN
	01/12/2022 17:53:22	454.730000E-3	5.440000E-9	5.810000E-9	5.081000E-9	385.500000E-9	579.240000E-6	241.000000E+0	-5.163000E+0	4.296616E+3	NaN	NaN
	01/12/2022 17:53:30	455.080000E-3	5.220000E-9	5.630000E-9	4.996000E-9	385.900000E-9	577.270000E-6	241.000000E+0	-5.050000E+0	4.296504E+3	NaN	NaN
	01/12/2022 17:53:37	455.100000E-3	5.200000E-9	5.600000E-9	5.044000E-9	385.500000E-9	582.700000E-6	241.000000E+0	-5.163000E+0	4.296616E+3	NaN	NaN
	01/12/2022 17:53:44	455.000000E-3	5.180000E-9	5.650000E-9	4.996000E-9	385.900000E-9	578.250000E-6	241.000000E+0	-5.163000E+0	4.296728E+3	NaN	NaN
	01/12/2022 17:53:51	455.400000E-3	5.170000E-9	5.600000E-9	4.996000E-9	385.900000E-9	581.470000E-6	241.000000E+0	-4.938000E+0	4.296840E+3	NaN	NaN
	01/12/2022 17:53:58	455.050000E-3	5.170000E-9	5.590000E-9	4.996000E-9	385.900000E-9	584.420000E-6	241.000000E+0	-4.938000E+0	4.296728E+3	NaN	NaN
	01/12/2022 17:54:05	455.030000E-3	5.160000E-9	5.570000E-9	4.996000E-9	385.500000E-9	610.560000E-6	241.000000E+0	-5.050000E+0	4.296616E+3	NaN	NaN
	01/12/2022 17:54:13	455.570000E-3	5.160000E-9	5.540000E-9	4.996000E-9	385.900000E-9	567.910000E-6	241.000000E+0	-5.163000E+0	4.296728E+3	NaN	NaN
	01/12/2022 17:54:20	455.620000E-3	5.160000E-9	5.590000E-9	5.026000E-9	385.900000E-9	588.630000E-6	241.000000E+0	-5.050000E+0	4.296616E+3	NaN	NaN
	01/12/2022 17:54:27	454.930000E-3	5.150000E-9	5.610000E-9	4.996000E-9	385.900000E-9	582.460000E-6	241.000000E+0	-5.050000E+0	4.296616E+3	NaN	NaN
	01/12/2022 17:54:34	454.950000E-3	5.150000E-9	5.600000E-9	4.996000E-9	385.500000E-9	585.170000E-6	241.000000E+0	-5.050000E+0	4.296616E+3	NaN	NaN
	01/12/2022 17:54:41	455.200000E-3	5.160000E-9	5.590000E-9	4.996000E-9	385.500000E-9	579.240000E-6	241.000000E+0	-5.050000E+0	4.296616E+3	NaN	NaN
	01/12/2022 17:54:49	455.130000E-3	5.150000E-9	5.560000E-9	4.996000E-9	385.500000E-9	569.130000E-6	241.000000E+0	-5.050000E+0	4.296840E+3	NaN	NaN
	01/12/2022 17:54:56	455.150000E-3	5.150000E-9	5.550000E-9	4.996000E-9	385.900000E-9	585.680000E-6	241.000000E+0	-5.163000E+0	4.296728E+3	NaN	NaN
	01/12/2022 17:55:03	455.350000E-3	10.800000E-9	14.800000E-9	16.860000E-9	385.500000E-9	580.970000E-6	241.000000E+0	-5.050000E+0	4.296728E+3	NaN	NaN
	01/12/2022 17:55:10	455.280000E-3	6.940000E-9	8.360000E-9	5.440000E-9	385.900000E-9	589.610000E-6	241.000000E+0	-4.938000E+0	4.296616E+3	NaN	NaN
	01/12/2022 17:55:17	455.080000E-3	5.750000E-9	6.730000E-9	4.996000E-9	385.900000E-9	581.470000E-6	241.000000E+0	-5.050000E+0	4.296616E+3	NaN	NaN
	01/12/2022 17:55:25	454.850000E-3	5.530000E-9	6.370000E-9	5.062000E-9	385.900000E-9	580.970000E-6	241.000000E+0	-5.163000E+0	4.296616E+3	NaN	NaN
	01/12/2022 17:55:32	455.150000E-3	5.460000E-9	6.220000E-9	4.996000E-9	385.900000E-9	579.000000E-6	241.000000E+0	-5.050000E+0	4.296840E+3	NaN	NaN
	01/12/2022 17:55:39	454.910000E-3	5.380000E-9	6.130000E-9	4.996000E-9	385.500000E-9	575.810000E-6	241.000000E+0	-5.163000E+0	4.296840E+3	NaN	NaN
	01/12/2022 17:55:46	454.780000E-3	5.390000E-9	6.070000E-9	4.996000E-9	384.100000E-9	581.230000E-6	241.000000E+0	-5.163000E+0	4.296616E+3	NaN	NaN
	01/12/2022 17:55:53	455.030000E-3	5.390000E-9	6.000000E-9	5.087000E-9	385.500000E-9	575.070000E-6	241.000000E+0	-5.163000E+0	4.296504E+3	NaN	NaN
	01/12/2022 17:56:00	455.320000E-3	5.370000E-9	5.930000E-9	4.996000E-9	385.000000E-9	590.830000E-6	241.000000E+0	-5.275000E+0	4.296840E+3	NaN	NaN
	01/12/2022 17:56:08	454.930000E-3	5.360000E-9	5.920000E-9	5.148000E-9	385.000000E-9	572.350000E-6	241.000000E+0	-5.050000E+0	4.296840E+3	NaN	NaN
	01/12/2022 17:56:15	455.470000E-3	5.350000E-9	5.940000E-9	5.050000E-9	385.500000E-9	582.700000E-6	241.000000E+0	-5.275000E+0	4.296840E+3	NaN	NaN
	01/12/2022 17:56:22	455.280000E-3	5.320000E-9	5.930000E-9	4.996000E-9	385.500000E-9	580.250000E-6	241.000000E+0	-4.938000E+0	4.296616E+3	NaN	NaN
	01/12/2022 17:56:29	454.910000E-3	5.320000E-9	5.860000E-9	4.996000E-9	385.500000E-9	592.560000E-6	241.000000E+0	-5.050000E+0	4.296840E+3	NaN	NaN
	01/12/2022 17:56:36	455.350000E-3	5.310000E-9	5.860000E-9	4.996000E-9	385.500000E-9	590.590000E-6	241.000000E+0	-5.050000E+0	4.296840E+3	NaN	NaN
	01/12/2022 17:56:43	455.000000E-3	5.300000E-9	5.850000E-9	4.996000E-9	385.500000E-9	582.220000E-6	241.000000E+0	-5.050000E+0	4.296840E+3	NaN	NaN
	01/12/2022 17:56:51	455.030000E-3	5.300000E-9	5.780000E-9	4.996000E-9	385.900000E-9	580.730000E-6	241.000000E+0	-5.163000E+0	4.296840E+3	NaN	NaN
	01/12/2022 17:56:58	455.080000E-3	5.280000E-9	5.780000E-9	5.044000E-9	385.000000E-9	606.360000E-6	241.000000E+0	-5.163000E+0	4.296840E+3	NaN	NaN
	01/12/2022 17:57:05	455.180000E-3	5.290000E-9	5.780000E-9	4.996000E-9	383.200000E-9	601.950000E-6	241.000000E+0	-5.163000E+0	4.296728E+3	NaN	NaN
	01/12/2022 17:57:12	454.170000E-3	5.270000E-9	5.810000E-9	4.996000E-9	382.700000E-9	595.270000E-6	241.000000E+0	-5.050000E+0	4.296840E+3	NaN	NaN
	01/12/2022 17:57:19	455.400000E-3	5.270000E-9	5.820000E-9	5.093000E-9	383.200000E-9	580.970000E-6	241.000000E+0	-5.275000E+0	4.296952E+3	NaN	NaN
	01/12/2022 17:57:27	455.150000E-3	5.260000E-9	5.820000E-9	5.117000E-9	382.700000E-9	580.490000E-6	241.000000E+0	-5.050000E+0	4.296952E+3	NaN	NaN
	01/12/2022 17:57:34	455.520000E-3	5.260000E-9	5.790000E-9	4.996000E-9	383.200000E-9	596.760000E-6	241.000000E+0	-5.163000E+0	4.296840E+3	NaN	NaN
	01/12/2022 17:57:41	455.150000E-3	5.250000E-9	5.760000E-9	5.014000E-9	382.700000E-9	588.860000E-6	241.000000E+0	-5.275000E+0	4.296840E+3	NaN	NaN
	01/12/2022 17:57:48	455.250000E-3	5.260000E-9	5.770000E-9	4.996000E-9	383.200000E-9	582.960000E-6	241.000000E+0	-5.163000E+0	4.296728E+3	NaN	NaN
	01/12/2022 17:57:55	454.560000E-3	5.250000E-9	5.720000E-9	4.996000E-9	382.700000E-9	585.910000E-6	241.000000E+0	-5.050000E+0	4.296728E+3	NaN	NaN
	01/12/2022 17:58:02	455.200000E-3	5.250000E-9	5.740000E-9	4.996000E-9	382.700000E-9	594.050000E-6	241.000000E+0	-5.163000E+0	4.296728E+3	NaN	NaN
	01/12/2022 17:58:10	455.050000E-3	5.260000E-9	5.780000E-9	4.996000E-9	384.600000E-9	581.230000E-6	241.000000E+0	-5.050000E+0	4.296840E+3	NaN	NaN
	01/12/2022 17:58:17	455.250000E-3	5.230000E-9	5.740000E-9	4.996000E-9	383.200000E-9	583.680000E-6	241.000000E+0	-5.163000E+0	4.296840E+3	NaN	NaN
	01/12/2022 17:58:24	455.220000E-3	5.230000E-9	5.720000E-9	4.996000E-9	384.100000E-9	585.680000E-6	241.000000E+0	-4.938000E+0	4.296728E+3	NaN	NaN
	01/12/2022 17:58:31	454.980000E-3	5.250000E-9	5.740000E-9	5.050000E-9	384.100000E-9	587.370000E-6	241.000000E+0	-5.050000E+0	4.296840E+3	NaN	NaN
	01/12/2022 17:58:38	455.890000E-3	5.240000E-9	5.710000E-9	4.996000E-9	383.200000E-9	599.710000E-6	241.000000E+0	-5.275000E+0	4.296840E+3	NaN	NaN
	01/12/2022 17:58:46	455.280000E-3	5.220000E-9	5.660000E-9	5.099000E-9	383.200000E-9	580.970000E-6	241.000000E+0	-5.050000E+0	4.296840E+3	NaN	NaN
	01/12/2022 17:58:53	454.830000E-3	5.210000E-9	5.670000E-9	4.996000E-9	382.700000E-9	578.250000E-6	241.000000E+0	-5.163000E+0	4.296616E+3	NaN	NaN
	01/12/2022 17:59:00	455.030000E-3	5.220000E-9	5.710000E-9	4.996000E-9	382.700000E-9	579.980000E-6	241.000000E+0	-5.275000E+0	4.296728E+3	NaN	NaN
	01/12/2022 17:59:07	454.440000E-3	5.210000E-9	5.740000E-9	4.996000E-9	383.200000E-9	577.540000E-6	241.000000E+0	-5.275000E+0	4.296616E+3	NaN	NaN
	01/12/2022 17:59:14	455.420000E-3	5.210000E-9	5.710000E-9	4.996000E-9	382.700000E-9	580.490000E-6	241.000000E+0	-5.275000E+0	4.296728E+3	NaN	NaN
	01/12/2022 17:59:22	455.000000E-3	5.200000E-9	5.680000E-9	4.996000E-9	382.700000E-9	578.520000E-6	241.000000E+0	-5.275000E+0	4.296728E+3	NaN	NaN
	01/12/2022 17:59:29	455.080000E-3	5.210000E-9	5.700000E-9	5.075000E-9	382.700000E-9	584.930000E-6	241.000000E+0	-4.938000E+0	4.296728E+3	NaN	NaN
	01/12/2022 17:59:36	455.320000E-3	5.540000E-9	5.970000E-9	5.395000E-9	383.600000E-9	581.950000E-6	240.000000E+0	-5.163000E+0	4.296504E+3	NaN	NaN
	01/12/2022 17:59:43	455.250000E-3	5.740000E-9	6.160000E-9	5.217000E-9	382.300000E-9	585.170000E-6	241.000000E+0	-5.050000E+0	4.296728E+3	NaN	NaN
	01/12/2022 17:59:50	454.910000E-3	5.770000E-9	6.240000E-9	5.161000E-9	382.700000E-9	591.100000E-6	241.000000E+0	-5.050000E+0	4.296616E+3	NaN	NaN
	01/12/2022 17:59:57	455.280000E-3	5.780000E-9	6.220000E-9	5.192000E-9	382.700000E-9	579.740000E-6	241.000000E+0	-5.163000E+0	4.296728E+3	NaN	NaN
	01/12/2022 18:00:05	454.910000E-3	5.780000E-9	6.210000E-9	5.248000E-9	382.700000E-9	598.220000E-6	241.000000E+0	-5.163000E+0	4.296728E+3	NaN	NaN
	01/12/2022 18:00:12	454.630000E-3	5.780000E-9	6.220000E-9	5.299000E-9	382.700000E-9	598.730000E-6	241.000000E+0	-5.163000E+0	4.296728E+3	NaN	NaN
	01/12/2022 18:00:19	457.470000E-3	5.790000E-9	6.190000E-9	5.179000E-9	382.700000E-9	584.420000E-6	241.000000E+0	-4.938000E+0	4.296840E+3	NaN	NaN
	01/12/2022 18:00:26	454.810000E-3	5.780000E-9	6.170000E-9	5.179000E-9	382.700000E-9	581.470000E-6	240.000000E+0	-5.050000E+0	4.296616E+3	NaN	NaN
	01/12/2022 18:00:33	455.100000E-3	5.790000E-9	6.210000E-9	5.087000E-9	382.700000E-9	590.350000E-6	241.000000E+0	-5.163000E+0	4.296840E+3	NaN	NaN
	01/12/2022 18:00:41	455.100000E-3	5.790000E-9	6.230000E-9	5.020000E-9	382.700000E-9	583.950000E-6	240.000000E+0	-5.163000E+0	4.296616E+3	NaN	NaN
	01/12/2022 18:00:48	454.930000E-3	5.800000E-9	6.240000E-9	4.996000E-9	382.700000E-9	585.410000E-6	240.000000E+0	-5.050000E+0	4.296616E+3	NaN	NaN
	01/12/2022 18:00:55	455.000000E-3	5.810000E-9	6.240000E-9	5.318000E-9	382.700000E-9	594.530000E-6	240.000000E+0	-5.050000E+0	4.296616E+3	NaN	NaN
	01/12/2022 18:01:02	454.850000E-3	5.810000E-9	6.220000E-9	5.254000E-9	382.700000E-9	584.660000E-6	240.000000E+0	-5.050000E+0	4.296840E+3	NaN	NaN
	01/12/2022 18:01:09	454.950000E-3	5.820000E-9	6.210000E-9	5.343000E-9	382.700000E-9	608.590000E-6	241.000000E+0	-5.163000E+0	4.296504E+3	NaN	NaN
	01/12/2022 18:01:17	455.370000E-3	5.810000E-9	6.220000E-9	4.996000E-9	385.900000E-9	591.340000E-6	240.000000E+0	-5.050000E+0	4.295942E+3	NaN	NaN
	01/12/2022 18:01:24	454.780000E-3	5.810000E-9	6.230000E-9	5.292000E-9	385.900000E-9	576.790000E-6	240.000000E+0	-5.163000E+0	4.296167E+3	NaN	NaN
	01/12/2022 18:01:31	455.130000E-3	5.810000E-9	6.220000E-9	5.369000E-9	385.900000E-9	555.810000E-6	240.000000E+0	-4.826000E+0	4.295942E+3	NaN	NaN
	01/12/2022 18:01:38	454.910000E-3	5.810000E-9	6.200000E-9	4.996000E-9	384.600000E-9	576.790000E-6	240.000000E+0	-5.050000E+0	4.296504E+3	NaN	NaN
	01/12/2022 18:01:45	455.220000E-3	5.810000E-9	6.220000E-9	5.198000E-9	382.300000E-9	580.730000E-6	240.000000E+0	-5.163000E+0	4.296504E+3	NaN	NaN
	01/12/2022 18:01:53	455.080000E-3	5.820000E-9	6.250000E-9	5.008000E-9	382.300000E-9	577.540000E-6	240.000000E+0	-4.938000E+0	4.296391E+3	NaN	NaN
	01/12/2022 18:02:00	455.200000E-3	5.810000E-9	6.240000E-9	5.273000E-9	382.700000E-9	579.740000E-6	241.000000E+0	-5.050000E+0	4.296504E+3	NaN	NaN
	01/12/2022 18:02:07	455.250000E-3	5.810000E-9	6.220000E-9	5.123000E-9	382.300000E-9	580.490000E-6	240.000000E+0	-5.275000E+0	4.296616E+3	NaN	NaN
	01/12/2022 18:02:14	455.470000E-3	5.800000E-9	6.230000E-9	5.050000E-9	382.300000E-9	591.580000E-6	240.000000E+0	-4.938000E+0	4.296616E+3	NaN	NaN
	01/12/2022 18:02:21	454.830000E-3	5.810000E-9	6.250000E-9	5.210000E-9	382.300000E-9	579.740000E-6	241.000000E+0	-5.163000E+0	4.296728E+3	NaN	NaN
	01/12/2022 18:02:28	455.130000E-3	5.810000E-9	6.260000E-9	5.299000E-9	382.300000E-9	582.460000E-6	240.000000E+0	-4.938000E+0	4.296616E+3	NaN	NaN
	01/12/2022 18:02:36	455.180000E-3	5.810000E-9	6.260000E-9	5.382000E-9	382.300000E-9	582.220000E-6	240.000000E+0	-5.050000E+0	4.296504E+3	NaN	NaN
	01/12/2022 18:02:43	455.220000E-3	5.810000E-9	6.210000E-9	5.356000E-9	382.300000E-9	584.930000E-6	240.000000E+0	-5.050000E+0	4.296616E+3	NaN	NaN
	01/12/2022 18:02:50	454.880000E-3	5.820000E-9	6.200000E-9	4.996000E-9	382.300000E-9	568.390000E-6	240.000000E+0	-5.050000E+0	4.296616E+3	NaN	NaN
	01/12/2022 18:02:57	455.100000E-3	5.810000E-9	6.220000E-9	5.223000E-9	382.300000E-9	584.930000E-6	240.000000E+0	-4.938000E+0	4.296616E+3	NaN	NaN
	01/12/2022 18:03:04	454.880000E-3	5.810000E-9	6.250000E-9	5.324000E-9	382.300000E-9	585.910000E-6	240.000000E+0	-5.163000E+0	4.296728E+3	NaN	NaN
	01/12/2022 18:03:11	455.150000E-3	5.810000E-9	6.240000E-9	5.421000E-9	382.300000E-9	590.830000E-6	240.000000E+0	-5.163000E+0	4.296616E+3	NaN	NaN
	01/12/2022 18:03:19	455.370000E-3	5.810000E-9	6.180000E-9	5.454000E-9	382.300000E-9	595.510000E-6	240.000000E+0	-4.938000E+0	4.296616E+3	NaN	NaN
	01/12/2022 18:03:26	455.130000E-3	5.810000E-9	6.180000E-9	5.014000E-9	382.300000E-9	572.090000E-6	240.000000E+0	-4.938000E+0	4.296616E+3	NaN	NaN
	01/12/2022 18:03:33	454.760000E-3	5.810000E-9	6.220000E-9	4.996000E-9	382.300000E-9	583.200000E-6	240.000000E+0	-5.163000E+0	4.296728E+3	NaN	NaN
	01/12/2022 18:03:40	455.100000E-3	5.810000E-9	6.230000E-9	5.337000E-9	382.300000E-9	570.860000E-6	240.000000E+0	-4.938000E+0	4.296279E+3	NaN	NaN
	01/12/2022 18:03:47	454.880000E-3	5.810000E-9	6.220000E-9	5.099000E-9	382.700000E-9	583.950000E-6	240.000000E+0	-5.275000E+0	4.296167E+3	NaN	NaN
	01/12/2022 18:03:54	454.660000E-3	5.800000E-9	6.220000E-9	4.996000E-9	385.900000E-9	584.930000E-6	240.000000E+0	-5.050000E+0	4.296504E+3	NaN	NaN
	01/12/2022 18:04:02	455.100000E-3	5.800000E-9	6.230000E-9	4.996000E-9	385.500000E-9	576.790000E-6	240.000000E+0	-5.050000E+0	4.296504E+3	NaN	NaN
	01/12/2022 18:04:09	455.050000E-3	5.790000E-9	6.230000E-9	5.242000E-9	382.300000E-9	580.250000E-6	240.000000E+0	-5.163000E+0	4.296167E+3	NaN	NaN
	01/12/2022 18:04:16	455.080000E-3	5.790000E-9	6.240000E-9	5.056000E-9	382.300000E-9	580.250000E-6	240.000000E+0	-5.163000E+0	4.296504E+3	NaN	NaN
	01/12/2022 18:04:23	455.350000E-3	5.800000E-9	6.250000E-9	5.254000E-9	382.300000E-9	610.320000E-6	240.000000E+0	-5.163000E+0	4.296616E+3	NaN	NaN
	01/12/2022 18:04:30	455.570000E-3	5.800000E-9	6.230000E-9	5.248000E-9	382.300000E-9	589.370000E-6	240.000000E+0	-5.163000E+0	4.296279E+3	NaN	NaN
	01/12/2022 18:04:38	455.150000E-3	5.280000E-9	5.690000E-9	4.996000E-9	382.300000E-9	577.780000E-6	240.000000E+0	-4.938000E+0	4.296616E+3	NaN	NaN
	01/12/2022 18:04:45	455.180000E-3	5.100000E-9	5.510000E-9	4.996000E-9	382.300000E-9	593.070000E-6	240.000000E+0	-5.275000E+0	4.296167E+3	NaN	NaN
	01/12/2022 18:04:52	455.300000E-3	5.050000E-9	5.470000E-9	4.996000E-9	385.900000E-9	588.390000E-6	240.000000E+0	-5.050000E+0	4.295830E+3	NaN	NaN
	01/12/2022 18:04:59	455.590000E-3	5.030000E-9	5.490000E-9	4.996000E-9	385.900000E-9	574.320000E-6	240.000000E+0	-4.938000E+0	4.295830E+3	NaN	NaN
	01/12/2022 18:05:06	455.200000E-3	5.010000E-9	5.480000E-9	4.996000E-9	382.700000E-9	589.100000E-6	240.000000E+0	-5.163000E+0	4.296055E+3	NaN	NaN
	01/12/2022 18:05:14	455.370000E-3	5.000000E-9	5.450000E-9	4.996000E-9	382.300000E-9	592.320000E-6	240.000000E+0	-5.275000E+0	4.296167E+3	NaN	NaN
