Live comments	Time	injection 100mbar	Barion_2	Barion_1	DUAL experiment	DUAL insulation	injection 1mbar	helium	T-platinum	T-CERNOX	I_emission	I_grid
	17/11/2022 16:09:38	-62.811000E-3	2.200000E-9	2.520000E-9	4.996000E-9	575.600000E-9	479.400000E-6	249.000000E+0	-5.163000E+0	4.326919E+3	NaN	NaN
	17/11/2022 16:09:45	-62.096000E-3	2.190000E-9	2.510000E-9	4.996000E-9	574.900000E-9	484.320000E-6	249.000000E+0	-5.050000E+0	4.326919E+3	NaN	NaN
	17/11/2022 16:09:52	-62.764000E-3	2.180000E-9	2.500000E-9	4.996000E-9	574.900000E-9	484.320000E-6	249.000000E+0	-5.050000E+0	4.327031E+3	NaN	NaN
	17/11/2022 16:10:00	-62.492000E-3	2.180000E-9	2.480000E-9	4.996000E-9	575.600000E-9	482.350000E-6	249.000000E+0	-5.275000E+0	4.327592E+3	NaN	NaN
	17/11/2022 16:10:07	-62.147000E-3	2.170000E-9	2.480000E-9	4.996000E-9	575.600000E-9	483.840000E-6	249.000000E+0	-5.275000E+0	4.327143E+3	NaN	NaN
	17/11/2022 16:10:14	-62.343000E-3	2.160000E-9	2.470000E-9	4.996000E-9	579.100000E-9	452.280000E-6	249.000000E+0	-5.163000E+0	4.326919E+3	NaN	NaN
	17/11/2022 16:10:21	-63.550000E-3	2.160000E-9	2.470000E-9	4.996000E-9	577.000000E-9	477.430000E-6	249.000000E+0	-5.163000E+0	4.327143E+3	NaN	NaN
	17/11/2022 16:10:28	-63.035000E-3	2.150000E-9	2.460000E-9	4.996000E-9	577.000000E-9	481.370000E-6	249.000000E+0	-5.275000E+0	4.327031E+3	NaN	NaN
	17/11/2022 16:10:36	-62.862000E-3	2.140000E-9	2.450000E-9	4.996000E-9	576.300000E-9	485.570000E-6	249.000000E+0	-5.275000E+0	4.327143E+3	NaN	NaN
	17/11/2022 16:10:43	-62.984000E-3	2.130000E-9	2.450000E-9	4.996000E-9	576.300000E-9	485.060000E-6	249.000000E+0	-5.050000E+0	4.327031E+3	NaN	NaN
	17/11/2022 16:10:50	-62.910000E-3	2.130000E-9	2.440000E-9	4.996000E-9	577.000000E-9	480.150000E-6	249.000000E+0	-5.050000E+0	4.327031E+3	NaN	NaN
	17/11/2022 16:10:57	-62.072000E-3	2.120000E-9	2.430000E-9	4.996000E-9	576.300000E-9	481.370000E-6	249.000000E+0	-5.163000E+0	4.327031E+3	NaN	NaN
	17/11/2022 16:11:04	-62.937000E-3	2.120000E-9	2.430000E-9	4.996000E-9	577.000000E-9	473.230000E-6	249.000000E+0	-5.275000E+0	4.327143E+3	NaN	NaN
	17/11/2022 16:11:11	-62.960000E-3	2.120000E-9	2.420000E-9	4.996000E-9	576.300000E-9	483.330000E-6	249.000000E+0	-5.163000E+0	4.327143E+3	NaN	NaN
	17/11/2022 16:11:19	-62.937000E-3	2.110000E-9	2.420000E-9	4.996000E-9	576.300000E-9	478.420000E-6	249.000000E+0	-5.275000E+0	4.327143E+3	NaN	NaN
	17/11/2022 16:11:26	-62.886000E-3	2.110000E-9	2.420000E-9	4.996000E-9	576.300000E-9	470.010000E-6	249.000000E+0	-5.275000E+0	4.327031E+3	NaN	NaN
	17/11/2022 16:11:33	-62.984000E-3	2.100000E-9	2.400000E-9	4.996000E-9	577.000000E-9	473.980000E-6	249.000000E+0	-4.938000E+0	4.327255E+3	NaN	NaN
	17/11/2022 16:11:40	-63.133000E-3	2.100000E-9	2.410000E-9	4.996000E-9	577.000000E-9	487.540000E-6	249.000000E+0	-5.275000E+0	4.327255E+3	NaN	NaN
	17/11/2022 16:11:47	-63.503000E-3	2.100000E-9	2.410000E-9	4.996000E-9	577.000000E-9	482.110000E-6	249.000000E+0	-5.275000E+0	4.327143E+3	NaN	NaN
	17/11/2022 16:11:54	-63.059000E-3	2.100000E-9	2.400000E-9	4.996000E-9	577.000000E-9	499.130000E-6	249.000000E+0	-5.163000E+0	4.327255E+3	NaN	NaN
	17/11/2022 16:12:02	-62.984000E-3	2.090000E-9	2.400000E-9	4.996000E-9	577.700000E-9	479.640000E-6	249.000000E+0	-5.050000E+0	4.327143E+3	NaN	NaN
	17/11/2022 16:12:09	-62.886000E-3	2.090000E-9	2.400000E-9	4.996000E-9	577.700000E-9	474.720000E-6	249.000000E+0	-5.163000E+0	4.327031E+3	NaN	NaN
	17/11/2022 16:12:16	-62.296000E-3	2.080000E-9	2.380000E-9	4.996000E-9	578.400000E-9	480.150000E-6	249.000000E+0	-5.163000E+0	4.327143E+3	NaN	NaN
	17/11/2022 16:12:23	-62.665000E-3	2.080000E-9	2.380000E-9	4.996000E-9	578.400000E-9	479.880000E-6	249.000000E+0	-5.050000E+0	4.327031E+3	NaN	NaN
	17/11/2022 16:12:30	-62.540000E-3	2.080000E-9	2.390000E-9	4.996000E-9	579.100000E-9	482.590000E-6	249.000000E+0	-5.163000E+0	4.326806E+3	NaN	NaN
	17/11/2022 16:12:37	-61.998000E-3	2.080000E-9	2.380000E-9	4.996000E-9	581.900000E-9	480.380000E-6	249.000000E+0	-5.163000E+0	4.326694E+3	NaN	NaN
	17/11/2022 16:12:45	-62.194000E-3	2.080000E-9	2.380000E-9	4.996000E-9	581.900000E-9	471.260000E-6	249.000000E+0	-5.275000E+0	4.326470E+3	NaN	NaN
	17/11/2022 16:12:52	-62.072000E-3	2.070000E-9	2.390000E-9	4.996000E-9	581.200000E-9	480.620000E-6	249.000000E+0	-5.050000E+0	4.326582E+3	NaN	NaN
	17/11/2022 16:12:59	-62.764000E-3	2.080000E-9	2.390000E-9	4.996000E-9	580.500000E-9	465.100000E-6	249.000000E+0	-5.163000E+0	4.326357E+3	NaN	NaN
	17/11/2022 16:13:06	-62.096000E-3	2.080000E-9	2.380000E-9	4.996000E-9	579.800000E-9	479.640000E-6	249.000000E+0	-5.275000E+0	4.326357E+3	NaN	NaN
	17/11/2022 16:13:13	-62.689000E-3	2.070000E-9	2.380000E-9	4.996000E-9	579.800000E-9	477.670000E-6	249.000000E+0	-5.275000E+0	4.326245E+3	NaN	NaN
	17/11/2022 16:13:20	-62.788000E-3	2.080000E-9	2.390000E-9	4.996000E-9	579.100000E-9	488.760000E-6	249.000000E+0	-5.163000E+0	4.326021E+3	NaN	NaN
	17/11/2022 16:13:28	-62.591000E-3	2.070000E-9	2.390000E-9	4.996000E-9	579.100000E-9	468.050000E-6	249.000000E+0	-5.275000E+0	4.326021E+3	NaN	NaN
	17/11/2022 16:13:35	-62.394000E-3	2.060000E-9	2.380000E-9	4.996000E-9	579.100000E-9	495.670000E-6	249.000000E+0	-5.275000E+0	4.326133E+3	NaN	NaN
	17/11/2022 16:13:42	-62.639000E-3	2.070000E-9	2.380000E-9	4.996000E-9	579.100000E-9	486.280000E-6	249.000000E+0	-5.163000E+0	4.325909E+3	NaN	NaN
	17/11/2022 16:13:49	-62.418000E-3	2.060000E-9	2.370000E-9	4.996000E-9	578.400000E-9	476.180000E-6	249.000000E+0	-5.275000E+0	4.325796E+3	NaN	NaN
	17/11/2022 16:13:56	-62.367000E-3	2.060000E-9	2.370000E-9	4.996000E-9	578.400000E-9	481.370000E-6	249.000000E+0	-5.163000E+0	4.325796E+3	NaN	NaN
	17/11/2022 16:14:04	-62.418000E-3	2.060000E-9	2.360000E-9	4.996000E-9	577.700000E-9	477.430000E-6	249.000000E+0	-5.275000E+0	4.325796E+3	NaN	NaN
	17/11/2022 16:14:11	-62.567000E-3	2.060000E-9	2.360000E-9	4.996000E-9	577.700000E-9	484.080000E-6	249.000000E+0	-5.050000E+0	4.325909E+3	NaN	NaN
	17/11/2022 16:14:18	-63.059000E-3	2.050000E-9	2.360000E-9	4.996000E-9	577.000000E-9	479.880000E-6	249.000000E+0	-5.050000E+0	4.325909E+3	NaN	NaN
	17/11/2022 16:14:25	-63.008000E-3	2.060000E-9	2.360000E-9	4.996000E-9	577.700000E-9	484.320000E-6	249.000000E+0	-5.163000E+0	4.325684E+3	NaN	NaN
	17/11/2022 16:14:32	-62.394000E-3	2.050000E-9	2.360000E-9	4.996000E-9	577.000000E-9	486.050000E-6	249.000000E+0	-5.163000E+0	4.325572E+3	NaN	NaN
	17/11/2022 16:14:40	-62.615000E-3	2.050000E-9	2.360000E-9	4.996000E-9	577.000000E-9	482.860000E-6	249.000000E+0	-5.163000E+0	4.325796E+3	NaN	NaN
	17/11/2022 16:14:47	-62.492000E-3	2.040000E-9	2.360000E-9	4.996000E-9	577.000000E-9	482.350000E-6	249.000000E+0	-5.275000E+0	4.325796E+3	NaN	NaN
	17/11/2022 16:14:54	-62.886000E-3	2.050000E-9	2.360000E-9	4.996000E-9	577.000000E-9	485.060000E-6	248.000000E+0	-5.163000E+0	4.325796E+3	NaN	NaN
	17/11/2022 16:15:01	-62.567000E-3	2.040000E-9	2.350000E-9	4.996000E-9	577.000000E-9	475.700000E-6	249.000000E+0	-5.050000E+0	4.325572E+3	NaN	NaN
	17/11/2022 16:15:08	-62.096000E-3	2.040000E-9	2.350000E-9	4.996000E-9	577.000000E-9	480.860000E-6	248.000000E+0	-5.163000E+0	4.325572E+3	NaN	NaN
	17/11/2022 16:15:15	-62.567000E-3	2.040000E-9	2.350000E-9	4.996000E-9	577.000000E-9	492.960000E-6	249.000000E+0	-5.050000E+0	4.325460E+3	NaN	NaN
	17/11/2022 16:15:22	-62.492000E-3	2.040000E-9	2.350000E-9	4.996000E-9	577.000000E-9	488.280000E-6	249.000000E+0	-5.275000E+0	4.325572E+3	NaN	NaN
	17/11/2022 16:15:30	-62.516000E-3	2.040000E-9	2.340000E-9	4.996000E-9	577.000000E-9	482.860000E-6	249.000000E+0	-5.275000E+0	4.325684E+3	NaN	NaN
	17/11/2022 16:15:37	-62.639000E-3	2.040000E-9	2.330000E-9	4.996000E-9	577.000000E-9	488.520000E-6	248.000000E+0	-5.050000E+0	4.325572E+3	NaN	NaN
	17/11/2022 16:15:44	-62.960000E-3	2.030000E-9	2.340000E-9	4.996000E-9	576.300000E-9	479.880000E-6	249.000000E+0	-5.163000E+0	4.325572E+3	NaN	NaN
	17/11/2022 16:15:51	-62.567000E-3	2.030000E-9	2.340000E-9	4.996000E-9	577.000000E-9	493.440000E-6	248.000000E+0	-5.163000E+0	4.325460E+3	NaN	NaN
	17/11/2022 16:15:58	-62.665000E-3	2.030000E-9	2.340000E-9	4.996000E-9	576.300000E-9	494.690000E-6	249.000000E+0	-5.163000E+0	4.325460E+3	NaN	NaN
	17/11/2022 16:16:05	-63.083000E-3	2.030000E-9	2.330000E-9	4.996000E-9	576.300000E-9	479.400000E-6	248.000000E+0	-5.275000E+0	4.325572E+3	NaN	NaN
	17/11/2022 16:16:13	-62.764000E-3	2.020000E-9	2.330000E-9	4.996000E-9	576.300000E-9	482.110000E-6	249.000000E+0	-5.050000E+0	4.325572E+3	NaN	NaN
	17/11/2022 16:16:20	-62.615000E-3	2.030000E-9	2.330000E-9	4.996000E-9	575.600000E-9	482.860000E-6	248.000000E+0	-5.275000E+0	4.325572E+3	NaN	NaN
	17/11/2022 16:16:27	-62.567000E-3	2.020000E-9	2.320000E-9	4.996000E-9	575.600000E-9	493.710000E-6	248.000000E+0	-5.163000E+0	4.325347E+3	NaN	NaN
	17/11/2022 16:16:34	-62.838000E-3	2.020000E-9	2.320000E-9	4.996000E-9	575.600000E-9	491.710000E-6	248.000000E+0	-5.163000E+0	4.325572E+3	NaN	NaN
	17/11/2022 16:16:41	-62.567000E-3	2.020000E-9	2.330000E-9	4.996000E-9	575.600000E-9	490.730000E-6	248.000000E+0	-5.163000E+0	4.325460E+3	NaN	NaN
	17/11/2022 16:16:49	-62.269000E-3	2.020000E-9	2.330000E-9	4.996000E-9	574.900000E-9	488.520000E-6	248.000000E+0	-5.275000E+0	4.325572E+3	NaN	NaN
	17/11/2022 16:16:56	-62.418000E-3	2.010000E-9	2.320000E-9	4.996000E-9	575.600000E-9	521.300000E-6	248.000000E+0	-5.163000E+0	4.325684E+3	NaN	NaN
	17/11/2022 16:17:03	-63.035000E-3	2.020000E-9	2.320000E-9	4.996000E-9	574.900000E-9	469.770000E-6	248.000000E+0	-5.163000E+0	4.325572E+3	NaN	NaN
	17/11/2022 16:17:10	-62.123000E-3	2.020000E-9	2.310000E-9	4.996000E-9	575.600000E-9	480.380000E-6	248.000000E+0	-5.275000E+0	4.325796E+3	NaN	NaN
	17/11/2022 16:17:17	-62.394000E-3	2.010000E-9	2.310000E-9	4.996000E-9	575.600000E-9	478.150000E-6	248.000000E+0	-5.163000E+0	4.325572E+3	NaN	NaN
	17/11/2022 16:17:24	-62.615000E-3	2.010000E-9	2.310000E-9	4.996000E-9	576.300000E-9	493.710000E-6	248.000000E+0	-5.163000E+0	4.325796E+3	NaN	NaN
	17/11/2022 16:17:32	-62.442000E-3	2.010000E-9	2.320000E-9	4.996000E-9	576.300000E-9	485.060000E-6	248.000000E+0	-5.163000E+0	4.325572E+3	NaN	NaN
	17/11/2022 16:17:39	-62.418000E-3	2.010000E-9	2.320000E-9	4.996000E-9	576.300000E-9	501.840000E-6	248.000000E+0	-5.163000E+0	4.325572E+3	NaN	NaN
	17/11/2022 16:17:46	-63.428000E-3	2.010000E-9	2.320000E-9	4.996000E-9	575.600000E-9	481.870000E-6	248.000000E+0	-5.050000E+0	4.325572E+3	NaN	NaN
	17/11/2022 16:17:53	-62.540000E-3	2.010000E-9	2.310000E-9	4.996000E-9	575.600000E-9	483.330000E-6	248.000000E+0	-5.050000E+0	4.325684E+3	NaN	NaN
	17/11/2022 16:18:00	-63.109000E-3	2.000000E-9	2.310000E-9	4.996000E-9	576.300000E-9	487.300000E-6	248.000000E+0	-5.163000E+0	4.325460E+3	NaN	NaN
	17/11/2022 16:18:08	-62.838000E-3	2.000000E-9	2.310000E-9	4.996000E-9	574.900000E-9	485.810000E-6	248.000000E+0	-5.163000E+0	4.325572E+3	NaN	NaN
	17/11/2022 16:18:15	-62.811000E-3	2.000000E-9	2.300000E-9	4.996000E-9	575.600000E-9	477.910000E-6	248.000000E+0	-5.050000E+0	4.325572E+3	NaN	NaN
	17/11/2022 16:18:22	-63.208000E-3	2.000000E-9	2.300000E-9	4.996000E-9	574.900000E-9	474.720000E-6	248.000000E+0	-5.163000E+0	4.325572E+3	NaN	NaN
	17/11/2022 16:18:29	-62.713000E-3	2.000000E-9	2.300000E-9	4.996000E-9	574.900000E-9	477.160000E-6	248.000000E+0	-5.163000E+0	4.325572E+3	NaN	NaN
	17/11/2022 16:18:36	-63.059000E-3	2.000000E-9	2.310000E-9	4.996000E-9	574.900000E-9	471.500000E-6	248.000000E+0	-5.275000E+0	4.325572E+3	NaN	NaN
	17/11/2022 16:18:43	-62.689000E-3	2.000000E-9	2.300000E-9	4.996000E-9	574.900000E-9	483.330000E-6	248.000000E+0	-5.163000E+0	4.325684E+3	NaN	NaN
	17/11/2022 16:18:51	-62.615000E-3	2.000000E-9	2.300000E-9	4.996000E-9	574.200000E-9	478.420000E-6	248.000000E+0	-5.163000E+0	4.325460E+3	NaN	NaN
	17/11/2022 16:18:58	-62.343000E-3	1.990000E-9	2.290000E-9	4.996000E-9	574.900000E-9	467.060000E-6	248.000000E+0	-5.275000E+0	4.325684E+3	NaN	NaN
	17/11/2022 16:19:05	-62.689000E-3	1.990000E-9	2.290000E-9	4.996000E-9	574.900000E-9	484.820000E-6	248.000000E+0	-5.163000E+0	4.325796E+3	NaN	NaN
	17/11/2022 16:19:12	-63.035000E-3	2.000000E-9	2.300000E-9	4.996000E-9	574.900000E-9	482.110000E-6	248.000000E+0	-5.275000E+0	4.325684E+3	NaN	NaN
	17/11/2022 16:19:19	-62.442000E-3	1.990000E-9	2.300000E-9	4.996000E-9	574.900000E-9	485.060000E-6	248.000000E+0	-5.163000E+0	4.325684E+3	NaN	NaN
	17/11/2022 16:19:26	-62.320000E-3	1.990000E-9	2.300000E-9	4.996000E-9	574.900000E-9	482.110000E-6	248.000000E+0	-5.387000E+0	4.325796E+3	NaN	NaN
	17/11/2022 16:19:33	-62.713000E-3	1.990000E-9	2.300000E-9	4.996000E-9	575.600000E-9	476.690000E-6	248.000000E+0	-5.163000E+0	4.325684E+3	NaN	NaN
	17/11/2022 16:19:41	-62.811000E-3	1.990000E-9	2.290000E-9	4.996000E-9	575.600000E-9	481.370000E-6	248.000000E+0	-5.163000E+0	4.325460E+3	NaN	NaN
	17/11/2022 16:19:48	-62.394000E-3	1.990000E-9	2.290000E-9	4.996000E-9	576.300000E-9	479.400000E-6	248.000000E+0	-5.050000E+0	4.325572E+3	NaN	NaN
	17/11/2022 16:19:55	-62.394000E-3	1.990000E-9	2.290000E-9	4.996000E-9	576.300000E-9	483.330000E-6	248.000000E+0	-5.275000E+0	4.325684E+3	NaN	NaN
	17/11/2022 16:20:02	-63.404000E-3	1.990000E-9	2.270000E-9	4.996000E-9	576.300000E-9	485.060000E-6	248.000000E+0	-5.275000E+0	4.325460E+3	NaN	NaN
	17/11/2022 16:20:09	-62.072000E-3	1.980000E-9	2.280000E-9	4.996000E-9	576.300000E-9	484.080000E-6	248.000000E+0	-4.938000E+0	4.325460E+3	NaN	NaN
	17/11/2022 16:20:17	-62.245000E-3	1.980000E-9	2.280000E-9	4.996000E-9	576.300000E-9	475.700000E-6	248.000000E+0	-5.050000E+0	4.325347E+3	NaN	NaN
	17/11/2022 16:20:24	-62.591000E-3	1.990000E-9	2.290000E-9	4.996000E-9	577.000000E-9	482.110000E-6	248.000000E+0	-5.163000E+0	4.325347E+3	NaN	NaN
	17/11/2022 16:20:31	-62.492000E-3	1.980000E-9	2.300000E-9	4.996000E-9	577.000000E-9	479.160000E-6	248.000000E+0	-5.050000E+0	4.325347E+3	NaN	NaN
	17/11/2022 16:20:38	-62.788000E-3	1.980000E-9	2.280000E-9	4.996000E-9	576.300000E-9	481.870000E-6	248.000000E+0	-5.275000E+0	4.325347E+3	NaN	NaN
	17/11/2022 16:20:45	-62.466000E-3	1.980000E-9	2.290000E-9	4.996000E-9	577.000000E-9	473.980000E-6	248.000000E+0	-5.163000E+0	4.325460E+3	NaN	NaN
	17/11/2022 16:20:53	-62.910000E-3	1.980000E-9	2.280000E-9	4.996000E-9	575.600000E-9	482.590000E-6	248.000000E+0	-5.163000E+0	4.325123E+3	NaN	NaN
	17/11/2022 16:21:00	-62.665000E-3	1.980000E-9	2.270000E-9	4.996000E-9	576.300000E-9	479.880000E-6	248.000000E+0	-5.163000E+0	4.325460E+3	NaN	NaN
	17/11/2022 16:21:07	-62.269000E-3	1.980000E-9	2.280000E-9	4.996000E-9	575.600000E-9	483.570000E-6	248.000000E+0	-5.050000E+0	4.325235E+3	NaN	NaN
	17/11/2022 16:21:14	-63.133000E-3	1.970000E-9	2.290000E-9	4.996000E-9	575.600000E-9	485.060000E-6	248.000000E+0	-5.050000E+0	4.325347E+3	NaN	NaN
	17/11/2022 16:21:21	-62.221000E-3	1.980000E-9	2.280000E-9	4.996000E-9	575.600000E-9	509.980000E-6	248.000000E+0	-5.163000E+0	4.325347E+3	NaN	NaN
	17/11/2022 16:21:29	-62.418000E-3	1.980000E-9	2.280000E-9	4.996000E-9	575.600000E-9	477.160000E-6	248.000000E+0	-5.163000E+0	4.325011E+3	NaN	NaN
	17/11/2022 16:21:36	-62.221000E-3	1.970000E-9	2.280000E-9	4.996000E-9	575.600000E-9	478.660000E-6	248.000000E+0	-5.387000E+0	4.325347E+3	NaN	NaN
	17/11/2022 16:21:43	-62.788000E-3	1.970000E-9	2.270000E-9	4.996000E-9	575.600000E-9	482.590000E-6	248.000000E+0	-5.163000E+0	4.325460E+3	NaN	NaN
	17/11/2022 16:21:50	-62.737000E-3	1.980000E-9	2.270000E-9	4.996000E-9	575.600000E-9	474.450000E-6	248.000000E+0	-5.050000E+0	4.325460E+3	NaN	NaN
	17/11/2022 16:21:57	-62.639000E-3	1.970000E-9	2.270000E-9	4.996000E-9	576.300000E-9	479.880000E-6	248.000000E+0	-5.050000E+0	4.325347E+3	NaN	NaN
	17/11/2022 16:22:05	-62.639000E-3	1.970000E-9	2.270000E-9	4.996000E-9	575.600000E-9	485.060000E-6	248.000000E+0	-5.275000E+0	4.325347E+3	NaN	NaN
	17/11/2022 16:22:12	-62.418000E-3	1.970000E-9	2.270000E-9	4.996000E-9	575.600000E-9	478.890000E-6	248.000000E+0	-5.275000E+0	4.325572E+3	NaN	NaN
	17/11/2022 16:22:19	-62.466000E-3	1.970000E-9	2.260000E-9	4.996000E-9	584.000000E-9	475.940000E-6	248.000000E+0	-5.050000E+0	4.325460E+3	NaN	NaN
	17/11/2022 16:22:26	-62.516000E-3	1.960000E-9	2.260000E-9	4.996000E-9	577.700000E-9	477.910000E-6	247.000000E+0	-5.275000E+0	4.325347E+3	NaN	NaN
	17/11/2022 16:22:33	-62.764000E-3	1.960000E-9	2.260000E-9	4.996000E-9	577.000000E-9	469.540000E-6	247.000000E+0	-5.275000E+0	4.325235E+3	NaN	NaN
	17/11/2022 16:22:40	-63.181000E-3	1.970000E-9	2.260000E-9	4.996000E-9	577.000000E-9	472.490000E-6	248.000000E+0	-5.163000E+0	4.325347E+3	NaN	NaN
	17/11/2022 16:22:48	-62.788000E-3	1.960000E-9	2.250000E-9	4.996000E-9	576.300000E-9	477.910000E-6	247.000000E+0	-5.050000E+0	4.325235E+3	NaN	NaN
	17/11/2022 16:22:55	-62.737000E-3	1.960000E-9	2.260000E-9	4.996000E-9	576.300000E-9	470.760000E-6	248.000000E+0	-5.050000E+0	4.325572E+3	NaN	NaN
	17/11/2022 16:23:02	-62.764000E-3	1.960000E-9	2.260000E-9	4.996000E-9	577.000000E-9	479.880000E-6	247.000000E+0	-5.050000E+0	4.325347E+3	NaN	NaN
	17/11/2022 16:23:09	-62.862000E-3	1.960000E-9	2.270000E-9	4.996000E-9	577.000000E-9	473.980000E-6	247.000000E+0	-5.387000E+0	4.325347E+3	NaN	NaN
	17/11/2022 16:23:16	-62.665000E-3	1.960000E-9	2.270000E-9	4.996000E-9	577.000000E-9	477.670000E-6	247.000000E+0	-5.050000E+0	4.325235E+3	NaN	NaN
	17/11/2022 16:23:24	-63.083000E-3	1.960000E-9	2.260000E-9	4.996000E-9	577.000000E-9	480.860000E-6	247.000000E+0	-5.050000E+0	4.325235E+3	NaN	NaN
	17/11/2022 16:23:31	-62.960000E-3	1.960000E-9	2.260000E-9	4.996000E-9	576.300000E-9	454.490000E-6	248.000000E+0	-5.163000E+0	4.325347E+3	NaN	NaN
	17/11/2022 16:23:38	-62.394000E-3	1.950000E-9	2.260000E-9	4.996000E-9	576.300000E-9	467.060000E-6	248.000000E+0	-5.275000E+0	4.325460E+3	NaN	NaN
	17/11/2022 16:23:45	-62.639000E-3	1.960000E-9	2.260000E-9	4.996000E-9	591.700000E-9	482.590000E-6	247.000000E+0	-5.163000E+0	4.325460E+3	NaN	NaN
	17/11/2022 16:23:52	-62.591000E-3	1.950000E-9	2.260000E-9	4.996000E-9	583.300000E-9	485.810000E-6	248.000000E+0	-4.938000E+0	4.325347E+3	NaN	NaN
	17/11/2022 16:23:59	-62.737000E-3	1.950000E-9	2.270000E-9	4.996000E-9	581.900000E-9	472.250000E-6	248.000000E+0	-5.050000E+0	4.325347E+3	NaN	NaN
	17/11/2022 16:24:07	-62.492000E-3	1.950000E-9	2.260000E-9	4.996000E-9	579.100000E-9	476.690000E-6	247.000000E+0	-5.275000E+0	4.325347E+3	NaN	NaN
	17/11/2022 16:24:14	-62.466000E-3	1.950000E-9	2.260000E-9	4.996000E-9	578.400000E-9	473.740000E-6	247.000000E+0	-4.938000E+0	4.325460E+3	NaN	NaN
	17/11/2022 16:24:21	-62.245000E-3	1.950000E-9	2.260000E-9	4.996000E-9	577.700000E-9	474.720000E-6	247.000000E+0	-5.163000E+0	4.325460E+3	NaN	NaN
	17/11/2022 16:24:28	-62.665000E-3	1.950000E-9	2.250000E-9	4.996000E-9	577.700000E-9	479.160000E-6	247.000000E+0	-5.275000E+0	4.325460E+3	NaN	NaN
	17/11/2022 16:24:35	-62.540000E-3	1.950000E-9	2.250000E-9	4.996000E-9	577.000000E-9	489.500000E-6	248.000000E+0	-5.050000E+0	4.325460E+3	NaN	NaN
	17/11/2022 16:24:43	-62.811000E-3	1.950000E-9	2.250000E-9	4.996000E-9	577.000000E-9	477.430000E-6	247.000000E+0	-5.050000E+0	4.325347E+3	NaN	NaN
	17/11/2022 16:24:50	-62.886000E-3	1.950000E-9	2.250000E-9	4.996000E-9	577.000000E-9	487.540000E-6	247.000000E+0	-5.050000E+0	4.325684E+3	NaN	NaN
	17/11/2022 16:24:57	-63.059000E-3	1.950000E-9	2.250000E-9	4.996000E-9	577.000000E-9	466.320000E-6	247.000000E+0	-5.050000E+0	4.325460E+3	NaN	NaN
	17/11/2022 16:25:04	-62.567000E-3	1.950000E-9	2.250000E-9	4.996000E-9	577.000000E-9	475.940000E-6	247.000000E+0	-5.387000E+0	4.325684E+3	NaN	NaN
	17/11/2022 16:25:11	-62.665000E-3	1.950000E-9	2.250000E-9	4.996000E-9	576.300000E-9	484.320000E-6	247.000000E+0	-5.387000E+0	4.325684E+3	NaN	NaN
	17/11/2022 16:25:18	-62.689000E-3	1.940000E-9	2.250000E-9	4.996000E-9	577.000000E-9	486.550000E-6	247.000000E+0	-4.938000E+0	4.325572E+3	NaN	NaN
	17/11/2022 16:25:25	-62.123000E-3	1.940000E-9	2.250000E-9	4.996000E-9	577.000000E-9	467.570000E-6	247.000000E+0	-5.163000E+0	4.325572E+3	NaN	NaN
	17/11/2022 16:25:33	-62.811000E-3	1.940000E-9	2.250000E-9	4.996000E-9	577.000000E-9	475.700000E-6	247.000000E+0	-5.275000E+0	4.325684E+3	NaN	NaN
	17/11/2022 16:25:40	-62.937000E-3	1.940000E-9	2.250000E-9	4.996000E-9	576.300000E-9	484.320000E-6	247.000000E+0	-5.163000E+0	4.325684E+3	NaN	NaN
	17/11/2022 16:25:47	-62.343000E-3	1.940000E-9	2.240000E-9	4.996000E-9	577.000000E-9	462.380000E-6	247.000000E+0	-5.050000E+0	4.325460E+3	NaN	NaN
	17/11/2022 16:25:54	-62.540000E-3	1.940000E-9	2.240000E-9	4.996000E-9	577.000000E-9	461.880000E-6	247.000000E+0	-5.163000E+0	4.325572E+3	NaN	NaN
	17/11/2022 16:26:01	-62.320000E-3	1.940000E-9	2.240000E-9	4.996000E-9	577.000000E-9	475.200000E-6	247.000000E+0	-5.275000E+0	4.325572E+3	NaN	NaN
	17/11/2022 16:26:09	-62.221000E-3	1.940000E-9	2.240000E-9	4.996000E-9	577.000000E-9	456.720000E-6	247.000000E+0	-5.163000E+0	4.325684E+3	NaN	NaN
	17/11/2022 16:26:16	-62.540000E-3	1.940000E-9	2.240000E-9	4.996000E-9	577.000000E-9	480.860000E-6	247.000000E+0	-5.275000E+0	4.325684E+3	NaN	NaN
	17/11/2022 16:26:23	-62.788000E-3	1.940000E-9	2.240000E-9	4.996000E-9	577.700000E-9	485.570000E-6	247.000000E+0	-5.163000E+0	4.325684E+3	NaN	NaN
	17/11/2022 16:26:30	-62.320000E-3	1.940000E-9	2.240000E-9	4.996000E-9	577.000000E-9	481.370000E-6	247.000000E+0	-5.050000E+0	4.325460E+3	NaN	NaN
	17/11/2022 16:26:37	-62.096000E-3	1.940000E-9	2.240000E-9	4.996000E-9	577.000000E-9	465.840000E-6	247.000000E+0	-5.275000E+0	4.325572E+3	NaN	NaN
	17/11/2022 16:26:44	-62.567000E-3	1.930000E-9	2.230000E-9	4.996000E-9	577.000000E-9	481.370000E-6	247.000000E+0	-5.275000E+0	4.325684E+3	NaN	NaN
	17/11/2022 16:26:52	-62.492000E-3	1.940000E-9	2.230000E-9	4.996000E-9	577.000000E-9	496.420000E-6	247.000000E+0	-5.275000E+0	4.325796E+3	NaN	NaN
	17/11/2022 16:26:59	-61.899000E-3	1.930000E-9	2.230000E-9	4.996000E-9	577.000000E-9	470.760000E-6	247.000000E+0	-5.163000E+0	4.325572E+3	NaN	NaN
	17/11/2022 16:27:06	-62.343000E-3	1.930000E-9	2.230000E-9	4.996000E-9	577.000000E-9	483.330000E-6	247.000000E+0	-5.163000E+0	4.325684E+3	NaN	NaN
	17/11/2022 16:27:13	-62.418000E-3	1.930000E-9	2.230000E-9	4.996000E-9	577.000000E-9	466.320000E-6	247.000000E+0	-5.050000E+0	4.325796E+3	NaN	NaN
	17/11/2022 16:27:20	-62.567000E-3	1.930000E-9	2.240000E-9	4.996000E-9	577.700000E-9	467.060000E-6	247.000000E+0	-5.163000E+0	4.325572E+3	NaN	NaN
	17/11/2022 16:27:27	-62.194000E-3	1.920000E-9	2.230000E-9	4.996000E-9	577.700000E-9	488.010000E-6	247.000000E+0	-5.275000E+0	4.325684E+3	NaN	NaN
	17/11/2022 16:27:35	-62.540000E-3	1.930000E-9	2.230000E-9	4.996000E-9	577.000000E-9	472.010000E-6	247.000000E+0	-5.163000E+0	4.325796E+3	NaN	NaN
	17/11/2022 16:27:42	-61.974000E-3	1.930000E-9	2.220000E-9	4.996000E-9	577.700000E-9	468.550000E-6	247.000000E+0	-5.163000E+0	4.325684E+3	NaN	NaN
	17/11/2022 16:27:49	-62.639000E-3	1.930000E-9	2.230000E-9	4.996000E-9	577.700000E-9	478.660000E-6	247.000000E+0	-5.163000E+0	4.325684E+3	NaN	NaN
	17/11/2022 16:27:56	-62.689000E-3	1.930000E-9	2.240000E-9	4.996000E-9	577.700000E-9	487.540000E-6	247.000000E+0	-5.050000E+0	4.325684E+3	NaN	NaN
	17/11/2022 16:28:03	-62.418000E-3	1.930000E-9	2.230000E-9	4.996000E-9	577.700000E-9	476.690000E-6	247.000000E+0	-5.050000E+0	4.325684E+3	NaN	NaN
	17/11/2022 16:28:11	-62.147000E-3	1.930000E-9	2.220000E-9	4.996000E-9	577.700000E-9	480.860000E-6	247.000000E+0	-5.050000E+0	4.325684E+3	NaN	NaN
	17/11/2022 16:28:18	-62.221000E-3	1.920000E-9	2.220000E-9	4.996000E-9	577.700000E-9	480.150000E-6	247.000000E+0	-5.275000E+0	4.325796E+3	NaN	NaN
	17/11/2022 16:28:25	-66.215000E-3	1.920000E-9	2.210000E-9	4.996000E-9	577.700000E-9	476.180000E-6	247.000000E+0	-5.050000E+0	4.325796E+3	NaN	NaN
	17/11/2022 16:28:32	-62.788000E-3	1.920000E-9	2.220000E-9	4.996000E-9	577.700000E-9	484.080000E-6	247.000000E+0	-5.387000E+0	4.325684E+3	NaN	NaN
	17/11/2022 16:28:39	-62.737000E-3	1.920000E-9	2.230000E-9	4.996000E-9	577.700000E-9	469.540000E-6	246.000000E+0	-5.163000E+0	4.325796E+3	NaN	NaN
	17/11/2022 16:28:46	-62.689000E-3	1.920000E-9	2.220000E-9	4.996000E-9	577.700000E-9	482.590000E-6	247.000000E+0	-5.275000E+0	4.325909E+3	NaN	NaN
	17/11/2022 16:28:54	-62.072000E-3	1.910000E-9	2.220000E-9	4.996000E-9	578.400000E-9	485.060000E-6	247.000000E+0	-5.275000E+0	4.326021E+3	NaN	NaN
	17/11/2022 16:29:01	-62.147000E-3	1.920000E-9	2.210000E-9	4.996000E-9	578.400000E-9	476.450000E-6	247.000000E+0	-5.275000E+0	4.326021E+3	NaN	NaN
	17/11/2022 16:29:08	-62.540000E-3	1.920000E-9	2.210000E-9	4.996000E-9	578.400000E-9	475.940000E-6	246.000000E+0	-5.275000E+0	4.325796E+3	NaN	NaN
	17/11/2022 16:29:15	-62.320000E-3	1.910000E-9	2.220000E-9	4.996000E-9	578.400000E-9	480.150000E-6	246.000000E+0	-5.163000E+0	4.325684E+3	NaN	NaN
	17/11/2022 16:29:22	-62.072000E-3	1.910000E-9	2.220000E-9	4.996000E-9	578.400000E-9	484.320000E-6	246.000000E+0	-5.275000E+0	4.325909E+3	NaN	NaN
	17/11/2022 16:29:29	-62.442000E-3	1.910000E-9	2.220000E-9	4.996000E-9	578.400000E-9	480.620000E-6	247.000000E+0	-5.163000E+0	4.325796E+3	NaN	NaN
	17/11/2022 16:29:37	-62.862000E-3	1.920000E-9	2.210000E-9	4.996000E-9	578.400000E-9	481.370000E-6	246.000000E+0	-5.387000E+0	4.326021E+3	NaN	NaN
	17/11/2022 16:29:44	-62.540000E-3	1.910000E-9	2.220000E-9	4.996000E-9	579.100000E-9	481.610000E-6	246.000000E+0	-5.275000E+0	4.325909E+3	NaN	NaN
	17/11/2022 16:29:51	-62.567000E-3	1.910000E-9	2.220000E-9	4.996000E-9	642.100000E-9	480.860000E-6	246.000000E+0	-5.163000E+0	4.326021E+3	NaN	NaN
	17/11/2022 16:29:58	-63.035000E-3	1.910000E-9	2.210000E-9	4.996000E-9	606.100000E-9	472.490000E-6	246.000000E+0	-5.163000E+0	4.326021E+3	NaN	NaN
	17/11/2022 16:30:05	-62.466000E-3	1.910000E-9	2.210000E-9	4.996000E-9	594.600000E-9	480.380000E-6	247.000000E+0	-5.275000E+0	4.326021E+3	NaN	NaN
	17/11/2022 16:30:12	-62.567000E-3	1.910000E-9	2.210000E-9	4.996000E-9	589.600000E-9	488.010000E-6	246.000000E+0	-5.387000E+0	4.326021E+3	NaN	NaN
	17/11/2022 16:30:20	-62.269000E-3	1.910000E-9	2.220000E-9	4.996000E-9	588.200000E-9	474.720000E-6	246.000000E+0	-5.275000E+0	4.325909E+3	NaN	NaN
	17/11/2022 16:30:27	-62.269000E-3	1.910000E-9	2.210000E-9	4.996000E-9	584.000000E-9	459.160000E-6	247.000000E+0	-4.938000E+0	4.325796E+3	NaN	NaN
	17/11/2022 16:30:34	-62.466000E-3	1.910000E-9	2.210000E-9	4.996000E-9	583.300000E-9	460.890000E-6	246.000000E+0	-5.163000E+0	4.325909E+3	NaN	NaN
	17/11/2022 16:30:41	-62.665000E-3	1.910000E-9	2.200000E-9	4.996000E-9	583.300000E-9	478.660000E-6	246.000000E+0	-5.050000E+0	4.326021E+3	NaN	NaN
	17/11/2022 16:30:48	-62.838000E-3	1.900000E-9	2.210000E-9	4.996000E-9	583.300000E-9	473.740000E-6	247.000000E+0	-5.275000E+0	4.325796E+3	NaN	NaN
	17/11/2022 16:30:56	-62.048000E-3	1.910000E-9	2.210000E-9	4.996000E-9	583.300000E-9	474.720000E-6	246.000000E+0	-5.163000E+0	4.326021E+3	NaN	NaN
	17/11/2022 16:31:03	-62.811000E-3	1.900000E-9	2.200000E-9	4.996000E-9	583.300000E-9	473.740000E-6	246.000000E+0	-5.163000E+0	4.325796E+3	NaN	NaN
	17/11/2022 16:31:10	-62.320000E-3	1.910000E-9	2.210000E-9	4.996000E-9	583.300000E-9	478.660000E-6	246.000000E+0	-5.275000E+0	4.325909E+3	NaN	NaN
	17/11/2022 16:31:17	-62.418000E-3	1.900000E-9	2.200000E-9	4.996000E-9	583.300000E-9	479.640000E-6	246.000000E+0	-5.275000E+0	4.326021E+3	NaN	NaN
	17/11/2022 16:31:24	-62.245000E-3	1.910000E-9	2.200000E-9	4.996000E-9	583.300000E-9	484.590000E-6	246.000000E+0	-5.275000E+0	4.325909E+3	NaN	NaN
	17/11/2022 16:31:32	-62.147000E-3	1.900000E-9	2.200000E-9	4.996000E-9	583.300000E-9	474.210000E-6	246.000000E+0	-5.275000E+0	4.326133E+3	NaN	NaN
	17/11/2022 16:31:39	-64.293000E-3	1.900000E-9	2.200000E-9	4.996000E-9	583.300000E-9	447.600000E-6	246.000000E+0	-4.938000E+0	4.326133E+3	NaN	NaN
	17/11/2022 16:31:46	-62.567000E-3	1.900000E-9	2.210000E-9	4.996000E-9	583.300000E-9	480.150000E-6	246.000000E+0	-5.163000E+0	4.325909E+3	NaN	NaN
	17/11/2022 16:31:53	-62.418000E-3	1.900000E-9	2.200000E-9	4.996000E-9	583.300000E-9	468.280000E-6	246.000000E+0	-5.050000E+0	4.326133E+3	NaN	NaN
	17/11/2022 16:32:00	-62.737000E-3	1.900000E-9	2.200000E-9	4.996000E-9	583.300000E-9	482.590000E-6	246.000000E+0	-5.163000E+0	4.325909E+3	NaN	NaN
	17/11/2022 16:32:07	-62.367000E-3	1.900000E-9	2.200000E-9	4.996000E-9	583.300000E-9	467.810000E-6	246.000000E+0	-5.163000E+0	4.326133E+3	NaN	NaN
	17/11/2022 16:32:15	-62.737000E-3	1.900000E-9	2.200000E-9	4.996000E-9	583.300000E-9	475.940000E-6	246.000000E+0	-5.275000E+0	4.326021E+3	NaN	NaN
	17/11/2022 16:32:22	-62.072000E-3	1.900000E-9	2.210000E-9	4.996000E-9	583.300000E-9	486.050000E-6	246.000000E+0	-5.163000E+0	4.325909E+3	NaN	NaN
	17/11/2022 16:32:29	-62.492000E-3	1.910000E-9	2.200000E-9	4.996000E-9	583.300000E-9	479.400000E-6	246.000000E+0	-5.163000E+0	4.326021E+3	NaN	NaN
	17/11/2022 16:32:36	-62.245000E-3	1.900000E-9	2.190000E-9	4.996000E-9	583.300000E-9	471.740000E-6	246.000000E+0	-5.275000E+0	4.326021E+3	NaN	NaN
	17/11/2022 16:32:43	-62.737000E-3	1.900000E-9	2.200000E-9	4.996000E-9	583.300000E-9	477.160000E-6	246.000000E+0	-5.387000E+0	4.326021E+3	NaN	NaN
	17/11/2022 16:32:51	-62.838000E-3	1.900000E-9	2.210000E-9	4.996000E-9	583.300000E-9	466.080000E-6	246.000000E+0	-5.163000E+0	4.326133E+3	NaN	NaN
	17/11/2022 16:32:58	-62.886000E-3	1.900000E-9	2.200000E-9	4.996000E-9	583.300000E-9	480.860000E-6	246.000000E+0	-5.275000E+0	4.326021E+3	NaN	NaN
	17/11/2022 16:33:05	-63.577000E-3	1.900000E-9	2.200000E-9	4.996000E-9	583.300000E-9	477.430000E-6	246.000000E+0	-5.163000E+0	4.326133E+3	NaN	NaN
	17/11/2022 16:33:12	-61.899000E-3	1.900000E-9	2.200000E-9	4.996000E-9	583.300000E-9	464.590000E-6	246.000000E+0	-5.163000E+0	4.326133E+3	NaN	NaN
	17/11/2022 16:33:19	-62.147000E-3	1.900000E-9	2.190000E-9	4.996000E-9	583.300000E-9	490.490000E-6	246.000000E+0	-5.163000E+0	4.326245E+3	NaN	NaN
	17/11/2022 16:33:27	-62.713000E-3	1.900000E-9	2.190000E-9	4.996000E-9	583.300000E-9	477.910000E-6	246.000000E+0	-5.050000E+0	4.325909E+3	NaN	NaN
	17/11/2022 16:33:34	-61.950000E-3	1.900000E-9	2.200000E-9	4.996000E-9	583.300000E-9	469.030000E-6	246.000000E+0	-5.163000E+0	4.326021E+3	NaN	NaN
	17/11/2022 16:33:41	-62.296000E-3	1.900000E-9	2.200000E-9	4.996000E-9	583.300000E-9	481.610000E-6	246.000000E+0	-5.050000E+0	4.326133E+3	NaN	NaN
	17/11/2022 16:33:48	-61.998000E-3	1.900000E-9	2.200000E-9	4.996000E-9	583.300000E-9	472.990000E-6	246.000000E+0	-5.050000E+0	4.326021E+3	NaN	NaN
	17/11/2022 16:33:55	-62.764000E-3	1.900000E-9	2.200000E-9	4.996000E-9	583.300000E-9	476.450000E-6	246.000000E+0	-5.050000E+0	4.326133E+3	NaN	NaN
	17/11/2022 16:34:02	-62.838000E-3	1.890000E-9	2.200000E-9	4.996000E-9	583.300000E-9	482.590000E-6	246.000000E+0	-5.163000E+0	4.326245E+3	NaN	NaN
	17/11/2022 16:34:09	-62.639000E-3	1.890000E-9	2.200000E-9	4.996000E-9	583.300000E-9	482.110000E-6	246.000000E+0	-5.163000E+0	4.326021E+3	NaN	NaN
	17/11/2022 16:34:17	-62.764000E-3	1.900000E-9	2.190000E-9	4.996000E-9	583.300000E-9	480.150000E-6	246.000000E+0	-5.163000E+0	4.326245E+3	NaN	NaN
	17/11/2022 16:34:24	-62.171000E-3	1.890000E-9	2.200000E-9	4.996000E-9	583.300000E-9	477.160000E-6	246.000000E+0	-5.163000E+0	4.326021E+3	NaN	NaN
	17/11/2022 16:34:31	-62.639000E-3	1.890000E-9	2.190000E-9	4.996000E-9	583.300000E-9	480.620000E-6	246.000000E+0	-5.163000E+0	4.326245E+3	NaN	NaN
	17/11/2022 16:34:38	-66.534000E-3	1.890000E-9	2.190000E-9	4.996000E-9	583.300000E-9	473.230000E-6	246.000000E+0	-5.163000E+0	4.326245E+3	NaN	NaN
	17/11/2022 16:34:45	-62.737000E-3	1.890000E-9	2.200000E-9	4.996000E-9	583.300000E-9	483.570000E-6	246.000000E+0	-5.163000E+0	4.326133E+3	NaN	NaN
	17/11/2022 16:34:53	-62.764000E-3	1.890000E-9	2.190000E-9	4.996000E-9	583.300000E-9	469.770000E-6	246.000000E+0	-5.163000E+0	4.326245E+3	NaN	NaN
	17/11/2022 16:35:00	-62.245000E-3	1.890000E-9	2.200000E-9	4.996000E-9	583.300000E-9	485.060000E-6	246.000000E+0	-5.050000E+0	4.326357E+3	NaN	NaN
	17/11/2022 16:35:07	-62.540000E-3	1.890000E-9	2.190000E-9	4.996000E-9	583.300000E-9	466.590000E-6	246.000000E+0	-5.163000E+0	4.326245E+3	NaN	NaN
	17/11/2022 16:35:14	-62.221000E-3	1.890000E-9	2.190000E-9	4.996000E-9	611.200000E-9	474.960000E-6	246.000000E+0	-5.163000E+0	4.326133E+3	NaN	NaN
	17/11/2022 16:35:21	-62.567000E-3	1.890000E-9	2.190000E-9	4.996000E-9	612.700000E-9	451.530000E-6	246.000000E+0	-5.050000E+0	4.326245E+3	NaN	NaN
	17/11/2022 16:35:29	-62.713000E-3	1.890000E-9	2.180000E-9	4.996000E-9	598.200000E-9	482.590000E-6	246.000000E+0	-4.938000E+0	4.326245E+3	NaN	NaN
	17/11/2022 16:35:36	-62.937000E-3	1.890000E-9	2.180000E-9	4.996000E-9	590.300000E-9	484.590000E-6	246.000000E+0	-4.938000E+0	4.326357E+3	NaN	NaN
	17/11/2022 16:35:43	-62.591000E-3	1.890000E-9	2.190000E-9	4.996000E-9	632.100000E-9	481.130000E-6	246.000000E+0	-5.163000E+0	4.326245E+3	NaN	NaN
	17/11/2022 16:35:50	-61.852000E-3	1.890000E-9	2.190000E-9	4.996000E-9	606.100000E-9	474.450000E-6	246.000000E+0	-5.275000E+0	4.326245E+3	NaN	NaN
	17/11/2022 16:35:57	-62.639000E-3	1.880000E-9	2.190000E-9	4.996000E-9	595.300000E-9	473.980000E-6	246.000000E+0	-5.275000E+0	4.326357E+3	NaN	NaN
	17/11/2022 16:36:04	-62.245000E-3	1.880000E-9	2.180000E-9	4.996000E-9	590.300000E-9	460.150000E-6	246.000000E+0	-5.050000E+0	4.326245E+3	NaN	NaN
	17/11/2022 16:36:11	-62.367000E-3	1.880000E-9	2.180000E-9	4.996000E-9	588.900000E-9	472.490000E-6	246.000000E+0	-5.163000E+0	4.326245E+3	NaN	NaN
	17/11/2022 16:36:19	-62.296000E-3	1.880000E-9	2.170000E-9	4.996000E-9	584.000000E-9	465.330000E-6	246.000000E+0	-5.275000E+0	4.326245E+3	NaN	NaN
	17/11/2022 16:36:26	-62.838000E-3	1.880000E-9	2.190000E-9	4.996000E-9	584.000000E-9	477.430000E-6	246.000000E+0	-5.163000E+0	4.326245E+3	NaN	NaN
	17/11/2022 16:36:33	-62.737000E-3	1.880000E-9	2.190000E-9	4.996000E-9	583.300000E-9	479.160000E-6	246.000000E+0	-5.050000E+0	4.326021E+3	NaN	NaN
	17/11/2022 16:36:40	-62.984000E-3	1.880000E-9	2.180000E-9	4.996000E-9	584.000000E-9	472.990000E-6	246.000000E+0	-5.050000E+0	4.326021E+3	NaN	NaN
	17/11/2022 16:36:47	-62.862000E-3	1.880000E-9	2.180000E-9	4.996000E-9	583.300000E-9	481.610000E-6	246.000000E+0	-5.050000E+0	4.325909E+3	NaN	NaN
	17/11/2022 16:36:54	-62.811000E-3	1.880000E-9	2.180000E-9	4.996000E-9	583.300000E-9	475.700000E-6	245.000000E+0	-5.050000E+0	4.325909E+3	NaN	NaN
	17/11/2022 16:37:02	-62.689000E-3	1.880000E-9	2.180000E-9	4.996000E-9	583.300000E-9	477.430000E-6	246.000000E+0	-5.275000E+0	4.325684E+3	NaN	NaN
	17/11/2022 16:37:09	-62.910000E-3	15.100000E-9	19.100000E-9	12.060000E-9	583.300000E-9	449.060000E-6	245.000000E+0	-5.050000E+0	4.325684E+3	NaN	NaN
	17/11/2022 16:37:16	-62.567000E-3	2.800000E-9	3.860000E-9	4.996000E-9	582.600000E-9	487.540000E-6	245.000000E+0	-5.275000E+0	4.325909E+3	NaN	NaN
	17/11/2022 16:37:23	-62.862000E-3	2.310000E-9	3.090000E-9	4.996000E-9	582.600000E-9	464.590000E-6	245.000000E+0	-5.275000E+0	4.325460E+3	NaN	NaN
	17/11/2022 16:37:30	-62.367000E-3	2.190000E-9	2.840000E-9	4.996000E-9	582.600000E-9	479.640000E-6	246.000000E+0	-5.163000E+0	4.325572E+3	NaN	NaN
	17/11/2022 16:37:38	-61.852000E-3	2.140000E-9	2.720000E-9	4.996000E-9	581.900000E-9	469.030000E-6	245.000000E+0	-5.050000E+0	4.325796E+3	NaN	NaN
	17/11/2022 16:37:45	-62.269000E-3	2.090000E-9	2.640000E-9	4.996000E-9	579.100000E-9	480.150000E-6	245.000000E+0	-5.163000E+0	4.325796E+3	NaN	NaN
	17/11/2022 16:37:52	-62.418000E-3	2.070000E-9	2.590000E-9	4.996000E-9	578.400000E-9	462.140000E-6	245.000000E+0	-5.275000E+0	4.325909E+3	NaN	NaN
	17/11/2022 16:37:59	-62.689000E-3	2.060000E-9	2.550000E-9	4.996000E-9	577.700000E-9	482.110000E-6	245.000000E+0	-5.275000E+0	4.325909E+3	NaN	NaN
	17/11/2022 16:38:06	-62.194000E-3	2.040000E-9	2.520000E-9	4.996000E-9	577.000000E-9	479.400000E-6	246.000000E+0	-5.050000E+0	4.325909E+3	NaN	NaN
	17/11/2022 16:38:13	-62.343000E-3	2.020000E-9	2.490000E-9	4.996000E-9	577.000000E-9	482.350000E-6	245.000000E+0	-5.275000E+0	4.326133E+3	NaN	NaN
	17/11/2022 16:38:20	-62.147000E-3	2.020000E-9	2.470000E-9	4.996000E-9	576.300000E-9	440.180000E-6	245.000000E+0	-5.163000E+0	4.326245E+3	NaN	NaN
	17/11/2022 16:38:28	-62.811000E-3	2.010000E-9	2.450000E-9	4.996000E-9	577.000000E-9	472.250000E-6	245.000000E+0	-5.163000E+0	4.326357E+3	NaN	NaN
	17/11/2022 16:38:35	-62.764000E-3	2.010000E-9	2.430000E-9	4.996000E-9	577.000000E-9	476.450000E-6	245.000000E+0	-5.275000E+0	4.326245E+3	NaN	NaN
	17/11/2022 16:38:42	-62.540000E-3	1.990000E-9	2.420000E-9	4.996000E-9	576.300000E-9	448.080000E-6	245.000000E+0	-5.163000E+0	4.326470E+3	NaN	NaN
	17/11/2022 16:38:49	-62.811000E-3	1.990000E-9	2.410000E-9	4.996000E-9	576.300000E-9	444.380000E-6	245.000000E+0	-5.275000E+0	4.326470E+3	NaN	NaN
	17/11/2022 16:38:56	-62.442000E-3	1.980000E-9	2.400000E-9	4.996000E-9	576.300000E-9	484.080000E-6	245.000000E+0	-5.050000E+0	4.326694E+3	NaN	NaN
	17/11/2022 16:39:04	-63.330000E-3	1.980000E-9	2.400000E-9	4.996000E-9	575.600000E-9	482.350000E-6	245.000000E+0	-5.163000E+0	4.326694E+3	NaN	NaN
	17/11/2022 16:39:11	-62.591000E-3	1.980000E-9	2.390000E-9	4.996000E-9	575.600000E-9	466.320000E-6	245.000000E+0	-5.275000E+0	4.326694E+3	NaN	NaN
	17/11/2022 16:39:18	-62.567000E-3	1.970000E-9	2.380000E-9	4.996000E-9	576.300000E-9	483.570000E-6	245.000000E+0	-5.275000E+0	4.327031E+3	NaN	NaN
	17/11/2022 16:39:25	-62.615000E-3	1.970000E-9	2.370000E-9	4.996000E-9	576.300000E-9	477.670000E-6	245.000000E+0	-5.163000E+0	4.326919E+3	NaN	NaN
	17/11/2022 16:39:32	-62.221000E-3	1.970000E-9	2.360000E-9	4.996000E-9	576.300000E-9	482.860000E-6	245.000000E+0	-5.163000E+0	4.326919E+3	NaN	NaN
	17/11/2022 16:39:40	-62.713000E-3	1.960000E-9	2.360000E-9	4.996000E-9	576.300000E-9	478.420000E-6	245.000000E+0	-5.050000E+0	4.327031E+3	NaN	NaN
	17/11/2022 16:39:47	-63.059000E-3	1.960000E-9	2.350000E-9	4.996000E-9	576.300000E-9	481.370000E-6	245.000000E+0	-5.163000E+0	4.326919E+3	NaN	NaN
	17/11/2022 16:39:54	-62.665000E-3	1.960000E-9	2.350000E-9	4.996000E-9	576.300000E-9	483.570000E-6	245.000000E+0	-5.163000E+0	4.327143E+3	NaN	NaN
	17/11/2022 16:40:01	-63.109000E-3	1.960000E-9	2.340000E-9	4.996000E-9	576.300000E-9	464.590000E-6	245.000000E+0	-5.275000E+0	4.327143E+3	NaN	NaN
	17/11/2022 16:40:08	-62.418000E-3	1.970000E-9	2.350000E-9	4.996000E-9	577.000000E-9	482.860000E-6	245.000000E+0	-5.163000E+0	4.327255E+3	NaN	NaN
	17/11/2022 16:40:15	-62.665000E-3	1.960000E-9	2.340000E-9	4.996000E-9	576.300000E-9	483.570000E-6	245.000000E+0	-5.275000E+0	4.327143E+3	NaN	NaN
	17/11/2022 16:40:23	-62.811000E-3	1.960000E-9	2.330000E-9	4.996000E-9	576.300000E-9	478.890000E-6	245.000000E+0	-5.275000E+0	4.327143E+3	NaN	NaN
	17/11/2022 16:40:30	-62.221000E-3	1.950000E-9	2.330000E-9	4.996000E-9	576.300000E-9	498.860000E-6	245.000000E+0	-5.163000E+0	4.327143E+3	NaN	NaN
	17/11/2022 16:40:37	-62.466000E-3	1.960000E-9	2.330000E-9	4.996000E-9	576.300000E-9	462.380000E-6	245.000000E+0	-5.163000E+0	4.327368E+3	NaN	NaN
	17/11/2022 16:40:44	-62.516000E-3	1.950000E-9	2.340000E-9	4.996000E-9	576.300000E-9	485.810000E-6	245.000000E+0	-5.275000E+0	4.327480E+3	NaN	NaN
	17/11/2022 16:40:51	-62.591000E-3	1.950000E-9	2.330000E-9	4.996000E-9	576.300000E-9	480.620000E-6	245.000000E+0	-5.163000E+0	4.327143E+3	NaN	NaN
	17/11/2022 16:40:58	-62.245000E-3	1.950000E-9	2.330000E-9	4.996000E-9	577.000000E-9	473.470000E-6	245.000000E+0	-5.163000E+0	4.327480E+3	NaN	NaN
	17/11/2022 16:41:06	-62.984000E-3	1.950000E-9	2.330000E-9	4.996000E-9	577.000000E-9	488.280000E-6	245.000000E+0	-5.050000E+0	4.327255E+3	NaN	NaN
	17/11/2022 16:41:13	-62.442000E-3	1.940000E-9	2.320000E-9	4.996000E-9	576.300000E-9	451.770000E-6	245.000000E+0	-5.387000E+0	4.327143E+3	NaN	NaN
	17/11/2022 16:41:20	-62.269000E-3	1.940000E-9	2.320000E-9	4.996000E-9	576.300000E-9	475.700000E-6	245.000000E+0	-5.163000E+0	4.327255E+3	NaN	NaN
	17/11/2022 16:41:27	-62.591000E-3	1.950000E-9	2.310000E-9	4.996000E-9	866.800000E-9	473.230000E-6	245.000000E+0	-5.275000E+0	4.327480E+3	NaN	NaN
	17/11/2022 16:41:34	-61.825000E-3	1.940000E-9	2.310000E-9	4.996000E-9	770.600000E-9	474.450000E-6	245.000000E+0	-5.387000E+0	4.327368E+3	NaN	NaN
	17/11/2022 16:41:42	-62.048000E-3	1.940000E-9	2.310000E-9	4.996000E-9	661.600000E-9	484.590000E-6	245.000000E+0	-5.275000E+0	4.327031E+3	NaN	NaN
	17/11/2022 16:41:49	-63.306000E-3	1.940000E-9	2.300000E-9	4.996000E-9	620.100000E-9	472.720000E-6	245.000000E+0	-5.387000E+0	4.327143E+3	NaN	NaN
	17/11/2022 16:41:56	-62.320000E-3	1.940000E-9	2.300000E-9	4.996000E-9	605.400000E-9	486.280000E-6	245.000000E+0	-5.163000E+0	4.327255E+3	NaN	NaN
	17/11/2022 16:42:03	-62.764000E-3	1.930000E-9	2.300000E-9	4.996000E-9	595.300000E-9	467.810000E-6	245.000000E+0	-4.938000E+0	4.327480E+3	NaN	NaN
	17/11/2022 16:42:10	-61.998000E-3	1.930000E-9	2.300000E-9	4.996000E-9	589.600000E-9	483.100000E-6	245.000000E+0	-5.163000E+0	4.327368E+3	NaN	NaN
	17/11/2022 16:42:17	-62.838000E-3	1.940000E-9	2.300000E-9	4.996000E-9	588.900000E-9	485.810000E-6	245.000000E+0	-5.163000E+0	4.327368E+3	NaN	NaN
	17/11/2022 16:42:25	-62.737000E-3	1.930000E-9	2.290000E-9	4.996000E-9	583.300000E-9	477.160000E-6	245.000000E+0	-5.050000E+0	4.327480E+3	NaN	NaN
	17/11/2022 16:42:32	-62.418000E-3	1.930000E-9	2.290000E-9	4.996000E-9	583.300000E-9	479.400000E-6	245.000000E+0	-5.050000E+0	4.327480E+3	NaN	NaN
	17/11/2022 16:42:39	-62.367000E-3	1.930000E-9	2.290000E-9	4.996000E-9	582.600000E-9	475.440000E-6	245.000000E+0	-5.163000E+0	4.327368E+3	NaN	NaN
	17/11/2022 16:42:46	-63.083000E-3	1.930000E-9	2.280000E-9	4.996000E-9	581.200000E-9	460.150000E-6	245.000000E+0	-5.050000E+0	4.327368E+3	NaN	NaN
	17/11/2022 16:42:53	-62.394000E-3	1.930000E-9	2.280000E-9	4.996000E-9	579.100000E-9	482.860000E-6	245.000000E+0	-5.163000E+0	4.327704E+3	NaN	NaN
	17/11/2022 16:43:01	-62.492000E-3	1.930000E-9	2.270000E-9	4.996000E-9	578.400000E-9	476.450000E-6	245.000000E+0	-5.275000E+0	4.327592E+3	NaN	NaN
	17/11/2022 16:43:08	-62.713000E-3	1.930000E-9	2.270000E-9	4.996000E-9	577.700000E-9	480.860000E-6	245.000000E+0	-5.050000E+0	4.327480E+3	NaN	NaN
	17/11/2022 16:43:15	-62.567000E-3	1.920000E-9	2.270000E-9	4.996000E-9	577.700000E-9	478.660000E-6	245.000000E+0	-4.938000E+0	4.327368E+3	NaN	NaN
	17/11/2022 16:43:22	-64.760000E-3	1.920000E-9	2.270000E-9	4.996000E-9	577.000000E-9	483.840000E-6	245.000000E+0	-5.275000E+0	4.327592E+3	NaN	NaN
	17/11/2022 16:43:29	-61.899000E-3	1.930000E-9	2.270000E-9	4.996000E-9	577.000000E-9	480.380000E-6	245.000000E+0	-5.275000E+0	4.327480E+3	NaN	NaN
	17/11/2022 16:43:36	-63.083000E-3	1.920000E-9	2.270000E-9	4.996000E-9	577.000000E-9	466.320000E-6	244.000000E+0	-5.387000E+0	4.327480E+3	NaN	NaN
	17/11/2022 16:43:44	-63.059000E-3	1.920000E-9	2.260000E-9	4.996000E-9	577.000000E-9	480.620000E-6	245.000000E+0	-5.163000E+0	4.327592E+3	NaN	NaN
	17/11/2022 16:43:51	-62.811000E-3	1.920000E-9	2.260000E-9	4.996000E-9	576.300000E-9	480.860000E-6	245.000000E+0	-5.163000E+0	4.327480E+3	NaN	NaN
	17/11/2022 16:43:58	-62.910000E-3	1.920000E-9	2.260000E-9	4.996000E-9	576.300000E-9	475.940000E-6	245.000000E+0	-5.275000E+0	4.327480E+3	NaN	NaN
	17/11/2022 16:44:05	-63.255000E-3	1.920000E-9	2.260000E-9	4.996000E-9	576.300000E-9	481.370000E-6	245.000000E+0	-5.050000E+0	4.327480E+3	NaN	NaN
	17/11/2022 16:44:12	-62.466000E-3	1.900000E-9	2.250000E-9	4.996000E-9	576.300000E-9	482.350000E-6	245.000000E+0	-5.163000E+0	4.327480E+3	NaN	NaN
	17/11/2022 16:44:20	-62.221000E-3	1.910000E-9	2.250000E-9	4.996000E-9	576.300000E-9	453.030000E-6	245.000000E+0	-5.163000E+0	4.327480E+3	NaN	NaN
	17/11/2022 16:44:27	-62.367000E-3	1.900000E-9	2.240000E-9	4.996000E-9	576.300000E-9	475.200000E-6	245.000000E+0	-5.163000E+0	4.327704E+3	NaN	NaN
	17/11/2022 16:44:34	-62.615000E-3	1.910000E-9	2.240000E-9	4.996000E-9	575.600000E-9	463.130000E-6	245.000000E+0	-5.163000E+0	4.327480E+3	NaN	NaN
	17/11/2022 16:44:41	-62.862000E-3	1.900000E-9	2.240000E-9	4.996000E-9	577.700000E-9	475.700000E-6	245.000000E+0	-5.275000E+0	4.327255E+3	NaN	NaN
	17/11/2022 16:44:48	-62.615000E-3	1.900000E-9	2.240000E-9	4.996000E-9	577.000000E-9	472.720000E-6	245.000000E+0	-5.275000E+0	4.327255E+3	NaN	NaN
	17/11/2022 16:44:56	-62.567000E-3	1.910000E-9	2.240000E-9	4.996000E-9	576.300000E-9	482.110000E-6	244.000000E+0	-5.163000E+0	4.327255E+3	NaN	NaN
	17/11/2022 16:45:03	-62.591000E-3	1.900000E-9	2.240000E-9	4.996000E-9	575.600000E-9	480.860000E-6	245.000000E+0	-5.275000E+0	4.327255E+3	NaN	NaN
	17/11/2022 16:45:10	-62.048000E-3	1.900000E-9	2.240000E-9	4.996000E-9	575.600000E-9	472.250000E-6	244.000000E+0	-5.163000E+0	4.327480E+3	NaN	NaN
	17/11/2022 16:45:17	-62.492000E-3	1.890000E-9	2.230000E-9	4.996000E-9	575.600000E-9	480.860000E-6	244.000000E+0	-5.163000E+0	4.327368E+3	NaN	NaN
	17/11/2022 16:45:24	-62.591000E-3	1.900000E-9	2.230000E-9	4.996000E-9	574.900000E-9	440.690000E-6	244.000000E+0	-5.163000E+0	4.327368E+3	NaN	NaN
	17/11/2022 16:45:31	-62.343000E-3	1.900000E-9	2.230000E-9	4.996000E-9	574.200000E-9	468.050000E-6	244.000000E+0	-5.163000E+0	4.327480E+3	NaN	NaN
	17/11/2022 16:45:39	-62.269000E-3	1.890000E-9	2.230000E-9	4.996000E-9	574.900000E-9	459.160000E-6	244.000000E+0	-5.275000E+0	4.327592E+3	NaN	NaN
	17/11/2022 16:45:46	-62.418000E-3	1.900000E-9	2.240000E-9	4.996000E-9	574.200000E-9	478.660000E-6	244.000000E+0	-5.163000E+0	4.327368E+3	NaN	NaN
