Live comments	Time	injection 100mbar	Barion_2	Barion_1	DUAL experiment	DUAL insulation	helium	I_emission	I_grid	injection 1mbar	T-platinum	T-CERNOX
	21/10/2022 16:34:01	-59.533000E-3	4.450000E-9	1.470000E-9	4.996000E-9	2.535000E-6	0.000000E+0	0.000000E+0	0.000000E+0	653.760000E-3	-109.203000E+0	56.565000E+0
	21/10/2022 16:34:12	-58.869000E-3	4.430000E-9	1.460000E-9	4.996000E-9	2.532000E-6	0.000000E+0	0.000000E+0	0.000000E+0	653.780000E-3	-109.203000E+0	56.790000E+0
	21/10/2022 16:34:24	-58.818000E-3	4.400000E-9	1.460000E-9	4.996000E-9	2.535000E-6	0.000000E+0	0.000000E+0	0.000000E+0	653.760000E-3	-108.978000E+0	56.678000E+0
	21/10/2022 16:34:36	-59.336000E-3	4.380000E-9	1.450000E-9	4.996000E-9	2.535000E-6	0.000000E+0	0.000000E+0	0.000000E+0	653.810000E-3	-109.427000E+0	56.790000E+0
	21/10/2022 16:34:47	-58.818000E-3	4.350000E-9	1.440000E-9	4.996000E-9	2.535000E-6	0.000000E+0	0.000000E+0	0.000000E+0	653.800000E-3	-109.203000E+0	56.790000E+0
	21/10/2022 16:34:59	-59.533000E-3	4.330000E-9	1.440000E-9	4.996000E-9	2.532000E-6	0.000000E+0	0.000000E+0	0.000000E+0	653.800000E-3	-109.090000E+0	56.678000E+0
	21/10/2022 16:35:11	-58.669000E-3	4.310000E-9	1.430000E-9	4.996000E-9	2.532000E-6	0.000000E+0	0.000000E+0	0.000000E+0	653.810000E-3	-109.203000E+0	56.565000E+0
	21/10/2022 16:35:22	-59.262000E-3	4.290000E-9	1.420000E-9	4.996000E-9	2.535000E-6	0.000000E+0	0.000000E+0	0.000000E+0	653.810000E-3	-109.203000E+0	56.565000E+0
	21/10/2022 16:35:34	-58.869000E-3	4.260000E-9	1.420000E-9	4.996000E-9	2.532000E-6	0.000000E+0	0.000000E+0	0.000000E+0	653.810000E-3	-109.090000E+0	56.790000E+0
	21/10/2022 16:35:46	-59.211000E-3	4.240000E-9	1.420000E-9	4.996000E-9	2.517000E-6	0.000000E+0	0.000000E+0	0.000000E+0	653.850000E-3	-109.090000E+0	56.678000E+0
	21/10/2022 16:35:57	-59.164000E-3	4.220000E-9	1.410000E-9	4.996000E-9	2.517000E-6	0.000000E+0	0.000000E+0	0.000000E+0	653.840000E-3	-109.203000E+0	56.565000E+0
	21/10/2022 16:36:09	-59.041000E-3	4.200000E-9	1.410000E-9	4.996000E-9	2.514000E-6	0.000000E+0	0.000000E+0	0.000000E+0	653.840000E-3	-109.203000E+0	56.565000E+0
	21/10/2022 16:36:21	-59.509000E-3	4.170000E-9	1.410000E-9	4.996000E-9	2.514000E-6	0.000000E+0	0.000000E+0	0.000000E+0	653.870000E-3	-109.315000E+0	56.565000E+0
	21/10/2022 16:36:32	-59.238000E-3	4.160000E-9	1.400000E-9	4.996000E-9	2.511000E-6	0.000000E+0	0.000000E+0	0.000000E+0	653.840000E-3	-109.203000E+0	56.678000E+0
	21/10/2022 16:36:44	-59.164000E-3	4.140000E-9	1.400000E-9	4.996000E-9	2.511000E-6	0.000000E+0	0.000000E+0	0.000000E+0	653.890000E-3	-109.090000E+0	56.453000E+0
	21/10/2022 16:36:55	-58.743000E-3	11.400000E-9	2.970000E-9	6.867000E-9	2.514000E-6	0.000000E+0	0.000000E+0	0.000000E+0	653.890000E-3	-109.090000E+0	56.678000E+0
	21/10/2022 16:37:07	-59.682000E-3	9.440000E-9	2.580000E-9	5.847000E-9	2.514000E-6	0.000000E+0	0.000000E+0	0.000000E+0	653.960000E-3	-109.315000E+0	56.565000E+0
	21/10/2022 16:37:19	-58.967000E-3	9.620000E-9	2.620000E-9	6.253000E-9	2.514000E-6	0.000000E+0	0.000000E+0	0.000000E+0	653.970000E-3	-109.203000E+0	56.678000E+0
	21/10/2022 16:37:30	-59.533000E-3	9.940000E-9	2.670000E-9	6.039000E-9	2.514000E-6	0.000000E+0	0.000000E+0	0.000000E+0	653.920000E-3	-109.315000E+0	56.565000E+0
	21/10/2022 16:37:42	-58.916000E-3	9.790000E-9	2.630000E-9	5.546000E-9	2.514000E-6	0.000000E+0	0.000000E+0	0.000000E+0	653.950000E-3	-109.203000E+0	56.790000E+0
	21/10/2022 16:37:54	-59.435000E-3	9.560000E-9	2.580000E-9	6.283000E-9	2.511000E-6	0.000000E+0	0.000000E+0	0.000000E+0	653.930000E-3	-109.203000E+0	56.565000E+0
	21/10/2022 16:38:05	-59.411000E-3	9.400000E-9	2.540000E-9	6.201000E-9	2.511000E-6	0.000000E+0	0.000000E+0	0.000000E+0	653.970000E-3	-109.090000E+0	56.565000E+0
	21/10/2022 16:38:17	-59.754000E-3	9.300000E-9	2.500000E-9	5.932000E-9	2.511000E-6	0.000000E+0	0.000000E+0	0.000000E+0	653.970000E-3	-109.203000E+0	56.565000E+0
	21/10/2022 16:38:29	-58.967000E-3	9.190000E-9	2.470000E-9	6.047000E-9	2.511000E-6	0.000000E+0	0.000000E+0	0.000000E+0	653.970000E-3	-109.090000E+0	56.678000E+0
	21/10/2022 16:38:40	-59.384000E-3	9.080000E-9	2.460000E-9	5.467000E-9	2.511000E-6	0.000000E+0	0.000000E+0	0.000000E+0	653.970000E-3	-109.090000E+0	56.678000E+0
	21/10/2022 16:38:52	-58.916000E-3	9.000000E-9	2.440000E-9	5.854000E-9	2.511000E-6	0.000000E+0	0.000000E+0	0.000000E+0	653.960000E-3	-109.315000E+0	56.565000E+0
	21/10/2022 16:39:04	-59.655000E-3	8.920000E-9	2.420000E-9	5.539000E-9	2.511000E-6	0.000000E+0	0.000000E+0	0.000000E+0	653.960000E-3	-109.427000E+0	56.678000E+0
	21/10/2022 16:39:15	-59.584000E-3	8.860000E-9	2.400000E-9	5.599000E-9	2.511000E-6	0.000000E+0	0.000000E+0	0.000000E+0	653.970000E-3	-109.315000E+0	56.565000E+0
	21/10/2022 16:39:27	-59.140000E-3	8.810000E-9	2.390000E-9	5.742000E-9	2.514000E-6	0.000000E+0	0.000000E+0	0.000000E+0	653.960000E-3	-109.315000E+0	56.565000E+0
	21/10/2022 16:39:39	-59.187000E-3	8.760000E-9	2.380000E-9	5.688000E-9	2.511000E-6	0.000000E+0	0.000000E+0	0.000000E+0	654.010000E-3	-109.203000E+0	56.678000E+0
	21/10/2022 16:39:51	-59.238000E-3	8.710000E-9	2.360000E-9	5.647000E-9	2.511000E-6	0.000000E+0	0.000000E+0	0.000000E+0	654.010000E-3	-109.090000E+0	56.565000E+0
	21/10/2022 16:40:02	-59.336000E-3	8.660000E-9	2.340000E-9	5.586000E-9	2.535000E-6	0.000000E+0	0.000000E+0	0.000000E+0	654.010000E-3	-109.203000E+0	56.678000E+0
	21/10/2022 16:40:14	-59.336000E-3	8.630000E-9	2.340000E-9	5.539000E-9	2.514000E-6	0.000000E+0	0.000000E+0	0.000000E+0	654.020000E-3	-109.203000E+0	56.678000E+0
	21/10/2022 16:40:25	-59.557000E-3	8.580000E-9	2.330000E-9	5.513000E-9	2.511000E-6	0.000000E+0	0.000000E+0	0.000000E+0	654.020000E-3	-109.203000E+0	56.678000E+0
	21/10/2022 16:40:37	-59.262000E-3	8.530000E-9	2.310000E-9	5.493000E-9	2.511000E-6	0.000000E+0	0.000000E+0	0.000000E+0	654.010000E-3	-109.203000E+0	56.453000E+0
	21/10/2022 16:40:49	-59.041000E-3	8.520000E-9	2.310000E-9	5.473000E-9	2.511000E-6	0.000000E+0	0.000000E+0	0.000000E+0	654.020000E-3	-109.090000E+0	56.565000E+0
	21/10/2022 16:41:01	-59.187000E-3	8.490000E-9	2.310000E-9	5.447000E-9	2.511000E-6	0.000000E+0	0.000000E+0	0.000000E+0	654.030000E-3	-109.090000E+0	56.790000E+0
	21/10/2022 16:41:12	-59.262000E-3	8.450000E-9	2.300000E-9	5.427000E-9	2.511000E-6	0.000000E+0	0.000000E+0	0.000000E+0	654.010000E-3	-109.315000E+0	56.678000E+0
	21/10/2022 16:41:24	-59.384000E-3	8.440000E-9	2.290000E-9	5.369000E-9	2.511000E-6	0.000000E+0	0.000000E+0	0.000000E+0	654.030000E-3	-109.203000E+0	56.453000E+0
	21/10/2022 16:41:35	-59.164000E-3	8.380000E-9	2.270000E-9	5.408000E-9	2.511000E-6	0.000000E+0	0.000000E+0	0.000000E+0	654.040000E-3	-109.090000E+0	56.565000E+0
	21/10/2022 16:41:47	-59.140000E-3	8.330000E-9	2.260000E-9	5.369000E-9	2.511000E-6	0.000000E+0	0.000000E+0	0.000000E+0	654.040000E-3	-109.090000E+0	56.565000E+0
	21/10/2022 16:41:59	-59.584000E-3	8.310000E-9	2.270000E-9	5.356000E-9	2.511000E-6	0.000000E+0	0.000000E+0	0.000000E+0	654.080000E-3	-109.203000E+0	56.678000E+0
	21/10/2022 16:42:10	-59.211000E-3	8.280000E-9	2.260000E-9	5.331000E-9	2.511000E-6	0.000000E+0	0.000000E+0	0.000000E+0	654.050000E-3	-109.203000E+0	56.678000E+0
	21/10/2022 16:42:22	-59.435000E-3	8.260000E-9	2.250000E-9	5.324000E-9	2.511000E-6	0.000000E+0	0.000000E+0	0.000000E+0	654.050000E-3	-109.315000E+0	56.790000E+0
	21/10/2022 16:42:34	-59.608000E-3	8.230000E-9	2.240000E-9	5.305000E-9	2.511000E-6	0.000000E+0	0.000000E+0	0.000000E+0	654.040000E-3	-109.315000E+0	56.678000E+0
	21/10/2022 16:42:46	-59.211000E-3	8.160000E-9	2.230000E-9	5.286000E-9	2.508000E-6	0.000000E+0	0.000000E+0	0.000000E+0	654.050000E-3	-109.203000E+0	56.565000E+0
	21/10/2022 16:42:57	-59.015000E-3	8.150000E-9	2.230000E-9	5.267000E-9	2.511000E-6	0.000000E+0	0.000000E+0	0.000000E+0	654.050000E-3	-109.203000E+0	56.790000E+0
	21/10/2022 16:43:09	-59.041000E-3	8.120000E-9	2.220000E-9	5.261000E-9	2.511000E-6	0.000000E+0	0.000000E+0	0.000000E+0	654.040000E-3	-109.315000E+0	56.678000E+0
	21/10/2022 16:43:20	-59.533000E-3	8.070000E-9	2.210000E-9	5.235000E-9	2.511000E-6	0.000000E+0	0.000000E+0	0.000000E+0	654.050000E-3	-109.203000E+0	56.790000E+0
	21/10/2022 16:43:32	-59.089000E-3	8.040000E-9	2.200000E-9	5.223000E-9	2.508000E-6	0.000000E+0	0.000000E+0	0.000000E+0	654.050000E-3	-109.315000E+0	56.790000E+0
	21/10/2022 16:43:44	-59.140000E-3	8.000000E-9	2.190000E-9	5.192000E-9	2.511000E-6	0.000000E+0	0.000000E+0	0.000000E+0	654.050000E-3	-109.315000E+0	56.678000E+0
	21/10/2022 16:43:55	-59.089000E-3	7.980000E-9	2.180000E-9	5.173000E-9	2.508000E-6	0.000000E+0	0.000000E+0	0.000000E+0	654.080000E-3	-109.203000E+0	56.678000E+0
	21/10/2022 16:44:07	-59.360000E-3	7.940000E-9	2.160000E-9	5.167000E-9	2.511000E-6	0.000000E+0	0.000000E+0	0.000000E+0	654.080000E-3	-109.203000E+0	56.678000E+0
	21/10/2022 16:44:19	-59.286000E-3	7.890000E-9	2.160000E-9	5.130000E-9	2.508000E-6	0.000000E+0	0.000000E+0	0.000000E+0	654.070000E-3	-108.978000E+0	56.678000E+0
	21/10/2022 16:44:30	-58.621000E-3	7.830000E-9	2.150000E-9	5.111000E-9	2.508000E-6	0.000000E+0	0.000000E+0	0.000000E+0	654.060000E-3	-109.090000E+0	56.565000E+0
	21/10/2022 16:44:42	-59.065000E-3	7.800000E-9	2.140000E-9	5.093000E-9	2.508000E-6	0.000000E+0	0.000000E+0	0.000000E+0	654.110000E-3	-109.203000E+0	56.678000E+0
	21/10/2022 16:44:54	-59.384000E-3	7.770000E-9	2.140000E-9	5.075000E-9	2.508000E-6	0.000000E+0	0.000000E+0	0.000000E+0	654.120000E-3	-109.203000E+0	56.565000E+0
	21/10/2022 16:45:05	-59.313000E-3	7.730000E-9	2.130000E-9	5.044000E-9	2.508000E-6	0.000000E+0	0.000000E+0	0.000000E+0	654.100000E-3	-109.315000E+0	56.790000E+0
	21/10/2022 16:45:17	-59.435000E-3	7.690000E-9	2.120000E-9	5.026000E-9	2.508000E-6	0.000000E+0	0.000000E+0	0.000000E+0	654.110000E-3	-109.203000E+0	56.790000E+0
	21/10/2022 16:45:29	-59.682000E-3	7.640000E-9	2.110000E-9	4.996000E-9	2.508000E-6	0.000000E+0	0.000000E+0	0.000000E+0	654.120000E-3	-109.315000E+0	56.453000E+0
	21/10/2022 16:45:40	-59.855000E-3	7.590000E-9	2.100000E-9	4.996000E-9	2.508000E-6	0.000000E+0	0.000000E+0	0.000000E+0	654.120000E-3	-109.427000E+0	56.453000E+0
	21/10/2022 16:45:52	-59.584000E-3	7.550000E-9	2.090000E-9	4.996000E-9	2.508000E-6	0.000000E+0	0.000000E+0	0.000000E+0	654.120000E-3	-109.203000E+0	56.678000E+0
	21/10/2022 16:46:04	-59.435000E-3	7.490000E-9	2.070000E-9	4.996000E-9	2.505000E-6	0.000000E+0	0.000000E+0	0.000000E+0	654.130000E-3	-109.315000E+0	56.453000E+0
	21/10/2022 16:46:15	-59.608000E-3	7.460000E-9	2.070000E-9	4.996000E-9	2.505000E-6	0.000000E+0	0.000000E+0	0.000000E+0	654.120000E-3	-109.315000E+0	56.565000E+0
	21/10/2022 16:46:27	-59.211000E-3	7.430000E-9	2.060000E-9	4.996000E-9	2.505000E-6	0.000000E+0	0.000000E+0	0.000000E+0	654.120000E-3	-109.090000E+0	56.678000E+0
	21/10/2022 16:46:39	-59.238000E-3	7.390000E-9	2.050000E-9	4.996000E-9	2.505000E-6	0.000000E+0	0.000000E+0	0.000000E+0	654.130000E-3	-109.203000E+0	56.565000E+0
	21/10/2022 16:46:50	-59.015000E-3	7.350000E-9	2.040000E-9	4.996000E-9	2.502000E-6	0.000000E+0	0.000000E+0	0.000000E+0	654.120000E-3	-109.090000E+0	56.678000E+0
	21/10/2022 16:47:02	-59.730000E-3	7.310000E-9	2.030000E-9	4.996000E-9	2.502000E-6	0.000000E+0	0.000000E+0	0.000000E+0	654.110000E-3	-109.203000E+0	56.790000E+0
	21/10/2022 16:47:14	-59.384000E-3	7.260000E-9	2.020000E-9	4.996000E-9	2.505000E-6	0.000000E+0	0.000000E+0	0.000000E+0	654.120000E-3	-109.315000E+0	56.678000E+0
	21/10/2022 16:47:25	-58.720000E-3	7.230000E-9	2.020000E-9	4.996000E-9	2.502000E-6	0.000000E+0	0.000000E+0	0.000000E+0	654.170000E-3	-109.203000E+0	56.790000E+0
	21/10/2022 16:47:37	-58.967000E-3	7.190000E-9	2.000000E-9	4.996000E-9	2.502000E-6	0.000000E+0	0.000000E+0	0.000000E+0	654.130000E-3	-109.203000E+0	56.565000E+0
	21/10/2022 16:47:49	-59.411000E-3	7.150000E-9	2.000000E-9	4.996000E-9	2.496000E-6	0.000000E+0	0.000000E+0	0.000000E+0	654.120000E-3	-109.315000E+0	56.678000E+0
	21/10/2022 16:48:00	-59.411000E-3	7.110000E-9	1.990000E-9	4.996000E-9	2.502000E-6	0.000000E+0	0.000000E+0	0.000000E+0	654.130000E-3	-109.203000E+0	56.678000E+0
	21/10/2022 16:48:12	-59.608000E-3	7.070000E-9	1.980000E-9	4.996000E-9	2.499000E-6	0.000000E+0	0.000000E+0	0.000000E+0	654.140000E-3	-108.978000E+0	56.790000E+0
	21/10/2022 16:48:24	-59.655000E-3	7.020000E-9	1.970000E-9	4.996000E-9	2.496000E-6	0.000000E+0	0.000000E+0	0.000000E+0	654.120000E-3	-109.315000E+0	56.565000E+0
	21/10/2022 16:48:35	-59.730000E-3	6.990000E-9	1.950000E-9	4.996000E-9	2.493000E-6	0.000000E+0	0.000000E+0	0.000000E+0	654.140000E-3	-109.315000E+0	56.790000E+0
	21/10/2022 16:48:47	-59.459000E-3	6.940000E-9	1.960000E-9	4.996000E-9	2.493000E-6	0.000000E+0	0.000000E+0	0.000000E+0	654.130000E-3	-109.090000E+0	56.565000E+0
	21/10/2022 16:48:59	-59.211000E-3	6.920000E-9	1.950000E-9	4.996000E-9	2.493000E-6	0.000000E+0	0.000000E+0	0.000000E+0	654.140000E-3	-109.090000E+0	56.565000E+0
	21/10/2022 16:49:10	-58.991000E-3	6.880000E-9	1.930000E-9	4.996000E-9	2.493000E-6	0.000000E+0	0.000000E+0	0.000000E+0	654.310000E-3	-109.090000E+0	56.678000E+0
	21/10/2022 16:49:22	-58.967000E-3	6.850000E-9	1.920000E-9	4.996000E-9	2.493000E-6	0.000000E+0	0.000000E+0	0.000000E+0	654.100000E-3	-109.090000E+0	56.565000E+0
	21/10/2022 16:49:34	-58.770000E-3	6.800000E-9	1.930000E-9	4.996000E-9	2.493000E-6	0.000000E+0	0.000000E+0	0.000000E+0	654.080000E-3	-109.203000E+0	56.565000E+0
	21/10/2022 16:49:45	-59.313000E-3	6.780000E-9	1.920000E-9	4.996000E-9	2.493000E-6	0.000000E+0	0.000000E+0	0.000000E+0	654.110000E-3	-109.203000E+0	56.678000E+0
	21/10/2022 16:49:57	-59.509000E-3	6.750000E-9	1.910000E-9	4.996000E-9	2.493000E-6	0.000000E+0	0.000000E+0	0.000000E+0	654.120000E-3	-108.866000E+0	56.678000E+0
	21/10/2022 16:50:08	-59.509000E-3	6.720000E-9	1.900000E-9	4.996000E-9	2.493000E-6	0.000000E+0	0.000000E+0	0.000000E+0	654.120000E-3	-109.203000E+0	56.341000E+0
	21/10/2022 16:50:20	-59.584000E-3	6.690000E-9	1.900000E-9	4.996000E-9	2.493000E-6	0.000000E+0	0.000000E+0	0.000000E+0	654.120000E-3	-109.090000E+0	56.565000E+0
	21/10/2022 16:50:32	-59.113000E-3	6.680000E-9	1.890000E-9	4.996000E-9	2.490000E-6	0.000000E+0	0.000000E+0	0.000000E+0	654.120000E-3	-109.203000E+0	56.565000E+0
	21/10/2022 16:50:43	-59.286000E-3	6.650000E-9	1.890000E-9	4.996000E-9	2.490000E-6	0.000000E+0	0.000000E+0	0.000000E+0	654.120000E-3	-109.315000E+0	56.678000E+0
	21/10/2022 16:50:55	-59.140000E-3	6.630000E-9	1.890000E-9	4.996000E-9	2.490000E-6	0.000000E+0	0.000000E+0	0.000000E+0	654.130000E-3	-109.203000E+0	56.678000E+0
	21/10/2022 16:51:07	-59.211000E-3	6.680000E-9	1.900000E-9	4.996000E-9	2.490000E-6	0.000000E+0	0.000000E+0	0.000000E+0	654.140000E-3	-109.203000E+0	56.565000E+0
	21/10/2022 16:51:18	-59.411000E-3	6.640000E-9	1.890000E-9	4.996000E-9	2.490000E-6	0.000000E+0	0.000000E+0	0.000000E+0	654.170000E-3	-109.315000E+0	56.678000E+0
	21/10/2022 16:51:30	-59.584000E-3	6.620000E-9	1.890000E-9	4.996000E-9	2.490000E-6	0.000000E+0	0.000000E+0	0.000000E+0	654.140000E-3	-109.203000E+0	56.678000E+0
	21/10/2022 16:51:42	-59.533000E-3	6.740000E-9	1.910000E-9	4.996000E-9	2.490000E-6	0.000000E+0	0.000000E+0	0.000000E+0	654.140000E-3	-109.315000E+0	56.678000E+0
	21/10/2022 16:51:53	-59.313000E-3	6.710000E-9	1.900000E-9	4.996000E-9	2.490000E-6	0.000000E+0	0.000000E+0	0.000000E+0	654.120000E-3	-109.427000E+0	56.565000E+0
	21/10/2022 16:52:05	-59.238000E-3	6.700000E-9	1.890000E-9	4.996000E-9	2.487000E-6	0.000000E+0	0.000000E+0	0.000000E+0	654.150000E-3	-109.315000E+0	56.678000E+0
	21/10/2022 16:52:17	-59.682000E-3	7.290000E-9	2.050000E-9	5.324000E-9	2.487000E-6	0.000000E+0	0.000000E+0	0.000000E+0	654.170000E-3	-109.203000E+0	56.678000E+0
	21/10/2022 16:52:28	-59.903000E-3	8.960000E-9	2.490000E-9	8.763000E-9	2.487000E-6	0.000000E+0	0.000000E+0	0.000000E+0	654.130000E-3	-109.315000E+0	56.678000E+0
	21/10/2022 16:52:40	-59.187000E-3	15.200000E-9	3.910000E-9	13.080000E-9	2.487000E-6	0.000000E+0	0.000000E+0	0.000000E+0	654.130000E-3	-109.203000E+0	56.678000E+0
	21/10/2022 16:52:52	-59.187000E-3	38.300000E-9	8.740000E-9	24.340000E-9	2.572000E-6	0.000000E+0	0.000000E+0	0.000000E+0	654.020000E-3	-109.315000E+0	56.565000E+0
	21/10/2022 16:53:03	-58.991000E-3	160.000000E-9	36.400000E-9	135.500000E-9	2.538000E-6	0.000000E+0	0.000000E+0	0.000000E+0	653.680000E-3	-109.203000E+0	56.678000E+0
	21/10/2022 16:53:15	-59.608000E-3	779.000000E-9	147.000000E-9	668.800000E-9	2.523000E-6	0.000000E+0	0.000000E+0	0.000000E+0	651.150000E-3	-109.090000E+0	56.565000E+0
	21/10/2022 16:53:27	-58.967000E-3	3.580000E-6	806.000000E-9	3.350000E-6	2.511000E-6	0.000000E+0	0.000000E+0	0.000000E+0	645.040000E-3	-109.203000E+0	56.565000E+0
	21/10/2022 16:53:38	-59.140000E-3	4.030000E-6	892.000000E-9	3.548000E-6	2.508000E-6	0.000000E+0	0.000000E+0	0.000000E+0	639.240000E-3	-109.203000E+0	56.678000E+0
	21/10/2022 16:53:50	-59.313000E-3	3.340000E-6	737.000000E-9	3.039000E-6	2.508000E-6	0.000000E+0	0.000000E+0	0.000000E+0	633.980000E-3	-109.203000E+0	56.565000E+0
	21/10/2022 16:54:02	-59.286000E-3	3.310000E-6	732.000000E-9	3.061000E-6	2.508000E-6	0.000000E+0	0.000000E+0	0.000000E+0	742.000000E-3	-109.203000E+0	56.565000E+0
	21/10/2022 16:54:13	-55.689000E-3	4.190000E-6	924.000000E-9	3.595000E-6	2.505000E-6	0.000000E+0	0.000000E+0	0.000000E+0	741.330000E-3	-109.203000E+0	56.790000E+0
	21/10/2022 16:54:25	-59.384000E-3	4.030000E-6	898.000000E-9	3.939000E-6	2.505000E-6	0.000000E+0	0.000000E+0	0.000000E+0	740.850000E-3	-109.203000E+0	56.565000E+0
	21/10/2022 16:54:37	-59.459000E-3	4.420000E-6	983.000000E-9	4.133000E-6	2.505000E-6	0.000000E+0	0.000000E+0	0.000000E+0	740.460000E-3	-109.315000E+0	56.565000E+0
	21/10/2022 16:54:48	-59.682000E-3	3.920000E-6	864.000000E-9	3.613000E-6	2.505000E-6	0.000000E+0	0.000000E+0	0.000000E+0	740.090000E-3	-109.315000E+0	56.565000E+0
	21/10/2022 16:55:00	-59.211000E-3	4.050000E-6	899.000000E-9	3.759000E-6	2.505000E-6	0.000000E+0	0.000000E+0	0.000000E+0	739.770000E-3	-109.203000E+0	56.678000E+0
	21/10/2022 16:55:12	-59.608000E-3	3.990000E-6	876.000000E-9	3.678000E-6	2.505000E-6	0.000000E+0	0.000000E+0	0.000000E+0	739.400000E-3	-109.203000E+0	56.565000E+0
	21/10/2022 16:55:23	-59.977000E-3	3.720000E-6	818.000000E-9	3.166000E-6	2.505000E-6	0.000000E+0	0.000000E+0	0.000000E+0	739.170000E-3	-109.315000E+0	56.565000E+0
	21/10/2022 16:55:35	-60.052000E-3	1.940000E-6	432.000000E-9	1.328000E-6	2.505000E-6	0.000000E+0	0.000000E+0	0.000000E+0	739.060000E-3	-109.315000E+0	56.565000E+0
	21/10/2022 16:55:47	-59.557000E-3	1.310000E-6	289.000000E-9	979.700000E-9	2.502000E-6	0.000000E+0	0.000000E+0	0.000000E+0	738.990000E-3	-109.090000E+0	56.565000E+0
	21/10/2022 16:55:58	-58.967000E-3	947.000000E-9	211.000000E-9	797.000000E-9	2.502000E-6	0.000000E+0	0.000000E+0	0.000000E+0	738.930000E-3	-109.315000E+0	56.565000E+0
	21/10/2022 16:56:10	-59.533000E-3	855.000000E-9	191.000000E-9	733.600000E-9	2.499000E-6	0.000000E+0	0.000000E+0	0.000000E+0	738.880000E-3	-109.315000E+0	56.565000E+0
	21/10/2022 16:56:22	-59.041000E-3	962.000000E-9	215.000000E-9	822.200000E-9	2.502000E-6	0.000000E+0	0.000000E+0	0.000000E+0	738.760000E-3	-109.315000E+0	56.565000E+0
	21/10/2022 16:56:33	-58.869000E-3	1.090000E-6	247.000000E-9	979.700000E-9	2.496000E-6	0.000000E+0	0.000000E+0	0.000000E+0	738.610000E-3	-109.315000E+0	56.565000E+0
	21/10/2022 16:56:45	-59.262000E-3	1.140000E-6	254.000000E-9	979.700000E-9	2.493000E-6	0.000000E+0	0.000000E+0	0.000000E+0	738.530000E-3	-109.315000E+0	56.678000E+0
	21/10/2022 16:56:57	-60.272000E-3	1.140000E-6	254.000000E-9	982.100000E-9	2.493000E-6	0.000000E+0	0.000000E+0	0.000000E+0	738.480000E-3	-109.203000E+0	56.678000E+0
	21/10/2022 16:57:08	-59.682000E-3	1.140000E-6	254.000000E-9	980.900000E-9	2.490000E-6	0.000000E+0	0.000000E+0	0.000000E+0	738.430000E-3	-109.090000E+0	56.453000E+0
	21/10/2022 16:57:20	-59.608000E-3	1.150000E-6	257.000000E-9	998.800000E-9	2.490000E-6	0.000000E+0	0.000000E+0	0.000000E+0	738.410000E-3	-109.090000E+0	56.565000E+0
	21/10/2022 16:57:32	-59.089000E-3	1.170000E-6	260.000000E-9	1.003000E-6	2.490000E-6	0.000000E+0	0.000000E+0	0.000000E+0	738.340000E-3	-109.203000E+0	56.565000E+0
	21/10/2022 16:57:43	-59.211000E-3	1.170000E-6	260.000000E-9	1.008000E-6	2.490000E-6	0.000000E+0	0.000000E+0	0.000000E+0	738.250000E-3	-109.315000E+0	56.565000E+0
	21/10/2022 16:57:55	-59.682000E-3	1.170000E-6	260.000000E-9	1.000000E-6	2.490000E-6	0.000000E+0	0.000000E+0	0.000000E+0	738.210000E-3	-109.315000E+0	56.678000E+0
	21/10/2022 16:58:07	-59.804000E-3	1.170000E-6	260.000000E-9	1.000000E-6	2.490000E-6	0.000000E+0	0.000000E+0	0.000000E+0	738.100000E-3	-109.090000E+0	56.678000E+0
	21/10/2022 16:58:18	-59.655000E-3	1.170000E-6	260.000000E-9	1.000000E-6	2.487000E-6	0.000000E+0	0.000000E+0	0.000000E+0	738.020000E-3	-109.090000E+0	56.565000E+0
	21/10/2022 16:58:30	-59.187000E-3	1.170000E-6	259.000000E-9	998.800000E-9	2.487000E-6	0.000000E+0	0.000000E+0	0.000000E+0	737.850000E-3	-109.203000E+0	56.678000E+0
	21/10/2022 16:58:42	-59.631000E-3	1.170000E-6	259.000000E-9	998.800000E-9	2.487000E-6	0.000000E+0	0.000000E+0	0.000000E+0	737.740000E-3	-109.090000E+0	56.565000E+0
	21/10/2022 16:58:53	-59.655000E-3	1.170000E-6	259.000000E-9	998.800000E-9	2.484000E-6	0.000000E+0	0.000000E+0	0.000000E+0	737.720000E-3	-109.203000E+0	56.565000E+0
	21/10/2022 16:59:05	-59.682000E-3	1.170000E-6	259.000000E-9	1.000000E-6	2.487000E-6	0.000000E+0	0.000000E+0	0.000000E+0	737.650000E-3	-109.090000E+0	56.565000E+0
	21/10/2022 16:59:17	-59.682000E-3	1.170000E-6	259.000000E-9	998.800000E-9	2.487000E-6	0.000000E+0	0.000000E+0	0.000000E+0	737.610000E-3	-109.315000E+0	56.565000E+0
	21/10/2022 16:59:28	-59.828000E-3	1.170000E-6	259.000000E-9	998.800000E-9	2.487000E-6	0.000000E+0	0.000000E+0	0.000000E+0	737.410000E-3	-109.315000E+0	56.565000E+0
	21/10/2022 16:59:40	-59.262000E-3	1.170000E-6	259.000000E-9	1.000000E-6	2.487000E-6	0.000000E+0	0.000000E+0	0.000000E+0	737.390000E-3	-109.203000E+0	56.453000E+0
	21/10/2022 16:59:52	-59.533000E-3	1.170000E-6	260.000000E-9	998.800000E-9	2.487000E-6	0.000000E+0	0.000000E+0	0.000000E+0	737.290000E-3	-109.090000E+0	56.565000E+0
	21/10/2022 17:00:03	-59.041000E-3	1.170000E-6	259.000000E-9	998.800000E-9	2.487000E-6	0.000000E+0	0.000000E+0	0.000000E+0	737.260000E-3	-109.203000E+0	56.453000E+0
	21/10/2022 17:00:15	-59.384000E-3	1.170000E-6	260.000000E-9	998.800000E-9	2.487000E-6	0.000000E+0	0.000000E+0	0.000000E+0	737.220000E-3	-109.203000E+0	56.565000E+0
	21/10/2022 17:00:27	-58.621000E-3	1.170000E-6	260.000000E-9	998.800000E-9	2.487000E-6	0.000000E+0	0.000000E+0	0.000000E+0	737.130000E-3	-109.203000E+0	56.790000E+0
	21/10/2022 17:00:38	-59.730000E-3	1.170000E-6	259.000000E-9	998.800000E-9	2.487000E-6	0.000000E+0	0.000000E+0	0.000000E+0	737.060000E-3	-109.203000E+0	56.790000E+0
	21/10/2022 17:00:50	-55.391000E-3	1.160000E-6	259.000000E-9	998.800000E-9	2.487000E-6	0.000000E+0	0.000000E+0	0.000000E+0	737.030000E-3	-109.315000E+0	56.678000E+0
	21/10/2022 17:01:01	-59.238000E-3	1.170000E-6	261.000000E-9	1.010000E-6	2.487000E-6	0.000000E+0	0.000000E+0	0.000000E+0	736.960000E-3	-109.203000E+0	56.565000E+0
	21/10/2022 17:01:13	-59.262000E-3	1.180000E-6	262.000000E-9	1.010000E-6	2.490000E-6	0.000000E+0	0.000000E+0	0.000000E+0	736.930000E-3	-109.315000E+0	56.565000E+0
	21/10/2022 17:01:25	-59.855000E-3	1.180000E-6	263.000000E-9	1.018000E-6	2.490000E-6	0.000000E+0	0.000000E+0	0.000000E+0	736.930000E-3	-109.203000E+0	56.678000E+0
	21/10/2022 17:01:36	-59.313000E-3	1.190000E-6	264.000000E-9	1.018000E-6	2.490000E-6	0.000000E+0	0.000000E+0	0.000000E+0	736.890000E-3	-109.203000E+0	56.678000E+0
	21/10/2022 17:01:48	-59.482000E-3	1.190000E-6	264.000000E-9	1.018000E-6	2.490000E-6	0.000000E+0	0.000000E+0	0.000000E+0	736.810000E-3	-109.427000E+0	56.678000E+0
	21/10/2022 17:02:00	-59.828000E-3	1.190000E-6	265.000000E-9	1.021000E-6	2.490000E-6	0.000000E+0	0.000000E+0	0.000000E+0	736.810000E-3	-109.203000E+0	56.678000E+0
	21/10/2022 17:02:11	-59.855000E-3	1.190000E-6	265.000000E-9	1.023000E-6	2.490000E-6	0.000000E+0	0.000000E+0	0.000000E+0	736.770000E-3	-109.090000E+0	56.453000E+0
	21/10/2022 17:02:23	-59.804000E-3	1.190000E-6	265.000000E-9	1.022000E-6	2.490000E-6	0.000000E+0	0.000000E+0	0.000000E+0	736.650000E-3	-109.315000E+0	56.678000E+0
	21/10/2022 17:02:35	-59.313000E-3	1.190000E-6	265.000000E-9	1.021000E-6	2.490000E-6	0.000000E+0	0.000000E+0	0.000000E+0	736.610000E-3	-109.427000E+0	56.453000E+0
	21/10/2022 17:02:46	-59.682000E-3	1.190000E-6	265.000000E-9	1.021000E-6	2.490000E-6	0.000000E+0	0.000000E+0	0.000000E+0	736.490000E-3	-109.090000E+0	56.565000E+0
	21/10/2022 17:02:58	-59.286000E-3	1.190000E-6	265.000000E-9	1.021000E-6	2.493000E-6	0.000000E+0	0.000000E+0	0.000000E+0	736.420000E-3	-109.090000E+0	56.678000E+0
	21/10/2022 17:03:10	-58.818000E-3	1.190000E-6	265.000000E-9	1.020000E-6	2.490000E-6	0.000000E+0	0.000000E+0	0.000000E+0	736.360000E-3	-109.315000E+0	56.565000E+0
	21/10/2022 17:03:21	-59.730000E-3	1.190000E-6	264.000000E-9	1.018000E-6	2.490000E-6	0.000000E+0	0.000000E+0	0.000000E+0	736.300000E-3	-109.203000E+0	56.453000E+0
	21/10/2022 17:03:33	-59.286000E-3	1.190000E-6	264.000000E-9	1.018000E-6	2.612000E-6	0.000000E+0	0.000000E+0	0.000000E+0	736.310000E-3	-109.203000E+0	56.678000E+0
	21/10/2022 17:03:45	-60.025000E-3	1.190000E-6	264.000000E-9	1.018000E-6	2.569000E-6	0.000000E+0	0.000000E+0	0.000000E+0	736.220000E-3	-109.090000E+0	56.678000E+0
	21/10/2022 17:03:56	-59.855000E-3	1.190000E-6	264.000000E-9	1.017000E-6	2.545000E-6	0.000000E+0	0.000000E+0	0.000000E+0	736.190000E-3	-109.315000E+0	56.565000E+0
	21/10/2022 17:04:08	-59.482000E-3	1.190000E-6	264.000000E-9	1.017000E-6	2.538000E-6	0.000000E+0	0.000000E+0	0.000000E+0	736.130000E-3	-109.315000E+0	56.678000E+0
	21/10/2022 17:04:20	-59.089000E-3	1.190000E-6	264.000000E-9	1.017000E-6	2.538000E-6	0.000000E+0	0.000000E+0	0.000000E+0	736.050000E-3	-109.203000E+0	56.678000E+0
	21/10/2022 17:04:31	-57.462000E-3	1.190000E-6	264.000000E-9	1.018000E-6	2.538000E-6	0.000000E+0	0.000000E+0	0.000000E+0	736.010000E-3	-108.978000E+0	56.565000E+0
	21/10/2022 17:04:43	-59.164000E-3	1.190000E-6	264.000000E-9	1.018000E-6	2.535000E-6	0.000000E+0	0.000000E+0	0.000000E+0	735.930000E-3	-109.090000E+0	56.678000E+0
	21/10/2022 17:04:55	-59.584000E-3	1.190000E-6	264.000000E-9	1.018000E-6	2.535000E-6	0.000000E+0	0.000000E+0	0.000000E+0	735.930000E-3	-109.090000E+0	56.678000E+0
	21/10/2022 17:05:06	-59.608000E-3	1.190000E-6	264.000000E-9	1.018000E-6	2.535000E-6	0.000000E+0	0.000000E+0	0.000000E+0	735.840000E-3	-109.090000E+0	56.678000E+0
	21/10/2022 17:05:18	-59.682000E-3	1.190000E-6	265.000000E-9	1.020000E-6	2.535000E-6	0.000000E+0	0.000000E+0	0.000000E+0	735.810000E-3	-109.427000E+0	56.565000E+0
	21/10/2022 17:05:30	-59.482000E-3	1.190000E-6	265.000000E-9	1.020000E-6	2.535000E-6	0.000000E+0	0.000000E+0	0.000000E+0	735.730000E-3	-109.315000E+0	56.565000E+0
	21/10/2022 17:05:41	-59.631000E-3	1.190000E-6	265.000000E-9	1.021000E-6	2.535000E-6	0.000000E+0	0.000000E+0	0.000000E+0	735.610000E-3	-109.203000E+0	56.678000E+0
	21/10/2022 17:05:53	-59.435000E-3	1.190000E-6	265.000000E-9	1.020000E-6	2.535000E-6	0.000000E+0	0.000000E+0	0.000000E+0	735.570000E-3	-109.315000E+0	56.453000E+0
	21/10/2022 17:06:05	-59.631000E-3	1.190000E-6	265.000000E-9	1.020000E-6	2.535000E-6	0.000000E+0	0.000000E+0	0.000000E+0	735.410000E-3	-109.203000E+0	56.565000E+0
	21/10/2022 17:06:16	-59.360000E-3	1.190000E-6	265.000000E-9	1.018000E-6	2.535000E-6	0.000000E+0	0.000000E+0	0.000000E+0	735.340000E-3	-109.203000E+0	56.678000E+0
	21/10/2022 17:06:28	-56.329000E-3	1.190000E-6	264.000000E-9	1.017000E-6	2.514000E-6	0.000000E+0	0.000000E+0	0.000000E+0	735.250000E-3	-109.315000E+0	56.678000E+0
	21/10/2022 17:06:40	-59.482000E-3	1.190000E-6	264.000000E-9	1.017000E-6	2.514000E-6	0.000000E+0	0.000000E+0	0.000000E+0	735.170000E-3	-109.315000E+0	56.678000E+0
	21/10/2022 17:06:51	-59.113000E-3	1.190000E-6	264.000000E-9	1.016000E-6	2.511000E-6	0.000000E+0	0.000000E+0	0.000000E+0	735.110000E-3	-109.427000E+0	56.453000E+0
