Live comments	Time	DUAL	Barion_2	Barion_1	DUAL	helium	I_emission	I_grid	I-injection	T-platinum	T-CERNOX
	19/10/2022 14:23:33	-62.245000E-3	3.270000E-9	1.060000E-9	2.818000E-6	0.000000E+0	0.000000E+0	0.000000E+0	453.740000E-6	-109.090000E+0	56.678000E+0
	19/10/2022 14:23:43	-62.296000E-3	3.270000E-9	1.060000E-9	2.811000E-6	0.000000E+0	0.000000E+0	0.000000E+0	453.740000E-6	-109.090000E+0	56.902000E+0
	19/10/2022 14:23:54	-61.974000E-3	3.280000E-9	1.060000E-9	2.794000E-6	0.000000E+0	0.000000E+0	0.000000E+0	454.490000E-6	-108.978000E+0	56.678000E+0
	19/10/2022 14:24:04	-62.394000E-3	3.270000E-9	1.060000E-9	2.788000E-6	0.000000E+0	0.000000E+0	0.000000E+0	466.820000E-6	-108.978000E+0	56.790000E+0
	19/10/2022 14:24:14	-62.567000E-3	3.270000E-9	1.070000E-9	2.774000E-6	0.000000E+0	0.000000E+0	0.000000E+0	450.550000E-6	-109.203000E+0	56.678000E+0
	19/10/2022 14:24:25	-61.998000E-3	3.270000E-9	1.070000E-9	2.768000E-6	0.000000E+0	0.000000E+0	0.000000E+0	450.790000E-6	-108.978000E+0	56.790000E+0
	19/10/2022 14:24:35	-62.171000E-3	3.280000E-9	1.060000E-9	2.768000E-6	0.000000E+0	0.000000E+0	0.000000E+0	451.770000E-6	-108.978000E+0	56.678000E+0
	19/10/2022 14:24:45	-62.147000E-3	3.270000E-9	1.060000E-9	2.764000E-6	0.000000E+0	0.000000E+0	0.000000E+0	489.260000E-6	-109.090000E+0	56.790000E+0
closed inj line turbo	19/10/2022 14:24:56	-62.343000E-3	3.280000E-9	1.060000E-9	2.764000E-6	0.000000E+0	0.000000E+0	0.000000E+0	856.640000E-6	-109.315000E+0	56.678000E+0
	19/10/2022 14:25:06	-62.442000E-3	3.280000E-9	1.060000E-9	2.764000E-6	0.000000E+0	0.000000E+0	0.000000E+0	1.214900E-3	-109.090000E+0	56.790000E+0
	19/10/2022 14:25:16	-62.492000E-3	3.280000E-9	1.070000E-9	2.764000E-6	0.000000E+0	0.000000E+0	0.000000E+0	1.608400E-3	-109.090000E+0	56.790000E+0
	19/10/2022 14:25:27	-62.615000E-3	3.280000E-9	1.060000E-9	2.761000E-6	0.000000E+0	0.000000E+0	0.000000E+0	1.998500E-3	-108.866000E+0	56.790000E+0
	19/10/2022 14:25:37	-62.320000E-3	3.280000E-9	1.070000E-9	2.761000E-6	0.000000E+0	0.000000E+0	0.000000E+0	2.381100E-3	-109.203000E+0	56.565000E+0
	19/10/2022 14:25:47	-62.591000E-3	3.280000E-9	1.070000E-9	2.764000E-6	0.000000E+0	0.000000E+0	0.000000E+0	2.711500E-3	-109.203000E+0	56.790000E+0
	19/10/2022 14:25:58	-61.923000E-3	3.280000E-9	1.080000E-9	2.764000E-6	0.000000E+0	0.000000E+0	0.000000E+0	3.116100E-3	-109.090000E+0	56.565000E+0
	19/10/2022 14:26:08	-62.147000E-3	3.280000E-9	1.070000E-9	2.764000E-6	0.000000E+0	0.000000E+0	0.000000E+0	3.494300E-3	-109.203000E+0	56.790000E+0
	19/10/2022 14:26:18	-62.269000E-3	3.280000E-9	1.070000E-9	2.761000E-6	0.000000E+0	0.000000E+0	0.000000E+0	3.788700E-3	-109.090000E+0	56.678000E+0
	19/10/2022 14:26:28	-62.984000E-3	3.290000E-9	1.070000E-9	2.764000E-6	0.000000E+0	0.000000E+0	0.000000E+0	3.727800E-3	-109.203000E+0	56.678000E+0
	19/10/2022 14:26:39	-62.171000E-3	3.280000E-9	1.070000E-9	2.764000E-6	0.000000E+0	0.000000E+0	0.000000E+0	878.800000E-3	-109.090000E+0	56.565000E+0
	19/10/2022 14:26:49	809.540000E-3	3.290000E-9	1.070000E-9	3.143000E-6	0.000000E+0	0.000000E+0	0.000000E+0	879.080000E-3	-109.090000E+0	56.790000E+0
	19/10/2022 14:26:59	810.150000E-3	3.290000E-9	1.080000E-9	2.967000E-6	0.000000E+0	0.000000E+0	0.000000E+0	879.310000E-3	-109.090000E+0	56.678000E+0
	19/10/2022 14:27:10	809.950000E-3	3.300000E-9	1.080000E-9	2.886000E-6	0.000000E+0	0.000000E+0	0.000000E+0	879.310000E-3	-109.090000E+0	56.790000E+0
	19/10/2022 14:27:20	809.760000E-3	3.290000E-9	1.070000E-9	2.849000E-6	0.000000E+0	0.000000E+0	0.000000E+0	879.320000E-3	-109.203000E+0	56.790000E+0
	19/10/2022 14:27:30	809.630000E-3	3.290000E-9	1.080000E-9	2.838000E-6	0.000000E+0	0.000000E+0	0.000000E+0	879.340000E-3	-109.090000E+0	56.565000E+0
	19/10/2022 14:27:41	809.850000E-3	3.290000E-9	1.070000E-9	2.818000E-6	0.000000E+0	0.000000E+0	0.000000E+0	879.350000E-3	-108.978000E+0	56.678000E+0
	19/10/2022 14:27:51	809.680000E-3	3.290000E-9	1.080000E-9	2.818000E-6	0.000000E+0	0.000000E+0	0.000000E+0	879.350000E-3	-109.203000E+0	56.678000E+0
	19/10/2022 14:28:01	809.480000E-3	3.290000E-9	1.080000E-9	2.818000E-6	0.000000E+0	0.000000E+0	0.000000E+0	879.390000E-3	-109.090000E+0	56.678000E+0
	19/10/2022 14:28:12	809.850000E-3	3.290000E-9	1.070000E-9	2.818000E-6	0.000000E+0	0.000000E+0	0.000000E+0	879.410000E-3	-109.090000E+0	56.790000E+0
	19/10/2022 14:28:22	809.610000E-3	3.290000E-9	1.070000E-9	2.818000E-6	0.000000E+0	0.000000E+0	0.000000E+0	879.420000E-3	-109.203000E+0	56.790000E+0
	19/10/2022 14:28:32	809.210000E-3	3.290000E-9	1.080000E-9	2.818000E-6	0.000000E+0	0.000000E+0	0.000000E+0	879.430000E-3	-109.090000E+0	56.902000E+0
	19/10/2022 14:28:42	811.820000E-3	3.290000E-9	1.080000E-9	2.821000E-6	0.000000E+0	0.000000E+0	0.000000E+0	879.430000E-3	-108.978000E+0	56.565000E+0
	19/10/2022 14:28:53	810.100000E-3	3.290000E-9	1.080000E-9	2.818000E-6	0.000000E+0	0.000000E+0	0.000000E+0	879.470000E-3	-108.978000E+0	56.678000E+0
	19/10/2022 14:29:03	809.800000E-3	3.290000E-9	1.080000E-9	2.818000E-6	0.000000E+0	0.000000E+0	0.000000E+0	879.510000E-3	-109.315000E+0	56.678000E+0
	19/10/2022 14:29:13	809.430000E-3	3.300000E-9	1.080000E-9	2.818000E-6	0.000000E+0	0.000000E+0	0.000000E+0	879.550000E-3	-109.090000E+0	56.902000E+0
	19/10/2022 14:29:24	809.510000E-3	3.300000E-9	1.070000E-9	2.818000E-6	0.000000E+0	0.000000E+0	0.000000E+0	879.550000E-3	-109.090000E+0	56.678000E+0
	19/10/2022 14:29:34	809.710000E-3	3.300000E-9	1.070000E-9	2.818000E-6	0.000000E+0	0.000000E+0	0.000000E+0	879.570000E-3	-109.090000E+0	56.790000E+0
	19/10/2022 14:29:44	809.850000E-3	3.300000E-9	1.070000E-9	2.818000E-6	0.000000E+0	0.000000E+0	0.000000E+0	879.620000E-3	-109.090000E+0	56.790000E+0
	19/10/2022 14:29:55	809.850000E-3	3.300000E-9	1.070000E-9	2.818000E-6	0.000000E+0	0.000000E+0	0.000000E+0	879.630000E-3	-109.203000E+0	56.678000E+0
	19/10/2022 14:30:05	809.610000E-3	3.300000E-9	1.070000E-9	2.818000E-6	0.000000E+0	0.000000E+0	0.000000E+0	879.680000E-3	-109.090000E+0	56.678000E+0
	19/10/2022 14:30:15	809.430000E-3	3.310000E-9	1.070000E-9	2.818000E-6	0.000000E+0	0.000000E+0	0.000000E+0	879.670000E-3	-109.203000E+0	56.678000E+0
	19/10/2022 14:30:26	809.540000E-3	3.300000E-9	1.070000E-9	2.818000E-6	0.000000E+0	0.000000E+0	0.000000E+0	879.670000E-3	-109.090000E+0	56.565000E+0
	19/10/2022 14:30:36	809.560000E-3	3.300000E-9	1.070000E-9	2.818000E-6	0.000000E+0	0.000000E+0	0.000000E+0	879.670000E-3	-109.090000E+0	56.565000E+0
	19/10/2022 14:30:46	809.780000E-3	3.300000E-9	1.070000E-9	2.818000E-6	0.000000E+0	0.000000E+0	0.000000E+0	879.680000E-3	-109.090000E+0	56.678000E+0
	19/10/2022 14:30:56	809.630000E-3	3.340000E-9	1.080000E-9	2.818000E-6	0.000000E+0	0.000000E+0	0.000000E+0	879.710000E-3	-109.203000E+0	56.790000E+0
	19/10/2022 14:31:07	809.780000E-3	3.420000E-9	1.100000E-9	2.818000E-6	0.000000E+0	0.000000E+0	0.000000E+0	879.710000E-3	-109.203000E+0	56.790000E+0
	19/10/2022 14:31:17	809.900000E-3	3.650000E-9	1.150000E-9	2.818000E-6	0.000000E+0	0.000000E+0	0.000000E+0	879.720000E-3	-109.203000E+0	56.790000E+0
	19/10/2022 14:31:27	810.000000E-3	5.530000E-9	1.580000E-9	2.821000E-6	0.000000E+0	0.000000E+0	0.000000E+0	879.710000E-3	-109.090000E+0	56.678000E+0
	19/10/2022 14:31:38	809.930000E-3	37.300000E-9	8.890000E-9	2.821000E-6	0.000000E+0	0.000000E+0	0.000000E+0	879.650000E-3	-109.090000E+0	56.678000E+0
	19/10/2022 14:31:48	809.190000E-3	81.600000E-9	18.600000E-9	2.821000E-6	0.000000E+0	0.000000E+0	0.000000E+0	879.510000E-3	-108.978000E+0	56.678000E+0
	19/10/2022 14:31:58	809.190000E-3	216.000000E-9	48.500000E-9	2.818000E-6	0.000000E+0	0.000000E+0	0.000000E+0	877.500000E-3	-109.203000E+0	56.678000E+0
	19/10/2022 14:32:09	801.790000E-3	4.020000E-6	913.000000E-9	2.821000E-6	0.000000E+0	0.000000E+0	0.000000E+0	872.230000E-3	-109.203000E+0	56.678000E+0
	19/10/2022 14:32:19	805.460000E-3	4.270000E-6	957.000000E-9	2.821000E-6	0.000000E+0	0.000000E+0	0.000000E+0	878.720000E-3	-109.090000E+0	56.678000E+0
	19/10/2022 14:32:29	807.660000E-3	10.200000E-6	2.330000E-6	2.825000E-6	0.000000E+0	0.000000E+0	0.000000E+0	876.940000E-3	-109.203000E+0	56.678000E+0
	19/10/2022 14:32:39	805.390000E-3	28.400000E-6	6.430000E-6	2.828000E-6	0.000000E+0	0.000000E+0	0.000000E+0	874.670000E-3	-108.978000E+0	56.790000E+0
	19/10/2022 14:32:50	796.960000E-3	28.700000E-6	6.470000E-6	2.821000E-6	0.000000E+0	0.000000E+0	0.000000E+0	872.310000E-3	-109.090000E+0	56.790000E+0
	19/10/2022 14:33:00	794.120000E-3	28.800000E-6	6.480000E-6	2.832000E-6	0.000000E+0	0.000000E+0	0.000000E+0	869.980000E-3	-109.203000E+0	56.678000E+0
	19/10/2022 14:33:10	793.580000E-3	28.800000E-6	6.480000E-6	2.842000E-6	0.000000E+0	0.000000E+0	0.000000E+0	867.630000E-3	-109.090000E+0	56.790000E+0
	19/10/2022 14:33:21	789.660000E-3	28.800000E-6	6.480000E-6	2.845000E-6	0.000000E+0	0.000000E+0	0.000000E+0	865.250000E-3	-109.203000E+0	56.790000E+0
	19/10/2022 14:33:31	785.990000E-3	28.800000E-6	6.480000E-6	2.842000E-6	0.000000E+0	0.000000E+0	0.000000E+0	862.880000E-3	-109.203000E+0	56.565000E+0
	19/10/2022 14:33:41	785.350000E-3	28.800000E-6	6.460000E-6	2.845000E-6	0.000000E+0	0.000000E+0	0.000000E+0	860.550000E-3	-108.978000E+0	56.902000E+0
	19/10/2022 14:33:51	781.550000E-3	28.800000E-6	6.450000E-6	2.845000E-6	0.000000E+0	0.000000E+0	0.000000E+0	858.270000E-3	-108.978000E+0	56.678000E+0
	19/10/2022 14:34:02	784.390000E-3	28.800000E-6	6.430000E-6	2.845000E-6	0.000000E+0	0.000000E+0	0.000000E+0	855.940000E-3	-109.203000E+0	56.790000E+0
	19/10/2022 14:34:12	782.050000E-3	28.700000E-6	6.410000E-6	2.845000E-6	0.000000E+0	0.000000E+0	0.000000E+0	853.600000E-3	-109.203000E+0	56.678000E+0
	19/10/2022 14:34:22	781.870000E-3	28.600000E-6	6.390000E-6	2.845000E-6	0.000000E+0	0.000000E+0	0.000000E+0	851.320000E-3	-109.090000E+0	56.678000E+0
	19/10/2022 14:34:33	782.050000E-3	28.500000E-6	6.370000E-6	2.866000E-6	0.000000E+0	0.000000E+0	0.000000E+0	848.990000E-3	-109.090000E+0	56.678000E+0
	19/10/2022 14:34:43	781.250000E-3	28.500000E-6	6.360000E-6	2.852000E-6	0.000000E+0	0.000000E+0	0.000000E+0	846.720000E-3	-109.090000E+0	56.790000E+0
	19/10/2022 14:34:53	780.250000E-3	28.400000E-6	6.340000E-6	2.849000E-6	0.000000E+0	0.000000E+0	0.000000E+0	844.390000E-3	-109.090000E+0	56.678000E+0
	19/10/2022 14:35:04	777.410000E-3	28.300000E-6	6.320000E-6	2.849000E-6	0.000000E+0	0.000000E+0	0.000000E+0	842.130000E-3	-109.090000E+0	56.678000E+0
	19/10/2022 14:35:14	773.460000E-3	28.200000E-6	6.300000E-6	2.849000E-6	0.000000E+0	0.000000E+0	0.000000E+0	839.930000E-3	-109.203000E+0	56.678000E+0
	19/10/2022 14:35:24	769.640000E-3	28.200000E-6	6.290000E-6	2.855000E-6	0.000000E+0	0.000000E+0	0.000000E+0	837.680000E-3	-109.090000E+0	56.565000E+0
	19/10/2022 14:35:35	765.600000E-3	28.100000E-6	6.270000E-6	2.852000E-6	0.000000E+0	0.000000E+0	0.000000E+0	836.250000E-3	-109.090000E+0	56.790000E+0
	19/10/2022 14:35:45	765.700000E-3	162.000000E-9	33.700000E-9	2.852000E-6	0.000000E+0	0.000000E+0	0.000000E+0	836.260000E-3	-109.315000E+0	56.678000E+0
	19/10/2022 14:35:55	765.450000E-3	90.700000E-9	21.200000E-9	2.852000E-6	0.000000E+0	0.000000E+0	0.000000E+0	836.310000E-3	-109.090000E+0	56.678000E+0
	19/10/2022 14:36:06	765.720000E-3	71.100000E-9	17.000000E-9	2.852000E-6	0.000000E+0	0.000000E+0	0.000000E+0	836.290000E-3	-109.090000E+0	56.790000E+0
	19/10/2022 14:36:16	765.920000E-3	60.000000E-9	14.500000E-9	2.852000E-6	0.000000E+0	0.000000E+0	0.000000E+0	836.250000E-3	-108.978000E+0	56.565000E+0
	19/10/2022 14:36:26	766.210000E-3	52.600000E-9	12.900000E-9	2.928000E-6	0.000000E+0	0.000000E+0	0.000000E+0	836.220000E-3	-109.090000E+0	56.790000E+0
	19/10/2022 14:36:37	765.370000E-3	47.900000E-9	11.700000E-9	2.900000E-6	0.000000E+0	0.000000E+0	0.000000E+0	836.210000E-3	-109.090000E+0	56.790000E+0
	19/10/2022 14:36:47	765.580000E-3	43.700000E-9	10.700000E-9	2.890000E-6	0.000000E+0	0.000000E+0	0.000000E+0	836.310000E-3	-108.978000E+0	56.790000E+0
	19/10/2022 14:36:57	765.550000E-3	40.400000E-9	9.960000E-9	2.883000E-6	0.000000E+0	0.000000E+0	0.000000E+0	877.870000E-3	-109.315000E+0	56.678000E+0
	19/10/2022 14:37:07	805.790000E-3	37.600000E-9	9.340000E-9	2.876000E-6	0.000000E+0	0.000000E+0	0.000000E+0	966.810000E-3	-109.090000E+0	56.790000E+0
	19/10/2022 14:37:18	901.820000E-3	35.300000E-9	8.800000E-9	2.879000E-6	0.000000E+0	0.000000E+0	0.000000E+0	41.516000E-3	-109.090000E+0	56.790000E+0
	19/10/2022 14:37:28	-30.884000E-3	33.400000E-9	8.340000E-9	2.876000E-6	0.000000E+0	0.000000E+0	0.000000E+0	2.937100E-3	-109.203000E+0	56.790000E+0
	19/10/2022 14:37:38	-62.296000E-3	31.600000E-9	7.970000E-9	2.876000E-6	0.000000E+0	0.000000E+0	0.000000E+0	694.900000E-6	-109.203000E+0	56.678000E+0
	19/10/2022 14:37:49	-62.466000E-3	30.100000E-9	7.660000E-9	2.876000E-6	0.000000E+0	0.000000E+0	0.000000E+0	574.320000E-6	-108.978000E+0	56.678000E+0
	19/10/2022 14:37:59	-62.343000E-3	28.800000E-9	7.310000E-9	2.873000E-6	0.000000E+0	0.000000E+0	0.000000E+0	535.370000E-6	-109.090000E+0	56.678000E+0
	19/10/2022 14:38:09	-62.862000E-3	27.700000E-9	7.030000E-9	2.873000E-6	0.000000E+0	0.000000E+0	0.000000E+0	528.960000E-6	-109.090000E+0	56.678000E+0
	19/10/2022 14:38:20	-62.096000E-3	26.600000E-9	6.770000E-9	2.873000E-6	0.000000E+0	0.000000E+0	0.000000E+0	528.690000E-6	-108.978000E+0	56.678000E+0
	19/10/2022 14:38:30	-62.615000E-3	25.700000E-9	6.550000E-9	2.873000E-6	0.000000E+0	0.000000E+0	0.000000E+0	512.420000E-6	-109.203000E+0	56.790000E+0
	19/10/2022 14:38:40	-62.788000E-3	24.800000E-9	6.340000E-9	2.873000E-6	0.000000E+0	0.000000E+0	0.000000E+0	526.490000E-6	-109.090000E+0	56.790000E+0
	19/10/2022 14:38:51	-62.367000E-3	24.000000E-9	6.150000E-9	2.873000E-6	0.000000E+0	0.000000E+0	0.000000E+0	494.690000E-6	-108.978000E+0	56.678000E+0
calibration end	19/10/2022 14:39:01	-62.442000E-3	23.300000E-9	5.970000E-9	2.873000E-6	0.000000E+0	0.000000E+0	0.000000E+0	488.280000E-6	-109.090000E+0	56.790000E+0
	19/10/2022 14:39:11	-62.516000E-3	22.600000E-9	5.800000E-9	2.873000E-6	0.000000E+0	0.000000E+0	0.000000E+0	512.420000E-6	-109.090000E+0	56.565000E+0
