Live comments	Time	100mbar inj	Barion_2	Barion_1	DUAL experiment	DUAL insulation	1mbar inj	helium	T-platinum	T-CERNOX	V_heater	DUAL inj line	I_emission	I_grid
	08/05/2023 16:15:06	-21.887000E-3	2.610000E-9	1.040000E-9	4.996000E-9	536.300000E-9	-729.740000E-6	0.000000E+0	69.921000E+0	84.287000E+0	15.343000E-6	6.150000E-6	NaN	NaN
	08/05/2023 16:15:14	-21.788000E-3	2.630000E-9	1.040000E-9	4.996000E-9	533.100000E-9	-751.200000E-6	0.000000E+0	69.697000E+0	84.960000E+0	15.119000E-6	6.150000E-6	NaN	NaN
	08/05/2023 16:15:23	-21.663000E-3	2.630000E-9	1.030000E-9	4.996000E-9	520.400000E-9	-793.340000E-6	0.000000E+0	69.023000E+0	85.634000E+0	16.798000E-6	6.160000E-6	NaN	NaN
	08/05/2023 16:15:31	-21.318000E-3	2.630000E-9	1.040000E-9	4.996000E-9	496.600000E-9	-770.420000E-6	0.000000E+0	68.799000E+0	86.083000E+0	17.918000E-6	6.160000E-6	NaN	NaN
	08/05/2023 16:15:40	-21.961000E-3	2.620000E-9	1.030000E-9	4.996000E-9	472.200000E-9	-788.180000E-6	0.000000E+0	68.125000E+0	86.868000E+0	18.030000E-6	6.160000E-6	NaN	NaN
	08/05/2023 16:15:48	-21.246000E-3	2.600000E-9	1.030000E-9	4.996000E-9	471.600000E-9	-783.000000E-6	0.000000E+0	67.676000E+0	87.766000E+0	15.119000E-6	6.160000E-6	NaN	NaN
	08/05/2023 16:15:57	-21.344000E-3	2.590000E-9	1.030000E-9	4.996000E-9	478.400000E-9	-788.900000E-6	0.000000E+0	67.340000E+0	88.215000E+0	15.455000E-6	6.160000E-6	NaN	NaN
	08/05/2023 16:16:05	-21.589000E-3	2.600000E-9	1.030000E-9	4.996000E-9	473.900000E-9	-782.490000E-6	0.000000E+0	66.891000E+0	88.888000E+0	15.679000E-6	6.160000E-6	NaN	NaN
	08/05/2023 16:16:18	-21.836000E-3	2.590000E-9	1.030000E-9	4.996000E-9	467.700000E-9	-794.080000E-6	0.000000E+0	66.217000E+0	89.562000E+0	15.007000E-6	0.000000E+0	NaN	NaN
	08/05/2023 16:16:27	-20.775000E-3	2.580000E-9	1.030000E-9	4.996000E-9	456.000000E-9	-795.070000E-6	0.000000E+0	65.544000E+0	90.684000E+0	11.535000E-6	6.160000E-6	NaN	NaN
	08/05/2023 16:16:35	-21.392000E-3	2.570000E-9	1.030000E-9	4.996000E-9	446.300000E-9	-789.640000E-6	0.000000E+0	65.095000E+0	91.470000E+0	9.855000E-6	6.160000E-6	NaN	NaN
	08/05/2023 16:16:44	-21.836000E-3	2.580000E-9	1.020000E-9	4.996000E-9	440.900000E-9	-792.860000E-6	0.000000E+0	64.646000E+0	92.368000E+0	8.511000E-6	6.160000E-6	NaN	NaN
	08/05/2023 16:16:52	-22.033000E-3	2.590000E-9	1.030000E-9	4.996000E-9	438.300000E-9	-794.080000E-6	0.000000E+0	64.085000E+0	93.041000E+0	7.615000E-6	6.170000E-6	NaN	NaN
	08/05/2023 16:17:01	-21.690000E-3	2.550000E-9	1.030000E-9	4.996000E-9	436.200000E-9	-785.200000E-6	0.000000E+0	63.636000E+0	93.827000E+0	6.495000E-6	6.160000E-6	NaN	NaN
	08/05/2023 16:17:09	-21.419000E-3	2.550000E-9	1.020000E-9	4.996000E-9	433.600000E-9	-790.890000E-6	0.000000E+0	63.412000E+0	94.725000E+0	8.063000E-6	6.160000E-6	NaN	NaN
	08/05/2023 16:17:18	-21.616000E-3	2.540000E-9	1.020000E-9	4.996000E-9	433.100000E-9	-796.320000E-6	0.000000E+0	62.626000E+0	95.398000E+0	6.047000E-6	6.160000E-6	NaN	NaN
	08/05/2023 16:17:26	-21.517000E-3	2.560000E-9	1.030000E-9	4.996000E-9	429.400000E-9	-794.080000E-6	0.000000E+0	62.065000E+0	96.296000E+0	6.383000E-6	6.160000E-6	NaN	NaN
	08/05/2023 16:17:35	-21.490000E-3	2.520000E-9	1.030000E-9	4.996000E-9	428.900000E-9	-784.720000E-6	0.000000E+0	61.391000E+0	97.081000E+0	7.167000E-6	6.170000E-6	NaN	NaN
	08/05/2023 16:17:43	-21.392000E-3	2.530000E-9	1.020000E-9	4.996000E-9	428.900000E-9	-779.780000E-6	0.000000E+0	60.830000E+0	98.092000E+0	5.711000E-6	6.160000E-6	NaN	NaN
	08/05/2023 16:17:52	-21.467000E-3	2.540000E-9	1.010000E-9	4.996000E-9	428.900000E-9	-792.120000E-6	0.000000E+0	60.381000E+0	98.989000E+0	6.495000E-6	6.160000E-6	NaN	NaN
	08/05/2023 16:18:00	-21.490000E-3	2.500000E-9	1.010000E-9	4.996000E-9	428.400000E-9	-760.790000E-6	0.000000E+0	59.932000E+0	100.000000E+0	5.599000E-6	6.170000E-6	NaN	NaN
	08/05/2023 16:18:09	-21.639000E-3	2.530000E-9	1.030000E-9	4.996000E-9	427.900000E-9	-791.880000E-6	0.000000E+0	59.259000E+0	100.785000E+0	8.287000E-6	6.170000E-6	NaN	NaN
	08/05/2023 16:18:18	-21.490000E-3	2.510000E-9	1.020000E-9	4.996000E-9	427.900000E-9	-793.840000E-6	0.000000E+0	58.810000E+0	101.795000E+0	5.935000E-6	6.170000E-6	NaN	NaN
	08/05/2023 16:18:26	-21.762000E-3	2.490000E-9	1.020000E-9	4.996000E-9	427.900000E-9	-791.130000E-6	0.000000E+0	58.137000E+0	103.030000E+0	6.159000E-6	6.170000E-6	NaN	NaN
	08/05/2023 16:18:35	-21.565000E-3	2.500000E-9	1.020000E-9	4.996000E-9	427.900000E-9	-768.180000E-6	0.000000E+0	57.463000E+0	103.928000E+0	7.167000E-6	6.170000E-6	NaN	NaN
	08/05/2023 16:18:43	-21.812000E-3	2.490000E-9	1.020000E-9	4.996000E-9	427.400000E-9	-789.880000E-6	0.000000E+0	56.565000E+0	104.938000E+0	6.831000E-6	6.170000E-6	NaN	NaN
	08/05/2023 16:18:52	-21.541000E-3	2.490000E-9	1.020000E-9	4.996000E-9	426.400000E-9	-768.180000E-6	0.000000E+0	56.229000E+0	106.060000E+0	9.295000E-6	6.170000E-6	NaN	NaN
	08/05/2023 16:19:00	-22.233000E-3	2.490000E-9	1.010000E-9	4.996000E-9	425.900000E-9	-752.900000E-6	0.000000E+0	55.668000E+0	107.182000E+0	8.959000E-6	6.170000E-6	NaN	NaN
	08/05/2023 16:19:09	-21.246000E-3	2.480000E-9	1.010000E-9	4.996000E-9	425.900000E-9	-751.670000E-6	0.000000E+0	54.882000E+0	108.193000E+0	9.519000E-6	6.170000E-6	NaN	NaN
	08/05/2023 16:19:17	-21.368000E-3	2.480000E-9	1.000000E-9	4.996000E-9	425.400000E-9	-748.490000E-6	0.000000E+0	54.433000E+0	109.652000E+0	9.519000E-6	6.170000E-6	NaN	NaN
	08/05/2023 16:19:26	-21.541000E-3	2.450000E-9	1.010000E-9	4.996000E-9	425.900000E-9	-753.400000E-6	0.000000E+0	53.647000E+0	110.774000E+0	9.071000E-6	6.170000E-6	NaN	NaN
	08/05/2023 16:19:34	-21.219000E-3	2.450000E-9	1.010000E-9	4.996000E-9	425.400000E-9	-746.010000E-6	0.000000E+0	52.862000E+0	112.008000E+0	11.535000E-6	6.170000E-6	NaN	NaN
	08/05/2023 16:19:43	-21.589000E-3	2.440000E-9	1.020000E-9	4.996000E-9	425.400000E-9	-752.420000E-6	0.000000E+0	52.188000E+0	113.467000E+0	12.879000E-6	6.170000E-6	NaN	NaN
	08/05/2023 16:19:51	-21.368000E-3	2.440000E-9	1.010000E-9	4.996000E-9	424.900000E-9	-749.200000E-6	0.000000E+0	51.403000E+0	115.039000E+0	9.855000E-6	6.170000E-6	NaN	NaN
	08/05/2023 16:20:00	-21.565000E-3	2.420000E-9	1.010000E-9	4.996000E-9	424.900000E-9	-752.420000E-6	0.000000E+0	50.841000E+0	116.498000E+0	11.871000E-6	6.170000E-6	NaN	NaN
	08/05/2023 16:20:09	-21.738000E-3	2.430000E-9	1.010000E-9	4.996000E-9	424.300000E-9	-754.890000E-6	0.000000E+0	50.168000E+0	117.845000E+0	13.215000E-6	6.170000E-6	NaN	NaN
	08/05/2023 16:20:17	-21.663000E-3	2.440000E-9	1.010000E-9	4.996000E-9	424.300000E-9	-755.370000E-6	0.000000E+0	49.495000E+0	119.416000E+0	11.983000E-6	6.170000E-6	NaN	NaN
	08/05/2023 16:20:26	-21.294000E-3	2.400000E-9	998.000000E-12	4.996000E-9	423.800000E-9	-715.670000E-6	0.000000E+0	48.709000E+0	120.875000E+0	11.871000E-6	6.180000E-6	NaN	NaN
	08/05/2023 16:20:34	-21.443000E-3	2.400000E-9	997.000000E-12	4.996000E-9	423.800000E-9	-718.150000E-6	0.000000E+0	48.036000E+0	122.783000E+0	11.647000E-6	6.180000E-6	NaN	NaN
	08/05/2023 16:20:43	-21.663000E-3	2.390000E-9	990.000000E-12	4.996000E-9	423.800000E-9	-752.660000E-6	0.000000E+0	47.138000E+0	124.691000E+0	11.871000E-6	6.170000E-6	NaN	NaN
	08/05/2023 16:20:51	-21.616000E-3	2.380000E-9	987.000000E-12	4.996000E-9	422.800000E-9	-712.220000E-6	0.000000E+0	46.464000E+0	126.711000E+0	10.751000E-6	6.170000E-6	NaN	NaN
	08/05/2023 16:21:00	-25.314000E-3	2.370000E-9	988.000000E-12	4.996000E-9	421.800000E-9	-749.950000E-6	0.000000E+0	45.679000E+0	128.619000E+0	8.287000E-6	6.170000E-6	NaN	NaN
	08/05/2023 16:21:08	-21.616000E-3	2.360000E-9	988.000000E-12	4.996000E-9	421.800000E-9	-740.590000E-6	0.000000E+0	44.893000E+0	130.302000E+0	8.063000E-6	6.170000E-6	NaN	NaN
	08/05/2023 16:21:17	-21.565000E-3	2.350000E-9	982.000000E-12	4.996000E-9	420.800000E-9	-735.640000E-6	1.000000E+0	44.444000E+0	132.435000E+0	8.959000E-6	6.170000E-6	NaN	NaN
	08/05/2023 16:21:25	-21.467000E-3	2.350000E-9	980.000000E-12	4.996000E-9	418.300000E-9	-756.110000E-6	2.000000E+0	43.322000E+0	134.455000E+0	7.055000E-6	6.170000E-6	NaN	NaN
	08/05/2023 16:21:34	-21.714000E-3	2.330000E-9	976.000000E-12	4.996000E-9	416.300000E-9	-715.430000E-6	2.000000E+0	42.648000E+0	136.812000E+0	7.391000E-6	6.170000E-6	NaN	NaN
	08/05/2023 16:21:42	-22.846000E-3	2.290000E-9	977.000000E-12	4.996000E-9	410.300000E-9	-748.490000E-6	2.000000E+0	41.526000E+0	138.832000E+0	5.935000E-6	6.170000E-6	NaN	NaN
	08/05/2023 16:21:51	-21.517000E-3	2.290000E-9	969.000000E-12	4.996000E-9	406.400000E-9	-753.160000E-6	3.000000E+0	40.853000E+0	140.965000E+0	7.055000E-6	6.180000E-6	NaN	NaN
	08/05/2023 16:21:59	-21.490000E-3	2.270000E-9	966.000000E-12	4.996000E-9	401.500000E-9	-752.420000E-6	4.000000E+0	40.179000E+0	143.097000E+0	6.495000E-6	6.180000E-6	NaN	NaN
	08/05/2023 16:22:08	-21.663000E-3	2.250000E-9	962.000000E-12	4.996000E-9	396.700000E-9	-754.390000E-6	4.000000E+0	39.282000E+0	145.566000E+0	7.055000E-6	6.250000E-6	NaN	NaN
	08/05/2023 16:22:17	-21.541000E-3	2.220000E-9	961.000000E-12	4.996000E-9	394.900000E-9	-753.400000E-6	4.000000E+0	39.057000E+0	147.025000E+0	6.831000E-6	6.190000E-6	NaN	NaN
	08/05/2023 16:22:25	-21.565000E-3	2.200000E-9	958.000000E-12	4.996000E-9	393.400000E-9	-749.950000E-6	5.000000E+0	38.047000E+0	149.270000E+0	6.159000E-6	6.180000E-6	NaN	NaN
	08/05/2023 16:22:34	-20.802000E-3	2.210000E-9	958.000000E-12	4.996000E-9	391.500000E-9	-748.960000E-6	5.000000E+0	37.261000E+0	151.963000E+0	6.271000E-6	6.180000E-6	NaN	NaN
	08/05/2023 16:22:42	-21.589000E-3	2.170000E-9	959.000000E-12	4.996000E-9	390.600000E-9	-753.400000E-6	6.000000E+0	36.588000E+0	153.310000E+0	4.928000E-6	6.180000E-6	NaN	NaN
	08/05/2023 16:22:51	-21.023000E-3	2.130000E-9	958.000000E-12	4.996000E-9	389.600000E-9	-750.450000E-6	6.000000E+0	36.251000E+0	155.667000E+0	5.935000E-6	6.180000E-6	NaN	NaN
	08/05/2023 16:22:59	-20.948000E-3	2.140000E-9	955.000000E-12	4.996000E-9	389.600000E-9	-750.450000E-6	7.000000E+0	35.241000E+0	158.361000E+0	5.935000E-6	6.180000E-6	NaN	NaN
	08/05/2023 16:23:08	-21.663000E-3	2.110000E-9	952.000000E-12	4.996000E-9	389.200000E-9	-744.040000E-6	7.000000E+0	34.792000E+0	160.493000E+0	5.264000E-6	6.180000E-6	NaN	NaN
	08/05/2023 16:23:16	-21.490000E-3	2.130000E-9	943.000000E-12	4.996000E-9	389.200000E-9	-746.010000E-6	8.000000E+0	34.007000E+0	162.401000E+0	5.711000E-6	6.180000E-6	NaN	NaN
	08/05/2023 16:23:25	-21.246000E-3	2.110000E-9	936.000000E-12	4.996000E-9	388.700000E-9	-754.620000E-6	8.000000E+0	33.333000E+0	165.319000E+0	5.488000E-6	6.180000E-6	NaN	NaN
	08/05/2023 16:23:33	-21.762000E-3	2.090000E-9	942.000000E-12	4.996000E-9	388.300000E-9	-754.390000E-6	9.000000E+0	32.548000E+0	166.890000E+0	5.264000E-6	6.170000E-6	NaN	NaN
	08/05/2023 16:23:42	-21.911000E-3	2.120000E-9	942.000000E-12	4.996000E-9	387.300000E-9	-735.910000E-6	10.000000E+0	31.874000E+0	170.594000E+0	5.376000E-6	6.170000E-6	NaN	NaN
	08/05/2023 16:23:51	-21.419000E-3	2.100000E-9	943.000000E-12	4.996000E-9	387.300000E-9	-747.470000E-6	11.000000E+0	31.313000E+0	172.277000E+0	6.047000E-6	6.170000E-6	NaN	NaN
	08/05/2023 16:23:59	-21.195000E-3	2.080000E-9	945.000000E-12	4.996000E-9	386.900000E-9	-751.670000E-6	11.000000E+0	30.640000E+0	174.522000E+0	5.376000E-6	6.170000E-6	NaN	NaN
	08/05/2023 16:24:08	-21.961000E-3	2.090000E-9	938.000000E-12	4.996000E-9	386.900000E-9	-748.960000E-6	12.000000E+0	29.966000E+0	177.328000E+0	5.376000E-6	6.170000E-6	NaN	NaN
	08/05/2023 16:24:16	-21.812000E-3	2.090000E-9	932.000000E-12	4.996000E-9	386.900000E-9	-752.900000E-6	13.000000E+0	29.405000E+0	180.022000E+0	5.599000E-6	6.170000E-6	NaN	NaN
	08/05/2023 16:24:25	-21.517000E-3	2.090000E-9	928.000000E-12	4.996000E-9	386.900000E-9	-751.910000E-6	13.000000E+0	28.507000E+0	182.827000E+0	4.816000E-6	6.170000E-6	NaN	NaN
	08/05/2023 16:24:33	-21.541000E-3	2.070000E-9	933.000000E-12	4.996000E-9	386.400000E-9	-747.000000E-6	13.000000E+0	28.058000E+0	185.184000E+0	5.599000E-6	6.170000E-6	NaN	NaN
	08/05/2023 16:24:42	-21.344000E-3	2.060000E-9	935.000000E-12	4.996000E-9	386.400000E-9	-744.760000E-6	14.000000E+0	27.273000E+0	188.102000E+0	4.816000E-6	6.170000E-6	NaN	NaN
	08/05/2023 16:24:50	-21.738000E-3	2.080000E-9	941.000000E-12	4.996000E-9	386.400000E-9	-735.400000E-6	14.000000E+0	26.038000E+0	191.582000E+0	5.935000E-6	6.300000E-6	NaN	NaN
	08/05/2023 16:24:59	-21.318000E-3	2.060000E-9	940.000000E-12	4.996000E-9	386.400000E-9	-728.760000E-6	15.000000E+0	26.375000E+0	193.602000E+0	6.047000E-6	6.240000E-6	NaN	NaN
	08/05/2023 16:25:07	-21.270000E-3	2.080000E-9	940.000000E-12	4.996000E-9	386.400000E-9	-749.710000E-6	15.000000E+0	25.589000E+0	196.632000E+0	5.488000E-6	6.230000E-6	NaN	NaN
	08/05/2023 16:25:16	-21.663000E-3	2.060000E-9	938.000000E-12	4.996000E-9	386.400000E-9	-725.300000E-6	15.000000E+0	24.916000E+0	200.111000E+0	4.592000E-6	6.230000E-6	NaN	NaN
	08/05/2023 16:25:24	-21.443000E-3	2.050000E-9	930.000000E-12	4.996000E-9	386.400000E-9	-749.950000E-6	15.000000E+0	24.130000E+0	203.815000E+0	4.928000E-6	6.230000E-6	NaN	NaN
	08/05/2023 16:25:33	-22.009000E-3	2.060000E-9	921.000000E-12	4.996000E-9	386.400000E-9	-721.840000E-6	15.000000E+0	23.457000E+0	207.294000E+0	5.152000E-6	6.220000E-6	NaN	NaN
	08/05/2023 16:25:42	-21.589000E-3	2.030000E-9	920.000000E-12	4.996000E-9	385.900000E-9	-723.570000E-6	15.000000E+0	22.559000E+0	210.549000E+0	5.488000E-6	6.220000E-6	NaN	NaN
	08/05/2023 16:25:50	-21.589000E-3	2.050000E-9	921.000000E-12	4.996000E-9	385.900000E-9	-784.460000E-6	16.000000E+0	21.998000E+0	214.814000E+0	4.144000E-6	6.220000E-6	NaN	NaN
	08/05/2023 16:25:59	-20.877000E-3	2.030000E-9	924.000000E-12	4.996000E-9	385.900000E-9	-755.130000E-6	16.000000E+0	21.324000E+0	218.966000E+0	4.816000E-6	6.220000E-6	NaN	NaN
	08/05/2023 16:26:07	-21.589000E-3	2.050000E-9	927.000000E-12	4.996000E-9	385.900000E-9	-714.690000E-6	16.000000E+0	20.763000E+0	222.782000E+0	5.376000E-6	6.220000E-6	NaN	NaN
	08/05/2023 16:26:16	-21.195000E-3	2.050000E-9	925.000000E-12	4.996000E-9	385.900000E-9	-727.500000E-6	16.000000E+0	20.090000E+0	225.700000E+0	6.159000E-6	6.220000E-6	NaN	NaN
	08/05/2023 16:26:24	-21.294000E-3	2.030000E-9	926.000000E-12	4.996000E-9	385.900000E-9	-751.670000E-6	16.000000E+0	19.304000E+0	230.302000E+0	4.480000E-6	6.220000E-6	NaN	NaN
	08/05/2023 16:26:33	-21.812000E-3	2.030000E-9	930.000000E-12	4.996000E-9	385.900000E-9	-710.760000E-6	16.000000E+0	18.631000E+0	234.903000E+0	6.047000E-6	6.220000E-6	NaN	NaN
	08/05/2023 16:26:41	-21.616000E-3	2.040000E-9	932.000000E-12	4.996000E-9	385.900000E-9	-751.200000E-6	16.000000E+0	17.957000E+0	239.056000E+0	6.607000E-6	6.210000E-6	NaN	NaN
	08/05/2023 16:26:50	-21.344000E-3	2.020000E-9	920.000000E-12	4.996000E-9	385.900000E-9	-746.490000E-6	16.000000E+0	17.396000E+0	244.107000E+0	4.928000E-6	6.210000E-6	NaN	NaN
	08/05/2023 16:26:58	-21.368000E-3	2.030000E-9	920.000000E-12	4.996000E-9	385.900000E-9	-754.890000E-6	16.000000E+0	16.723000E+0	248.259000E+0	6.047000E-6	6.210000E-6	NaN	NaN
	08/05/2023 16:27:07	-21.517000E-3	2.030000E-9	921.000000E-12	4.996000E-9	385.900000E-9	-749.950000E-6	16.000000E+0	15.825000E+0	253.646000E+0	5.376000E-6	6.210000E-6	NaN	NaN
	08/05/2023 16:27:15	-21.246000E-3	2.040000E-9	921.000000E-12	4.996000E-9	385.900000E-9	-754.390000E-6	16.000000E+0	15.264000E+0	259.707000E+0	5.376000E-6	6.220000E-6	NaN	NaN
	08/05/2023 16:27:24	-21.517000E-3	2.020000E-9	924.000000E-12	4.996000E-9	385.900000E-9	-747.740000E-6	16.000000E+0	14.366000E+0	265.655000E+0	7.055000E-6	6.210000E-6	NaN	NaN
	08/05/2023 16:27:33	-21.565000E-3	2.010000E-9	933.000000E-12	4.996000E-9	385.900000E-9	-720.620000E-6	16.000000E+0	13.805000E+0	270.930000E+0	5.935000E-6	6.210000E-6	NaN	NaN
	08/05/2023 16:27:41	-21.368000E-3	2.030000E-9	925.000000E-12	4.996000E-9	385.500000E-9	-750.930000E-6	16.000000E+0	13.131000E+0	277.664000E+0	5.152000E-6	6.210000E-6	NaN	NaN
	08/05/2023 16:27:50	-21.073000E-3	2.020000E-9	914.000000E-12	4.996000E-9	385.500000E-9	-752.900000E-6	17.000000E+0	12.233000E+0	284.061000E+0	6.271000E-6	6.210000E-6	NaN	NaN
	08/05/2023 16:27:58	-21.541000E-3	2.010000E-9	912.000000E-12	4.996000E-9	385.500000E-9	-751.200000E-6	17.000000E+0	11.560000E+0	290.010000E+0	7.839000E-6	6.210000E-6	NaN	NaN
	08/05/2023 16:28:07	-21.738000E-3	2.020000E-9	916.000000E-12	4.996000E-9	385.900000E-9	-737.130000E-6	17.000000E+0	10.887000E+0	296.519000E+0	7.503000E-6	6.210000E-6	NaN	NaN
	08/05/2023 16:28:15	-21.046000E-3	2.000000E-9	921.000000E-12	4.996000E-9	385.500000E-9	-750.180000E-6	17.000000E+0	10.438000E+0	303.702000E+0	7.391000E-6	6.210000E-6	NaN	NaN
	08/05/2023 16:28:24	-21.490000E-3	2.030000E-9	923.000000E-12	4.996000E-9	385.900000E-9	-720.620000E-6	17.000000E+0	9.764000E+0	312.905000E+0	9.407000E-6	6.210000E-6	NaN	NaN
	08/05/2023 16:28:32	-21.344000E-3	2.000000E-9	923.000000E-12	4.996000E-9	385.900000E-9	-726.280000E-6	17.000000E+0	9.091000E+0	319.639000E+0	5.823000E-6	6.210000E-6	NaN	NaN
	08/05/2023 16:28:41	-21.663000E-3	2.020000E-9	924.000000E-12	4.996000E-9	385.900000E-9	-751.670000E-6	17.000000E+0	8.642000E+0	325.475000E+0	7.055000E-6	6.210000E-6	NaN	NaN
	08/05/2023 16:28:49	-25.657000E-3	2.000000E-9	921.000000E-12	4.996000E-9	385.900000E-9	-752.420000E-6	17.000000E+0	7.856000E+0	334.566000E+0	6.271000E-6	6.210000E-6	NaN	NaN
	08/05/2023 16:28:58	-21.172000E-3	2.000000E-9	921.000000E-12	4.996000E-9	385.900000E-9	-751.200000E-6	17.000000E+0	7.295000E+0	343.433000E+0	7.279000E-6	6.210000E-6	NaN	NaN
	08/05/2023 16:29:06	-21.589000E-3	2.000000E-9	919.000000E-12	4.996000E-9	385.500000E-9	-755.370000E-6	17.000000E+0	6.734000E+0	354.880000E+0	8.847000E-6	6.210000E-6	NaN	NaN
	08/05/2023 16:29:15	-21.788000E-3	2.010000E-9	912.000000E-12	4.996000E-9	385.500000E-9	-721.100000E-6	17.000000E+0	6.061000E+0	365.655000E+0	6.495000E-6	6.210000E-6	NaN	NaN
	08/05/2023 16:29:24	-21.714000E-3	2.010000E-9	918.000000E-12	4.996000E-9	385.900000E-9	-746.250000E-6	17.000000E+0	5.387000E+0	375.756000E+0	7.391000E-6	6.200000E-6	NaN	NaN
	08/05/2023 16:29:32	-21.589000E-3	1.990000E-9	920.000000E-12	4.996000E-9	385.900000E-9	-747.000000E-6	17.000000E+0	4.602000E+0	391.693000E+0	6.383000E-6	6.200000E-6	NaN	NaN
	08/05/2023 16:29:41	-22.131000E-3	2.000000E-9	927.000000E-12	4.996000E-9	385.900000E-9	-754.150000E-6	17.000000E+0	4.265000E+0	407.181000E+0	6.943000E-6	6.200000E-6	NaN	NaN
	08/05/2023 16:29:49	-21.246000E-3	1.990000E-9	926.000000E-12	4.996000E-9	385.900000E-9	-738.620000E-6	17.000000E+0	3.479000E+0	425.475000E+0	8.959000E-6	6.200000E-6	NaN	NaN
	08/05/2023 16:29:58	-22.379000E-3	1.990000E-9	927.000000E-12	4.996000E-9	385.900000E-9	-749.950000E-6	17.000000E+0	2.806000E+0	444.891000E+0	8.399000E-6	6.200000E-6	NaN	NaN
	08/05/2023 16:30:06	-21.690000E-3	1.980000E-9	927.000000E-12	4.996000E-9	385.500000E-9	-751.440000E-6	17.000000E+0	2.132000E+0	475.531000E+0	8.287000E-6	6.200000E-6	NaN	NaN
	08/05/2023 16:30:15	-21.490000E-3	1.970000E-9	921.000000E-12	4.996000E-9	385.900000E-9	-746.490000E-6	18.000000E+0	1.571000E+0	508.639000E+0	8.511000E-6	6.200000E-6	NaN	NaN
	08/05/2023 16:30:23	-19.690000E-3	1.930000E-9	893.000000E-12	4.996000E-9	385.900000E-9	-736.150000E-6	17.000000E+0	898.000000E-3	551.737000E+0	7.503000E-6	6.200000E-6	NaN	NaN
	08/05/2023 16:30:32	-21.490000E-3	1.620000E-9	791.000000E-12	4.996000E-9	385.900000E-9	-745.270000E-6	18.000000E+0	112.000000E-3	620.087000E+0	8.063000E-6	6.200000E-6	NaN	NaN
	08/05/2023 16:30:40	-22.233000E-3	1.420000E-9	701.000000E-12	4.996000E-9	385.900000E-9	-753.160000E-6	18.000000E+0	-337.000000E-3	704.374000E+0	8.511000E-6	6.200000E-6	NaN	NaN
	08/05/2023 16:30:49	-21.565000E-3	1.370000E-9	675.000000E-12	4.996000E-9	385.900000E-9	-744.760000E-6	18.000000E+0	-673.000000E-3	833.441000E+0	8.623000E-6	6.200000E-6	NaN	NaN
	08/05/2023 16:30:57	-21.788000E-3	1.370000E-9	692.000000E-12	4.996000E-9	385.900000E-9	-714.450000E-6	18.000000E+0	-898.000000E-3	1.014698E+3	9.967000E-6	6.200000E-6	NaN	NaN
	08/05/2023 16:31:06	-21.639000E-3	1.350000E-9	690.000000E-12	4.996000E-9	385.900000E-9	-726.520000E-6	18.000000E+0	-1.235000E+0	1.224461E+3	8.735000E-6	6.200000E-6	NaN	NaN
	08/05/2023 16:31:15	-21.467000E-3	1.370000E-9	690.000000E-12	4.996000E-9	385.900000E-9	-717.160000E-6	18.000000E+0	-1.235000E+0	1.460262E+3	9.631000E-6	6.200000E-6	NaN	NaN
	08/05/2023 16:31:23	-21.738000E-3	1.360000E-9	688.000000E-12	4.996000E-9	386.400000E-9	-744.040000E-6	18.000000E+0	-1.347000E+0	2.018172E+3	9.407000E-6	6.200000E-6	NaN	NaN
	08/05/2023 16:31:32	-21.443000E-3	1.360000E-9	690.000000E-12	4.996000E-9	385.900000E-9	-716.420000E-6	62.000000E+0	-1.347000E+0	2.450158E+3	8.399000E-6	6.200000E-6	NaN	NaN
	08/05/2023 16:31:40	-21.762000E-3	1.370000E-9	691.000000E-12	4.996000E-9	385.900000E-9	-722.080000E-6	76.000000E+0	-1.347000E+0	3.086294E+3	9.071000E-6	6.200000E-6	NaN	NaN
	08/05/2023 16:31:49	-20.999000E-3	1.360000E-9	690.000000E-12	4.996000E-9	385.900000E-9	-708.040000E-6	87.000000E+0	-1.235000E+0	3.319626E+3	9.183000E-6	6.200000E-6	NaN	NaN
	08/05/2023 16:31:57	-22.429000E-3	1.350000E-9	690.000000E-12	4.996000E-9	385.900000E-9	-711.980000E-6	103.000000E+0	-1.459000E+0	3.994820E+3	9.183000E-6	6.200000E-6	NaN	NaN
	08/05/2023 16:32:06	-21.616000E-3	1.350000E-9	690.000000E-12	4.996000E-9	385.900000E-9	-740.350000E-6	138.000000E+0	-1.347000E+0	4.188758E+3	10.303000E-6	6.200000E-6	NaN	NaN
	08/05/2023 16:32:14	-21.246000E-3	1.350000E-9	689.000000E-12	4.996000E-9	385.900000E-9	-735.910000E-6	152.000000E+0	-1.235000E+0	4.195943E+3	10.191000E-6	6.200000E-6	NaN	NaN
	08/05/2023 16:32:23	-21.517000E-3	1.340000E-9	690.000000E-12	4.996000E-9	385.900000E-9	-719.880000E-6	165.000000E+0	-1.235000E+0	4.196392E+3	10.303000E-6	6.200000E-6	NaN	NaN
	08/05/2023 16:32:31	-21.419000E-3	1.350000E-9	688.000000E-12	4.996000E-9	385.900000E-9	-713.710000E-6	179.000000E+0	-1.347000E+0	4.195718E+3	9.071000E-6	6.200000E-6	NaN	NaN
	08/05/2023 16:32:40	-21.517000E-3	1.340000E-9	687.000000E-12	4.996000E-9	385.900000E-9	-752.660000E-6	189.000000E+0	-1.347000E+0	4.194145E+3	8.287000E-6	6.200000E-6	NaN	NaN
	08/05/2023 16:32:48	-21.565000E-3	1.370000E-9	687.000000E-12	4.996000E-9	385.900000E-9	-745.510000E-6	199.000000E+0	-1.235000E+0	4.193247E+3	9.071000E-6	6.200000E-6	NaN	NaN
	08/05/2023 16:32:57	-21.690000E-3	1.350000E-9	686.000000E-12	4.996000E-9	385.900000E-9	-713.940000E-6	202.000000E+0	-1.235000E+0	4.190329E+3	8.511000E-6	6.190000E-6	NaN	NaN
	08/05/2023 16:33:05	-21.961000E-3	1.370000E-9	687.000000E-12	4.996000E-9	385.900000E-9	-752.420000E-6	207.000000E+0	-1.122000E+0	4.189207E+3	8.847000E-6	6.190000E-6	NaN	NaN
	08/05/2023 16:33:14	-21.490000E-3	1.350000E-9	686.000000E-12	4.996000E-9	385.900000E-9	-739.840000E-6	210.000000E+0	-1.347000E+0	4.184381E+3	8.175000E-6	6.190000E-6	NaN	NaN
	08/05/2023 16:33:22	-21.639000E-3	1.370000E-9	685.000000E-12	4.996000E-9	385.900000E-9	-743.060000E-6	213.000000E+0	-1.347000E+0	4.177422E+3	7.503000E-6	6.180000E-6	NaN	NaN
	08/05/2023 16:33:31	-21.690000E-3	1.340000E-9	685.000000E-12	4.996000E-9	385.900000E-9	-746.490000E-6	218.000000E+0	-1.235000E+0	4.169229E+3	8.175000E-6	6.180000E-6	NaN	NaN
	08/05/2023 16:33:40	-21.616000E-3	1.360000E-9	686.000000E-12	4.996000E-9	385.900000E-9	-754.150000E-6	220.000000E+0	-1.010000E+0	4.162832E+3	8.287000E-6	6.180000E-6	NaN	NaN
	08/05/2023 16:33:48	-21.812000E-3	1.350000E-9	686.000000E-12	4.996000E-9	385.900000E-9	-747.980000E-6	222.000000E+0	-1.122000E+0	4.156547E+3	7.503000E-6	6.180000E-6	NaN	NaN
	08/05/2023 16:33:57	-21.690000E-3	1.370000E-9	685.000000E-12	4.996000E-9	385.900000E-9	-752.180000E-6	223.000000E+0	-1.235000E+0	4.151946E+3	9.071000E-6	6.180000E-6	NaN	NaN
	08/05/2023 16:34:05	-21.541000E-3	1.350000E-9	685.000000E-12	4.996000E-9	385.900000E-9	-747.980000E-6	224.000000E+0	-1.122000E+0	4.149476E+3	8.287000E-6	6.180000E-6	NaN	NaN
	08/05/2023 16:34:14	-21.368000E-3	1.360000E-9	685.000000E-12	4.996000E-9	385.900000E-9	-748.720000E-6	226.000000E+0	-1.235000E+0	4.146446E+3	7.615000E-6	6.180000E-6	NaN	NaN
	08/05/2023 16:34:22	-21.368000E-3	1.350000E-9	685.000000E-12	4.996000E-9	385.900000E-9	-747.000000E-6	228.000000E+0	-1.122000E+0	4.143528E+3	8.287000E-6	6.180000E-6	NaN	NaN
	08/05/2023 16:34:31	-21.517000E-3	1.360000E-9	685.000000E-12	4.996000E-9	385.900000E-9	-750.690000E-6	229.000000E+0	-1.122000E+0	4.141732E+3	7.391000E-6	6.160000E-6	NaN	NaN
	08/05/2023 16:34:39	-21.565000E-3	1.350000E-9	683.000000E-12	4.996000E-9	385.900000E-9	-719.130000E-6	230.000000E+0	-1.347000E+0	4.141171E+3	7.951000E-6	6.160000E-6	NaN	NaN
	08/05/2023 16:34:48	-22.158000E-3	1.340000E-9	685.000000E-12	4.996000E-9	385.900000E-9	-708.520000E-6	229.000000E+0	-1.235000E+0	4.139151E+3	6.943000E-6	6.160000E-6	NaN	NaN
	08/05/2023 16:34:56	-21.172000E-3	1.350000E-9	684.000000E-12	4.996000E-9	385.900000E-9	-746.250000E-6	231.000000E+0	-1.235000E+0	4.138927E+3	9.071000E-6	6.160000E-6	NaN	NaN
	08/05/2023 16:35:05	-21.985000E-3	1.350000E-9	683.000000E-12	4.996000E-9	385.900000E-9	-753.910000E-6	233.000000E+0	-1.235000E+0	4.138590E+3	7.391000E-6	6.160000E-6	NaN	NaN
	08/05/2023 16:35:13	-21.467000E-3	1.350000E-9	683.000000E-12	4.996000E-9	385.900000E-9	-739.340000E-6	232.000000E+0	-1.235000E+0	4.137580E+3	8.063000E-6	6.160000E-6	NaN	NaN
	08/05/2023 16:35:22	-21.392000E-3	1.360000E-9	683.000000E-12	4.996000E-9	385.900000E-9	-737.880000E-6	233.000000E+0	-1.235000E+0	4.136570E+3	8.511000E-6	6.150000E-6	NaN	NaN
	08/05/2023 16:35:30	-21.762000E-3	1.350000E-9	685.000000E-12	4.996000E-9	385.900000E-9	-747.740000E-6	234.000000E+0	-1.347000E+0	4.137243E+3	8.399000E-6	6.160000E-6	NaN	NaN
	08/05/2023 16:35:39	-23.562000E-3	1.360000E-9	683.000000E-12	4.996000E-9	385.900000E-9	-747.000000E-6	234.000000E+0	-1.122000E+0	4.136345E+3	7.391000E-6	6.150000E-6	NaN	NaN
	08/05/2023 16:35:47	-21.023000E-3	1.330000E-9	682.000000E-12	4.996000E-9	385.900000E-9	-744.760000E-6	235.000000E+0	-1.235000E+0	4.136121E+3	7.279000E-6	6.150000E-6	NaN	NaN
	08/05/2023 16:35:56	-21.911000E-3	1.330000E-9	682.000000E-12	4.996000E-9	386.400000E-9	-748.720000E-6	235.000000E+0	-1.122000E+0	4.137019E+3	7.167000E-6	6.150000E-6	NaN	NaN
	08/05/2023 16:36:05	-21.639000E-3	1.340000E-9	682.000000E-12	4.996000E-9	385.900000E-9	-705.060000E-6	235.000000E+0	-1.235000E+0	4.136682E+3	7.167000E-6	6.150000E-6	NaN	NaN
	08/05/2023 16:36:13	-21.663000E-3	1.340000E-9	680.000000E-12	4.996000E-9	386.400000E-9	-715.200000E-6	235.000000E+0	-1.347000E+0	4.135784E+3	8.175000E-6	6.150000E-6	NaN	NaN
	08/05/2023 16:36:22	-21.318000E-3	1.340000E-9	682.000000E-12	4.996000E-9	386.400000E-9	-743.060000E-6	234.000000E+0	-1.347000E+0	4.135784E+3	7.951000E-6	6.150000E-6	NaN	NaN
	08/05/2023 16:36:30	-21.860000E-3	1.340000E-9	683.000000E-12	4.996000E-9	386.400000E-9	-732.690000E-6	236.000000E+0	-1.122000E+0	4.136121E+3	7.503000E-6	6.150000E-6	NaN	NaN
	08/05/2023 16:36:39	-22.009000E-3	1.340000E-9	682.000000E-12	4.996000E-9	386.400000E-9	-706.790000E-6	235.000000E+0	-1.235000E+0	4.136233E+3	7.503000E-6	6.150000E-6	NaN	NaN
	08/05/2023 16:36:47	-21.714000E-3	1.320000E-9	683.000000E-12	4.996000E-9	386.400000E-9	-706.790000E-6	235.000000E+0	-1.347000E+0	4.136121E+3	7.279000E-6	6.140000E-6	NaN	NaN
	08/05/2023 16:36:56	-21.762000E-3	1.340000E-9	683.000000E-12	4.996000E-9	386.400000E-9	-715.200000E-6	235.000000E+0	-1.122000E+0	4.136570E+3	8.063000E-6	6.140000E-6	NaN	NaN
	08/05/2023 16:37:04	-21.270000E-3	1.320000E-9	682.000000E-12	4.996000E-9	386.400000E-9	-737.640000E-6	235.000000E+0	-1.347000E+0	4.137019E+3	7.055000E-6	6.140000E-6	NaN	NaN
	08/05/2023 16:37:13	-21.738000E-3	1.330000E-9	682.000000E-12	4.996000E-9	385.900000E-9	-749.470000E-6	235.000000E+0	-1.347000E+0	4.136794E+3	7.503000E-6	6.140000E-6	NaN	NaN
	08/05/2023 16:37:22	-21.663000E-3	1.330000E-9	682.000000E-12	4.996000E-9	386.400000E-9	-748.490000E-6	235.000000E+0	-1.122000E+0	4.137019E+3	7.951000E-6	6.140000E-6	NaN	NaN
	08/05/2023 16:37:30	-21.860000E-3	1.340000E-9	682.000000E-12	4.996000E-9	385.900000E-9	-747.740000E-6	234.000000E+0	-1.347000E+0	4.137916E+3	6.383000E-6	6.140000E-6	NaN	NaN
	08/05/2023 16:37:39	-21.565000E-3	1.350000E-9	680.000000E-12	4.996000E-9	385.900000E-9	-748.490000E-6	234.000000E+0	-1.122000E+0	4.139039E+3	6.719000E-6	6.140000E-6	NaN	NaN
	08/05/2023 16:37:47	-21.368000E-3	1.330000E-9	681.000000E-12	4.996000E-9	386.400000E-9	-753.400000E-6	234.000000E+0	-1.010000E+0	4.138029E+3	6.047000E-6	6.140000E-6	NaN	NaN
	08/05/2023 16:37:56	-21.663000E-3	1.350000E-9	680.000000E-12	4.996000E-9	386.400000E-9	-725.540000E-6	233.000000E+0	-1.010000E+0	4.133315E+3	6.719000E-6	6.140000E-6	NaN	NaN
	08/05/2023 16:38:04	-25.165000E-3	1.340000E-9	679.000000E-12	4.996000E-9	386.400000E-9	-749.200000E-6	230.000000E+0	-1.122000E+0	4.138590E+3	7.503000E-6	6.140000E-6	NaN	NaN
	08/05/2023 16:38:13	-21.860000E-3	1.350000E-9	680.000000E-12	4.996000E-9	385.900000E-9	-733.200000E-6	230.000000E+0	-1.235000E+0	4.149701E+3	8.287000E-6	6.140000E-6	NaN	NaN
	08/05/2023 16:38:21	-21.565000E-3	1.330000E-9	680.000000E-12	4.996000E-9	386.400000E-9	-742.320000E-6	230.000000E+0	-1.122000E+0	4.162383E+3	6.383000E-6	6.140000E-6	NaN	NaN
	08/05/2023 16:38:30	-21.836000E-3	1.330000E-9	680.000000E-12	4.996000E-9	386.400000E-9	-745.770000E-6	230.000000E+0	-1.122000E+0	4.174392E+3	7.279000E-6	6.140000E-6	NaN	NaN
	08/05/2023 16:38:38	-22.233000E-3	1.330000E-9	680.000000E-12	4.996000E-9	386.400000E-9	-715.430000E-6	230.000000E+0	-1.235000E+0	4.184718E+3	7.055000E-6	6.140000E-6	NaN	NaN
	08/05/2023 16:38:47	-21.517000E-3	1.330000E-9	681.000000E-12	4.996000E-9	386.400000E-9	-747.980000E-6	229.000000E+0	-1.347000E+0	4.194708E+3	7.167000E-6	6.140000E-6	NaN	NaN
	08/05/2023 16:38:55	-21.219000E-3	1.330000E-9	680.000000E-12	4.996000E-9	386.400000E-9	-748.960000E-6	229.000000E+0	-1.235000E+0	4.202003E+3	7.279000E-6	6.140000E-6	NaN	NaN
	08/05/2023 16:39:04	-21.616000E-3	1.340000E-9	680.000000E-12	4.996000E-9	386.400000E-9	-751.440000E-6	227.000000E+0	-1.235000E+0	4.208737E+3	6.943000E-6	6.140000E-6	NaN	NaN
	08/05/2023 16:39:13	-21.517000E-3	1.340000E-9	679.000000E-12	4.996000E-9	388.700000E-9	-749.470000E-6	228.000000E+0	-1.235000E+0	4.214237E+3	8.623000E-6	6.140000E-6	NaN	NaN
	08/05/2023 16:39:21	-20.877000E-3	1.340000E-9	680.000000E-12	4.996000E-9	386.400000E-9	-754.890000E-6	228.000000E+0	-1.235000E+0	4.218389E+3	6.719000E-6	6.130000E-6	NaN	NaN
	08/05/2023 16:39:30	-21.172000E-3	1.340000E-9	679.000000E-12	4.996000E-9	386.400000E-9	-749.200000E-6	227.000000E+0	-1.347000E+0	4.223215E+3	7.391000E-6	6.140000E-6	NaN	NaN
	08/05/2023 16:39:38	-21.443000E-3	1.320000E-9	679.000000E-12	4.996000E-9	386.900000E-9	-708.040000E-6	227.000000E+0	-1.347000E+0	4.225909E+3	8.063000E-6	6.140000E-6	NaN	NaN
	08/05/2023 16:39:47	-21.812000E-3	1.320000E-9	678.000000E-12	4.996000E-9	386.900000E-9	-713.230000E-6	227.000000E+0	-1.347000E+0	4.228827E+3	7.839000E-6	6.140000E-6	NaN	NaN
	08/05/2023 16:39:55	-22.158000E-3	1.310000E-9	679.000000E-12	4.996000E-9	386.900000E-9	-750.930000E-6	227.000000E+0	-1.122000E+0	4.230847E+3	7.615000E-6	6.140000E-6	NaN	NaN
	08/05/2023 16:40:04	-21.690000E-3	1.330000E-9	678.000000E-12	4.996000E-9	386.900000E-9	-738.860000E-6	226.000000E+0	-1.235000E+0	4.232980E+3	7.615000E-6	6.140000E-6	NaN	NaN
	08/05/2023 16:40:12	-21.419000E-3	1.320000E-9	678.000000E-12	4.996000E-9	386.900000E-9	-746.760000E-6	226.000000E+0	-1.347000E+0	4.234663E+3	7.167000E-6	6.140000E-6	NaN	NaN
	08/05/2023 16:40:21	-21.589000E-3	1.340000E-9	679.000000E-12	4.996000E-9	386.900000E-9	-732.690000E-6	226.000000E+0	-1.459000E+0	4.236234E+3	6.831000E-6	6.130000E-6	NaN	NaN
	08/05/2023 16:40:29	-21.490000E-3	1.320000E-9	677.000000E-12	4.996000E-9	387.300000E-9	-733.440000E-6	226.000000E+0	-1.235000E+0	4.237020E+3	9.183000E-6	6.130000E-6	NaN	NaN
	08/05/2023 16:40:38	-21.467000E-3	1.310000E-9	678.000000E-12	4.996000E-9	387.300000E-9	-747.980000E-6	226.000000E+0	-1.235000E+0	4.238367E+3	7.951000E-6	6.130000E-6	NaN	NaN
	08/05/2023 16:40:46	-21.812000E-3	1.330000E-9	677.000000E-12	4.996000E-9	387.300000E-9	-745.030000E-6	226.000000E+0	-1.235000E+0	4.238591E+3	9.743000E-6	6.130000E-6	NaN	NaN
	08/05/2023 16:40:55	-21.663000E-3	1.330000E-9	678.000000E-12	4.996000E-9	388.300000E-9	-743.780000E-6	226.000000E+0	-1.347000E+0	4.239826E+3	7.727000E-6	6.130000E-6	NaN	NaN
	08/05/2023 16:41:03	-21.541000E-3	1.330000E-9	677.000000E-12	4.996000E-9	388.700000E-9	-737.130000E-6	225.000000E+0	-1.347000E+0	4.240836E+3	7.503000E-6	6.130000E-6	NaN	NaN
	08/05/2023 16:41:12	-21.419000E-3	1.310000E-9	678.000000E-12	4.996000E-9	388.700000E-9	-747.230000E-6	224.000000E+0	-1.347000E+0	4.241734E+3	6.271000E-6	6.130000E-6	NaN	NaN
	08/05/2023 16:41:21	-23.538000E-3	1.300000E-9	678.000000E-12	4.996000E-9	389.200000E-9	-727.270000E-6	225.000000E+0	-1.347000E+0	4.241846E+3	7.839000E-6	6.120000E-6	NaN	NaN
LHe transfer complete	08/05/2023 16:41:29	-21.270000E-3	1.330000E-9	677.000000E-12	4.996000E-9	389.200000E-9	-741.330000E-6	225.000000E+0	-1.235000E+0	4.242407E+3	7.391000E-6	6.120000E-6	NaN	NaN
	08/05/2023 16:41:38	-21.738000E-3	1.310000E-9	678.000000E-12	4.996000E-9	389.200000E-9	-746.250000E-6	225.000000E+0	-1.235000E+0	4.242520E+3	7.951000E-6	6.120000E-6	NaN	NaN
	08/05/2023 16:41:46	-21.148000E-3	1.330000E-9	678.000000E-12	4.996000E-9	389.600000E-9	-745.030000E-6	224.000000E+0	-1.347000E+0	4.243866E+3	7.279000E-6	6.120000E-6	NaN	NaN
	08/05/2023 16:41:55	-21.762000E-3	1.310000E-9	678.000000E-12	4.996000E-9	390.100000E-9	-744.280000E-6	225.000000E+0	-1.347000E+0	4.244540E+3	8.623000E-6	6.120000E-6	NaN	NaN
	08/05/2023 16:42:03	-21.589000E-3	1.330000E-9	678.000000E-12	4.996000E-9	390.100000E-9	-739.600000E-6	225.000000E+0	-1.571000E+0	4.244876E+3	7.839000E-6	6.120000E-6	NaN	NaN
	08/05/2023 16:42:12	-21.318000E-3	1.310000E-9	677.000000E-12	4.996000E-9	390.600000E-9	-747.000000E-6	224.000000E+0	-1.235000E+0	4.244876E+3	8.063000E-6	6.120000E-6	NaN	NaN
	08/05/2023 16:42:20	-23.833000E-3	1.320000E-9	677.000000E-12	4.996000E-9	390.600000E-9	-742.790000E-6	224.000000E+0	-1.459000E+0	4.244876E+3	8.623000E-6	6.120000E-6	NaN	NaN
	08/05/2023 16:42:29	-21.812000E-3	1.320000E-9	676.000000E-12	4.996000E-9	390.600000E-9	-746.760000E-6	224.000000E+0	-1.347000E+0	4.245774E+3	7.055000E-6	6.120000E-6	NaN	NaN
	08/05/2023 16:42:37	-21.368000E-3	1.330000E-9	676.000000E-12	4.996000E-9	390.600000E-9	-709.030000E-6	224.000000E+0	-1.459000E+0	4.245438E+3	9.183000E-6	6.120000E-6	NaN	NaN
	08/05/2023 16:42:46	-21.565000E-3	1.330000E-9	675.000000E-12	4.996000E-9	391.100000E-9	-744.760000E-6	224.000000E+0	-1.459000E+0	4.246335E+3	7.503000E-6	6.120000E-6	NaN	NaN
	08/05/2023 16:42:55	-21.368000E-3	1.310000E-9	678.000000E-12	4.996000E-9	391.500000E-9	-711.230000E-6	224.000000E+0	-1.459000E+0	4.247121E+3	8.959000E-6	6.120000E-6	NaN	NaN
	08/05/2023 16:43:03	-21.738000E-3	1.320000E-9	675.000000E-12	4.996000E-9	391.100000E-9	-747.740000E-6	224.000000E+0	-1.235000E+0	4.247121E+3	8.959000E-6	6.120000E-6	NaN	NaN
	08/05/2023 16:43:12	-21.911000E-3	1.310000E-9	675.000000E-12	4.996000E-9	391.100000E-9	-741.570000E-6	223.000000E+0	-1.235000E+0	4.247009E+3	9.183000E-6	6.120000E-6	NaN	NaN
	08/05/2023 16:43:20	-21.467000E-3	1.310000E-9	675.000000E-12	4.996000E-9	391.100000E-9	-747.470000E-6	223.000000E+0	-1.459000E+0	4.248131E+3	8.287000E-6	6.120000E-6	NaN	NaN
	08/05/2023 16:43:29	-21.714000E-3	1.330000E-9	674.000000E-12	4.996000E-9	391.500000E-9	-743.060000E-6	223.000000E+0	-1.347000E+0	4.248131E+3	8.175000E-6	6.320000E-6	NaN	NaN
	08/05/2023 16:43:37	-21.639000E-3	1.310000E-9	674.000000E-12	4.996000E-9	391.500000E-9	-748.490000E-6	223.000000E+0	-1.347000E+0	4.248692E+3	8.959000E-6	6.300000E-6	NaN	NaN
	08/05/2023 16:43:46	-21.046000E-3	1.320000E-9	675.000000E-12	4.996000E-9	392.500000E-9	-747.470000E-6	223.000000E+0	-1.235000E+0	4.248131E+3	8.735000E-6	6.290000E-6	NaN	NaN
	08/05/2023 16:43:54	-21.419000E-3	1.320000E-9	675.000000E-12	4.996000E-9	392.000000E-9	-723.570000E-6	223.000000E+0	-1.459000E+0	4.248692E+3	8.287000E-6	6.290000E-6	NaN	NaN
	08/05/2023 16:44:03	-21.246000E-3	1.310000E-9	675.000000E-12	4.996000E-9	392.500000E-9	-743.300000E-6	222.000000E+0	-1.347000E+0	4.248356E+3	9.631000E-6	6.290000E-6	NaN	NaN
	08/05/2023 16:44:11	-21.788000E-3	1.320000E-9	674.000000E-12	4.996000E-9	392.500000E-9	-747.230000E-6	223.000000E+0	-1.235000E+0	4.249478E+3	8.063000E-6	6.290000E-6	NaN	NaN
	08/05/2023 16:44:20	-21.368000E-3	1.320000E-9	675.000000E-12	4.996000E-9	450.600000E-9	-738.860000E-6	223.000000E+0	-1.235000E+0	4.248917E+3	8.287000E-6	6.290000E-6	NaN	NaN
	08/05/2023 16:44:28	-21.690000E-3	1.320000E-9	673.000000E-12	4.996000E-9	394.900000E-9	-753.160000E-6	223.000000E+0	-1.459000E+0	4.249927E+3	7.839000E-6	6.290000E-6	NaN	NaN
	08/05/2023 16:44:37	-21.690000E-3	1.300000E-9	674.000000E-12	4.996000E-9	404.900000E-9	-748.960000E-6	222.000000E+0	-1.459000E+0	4.250264E+3	8.623000E-6	6.290000E-6	NaN	NaN
	08/05/2023 16:44:45	-21.195000E-3	1.310000E-9	674.000000E-12	4.996000E-9	396.700000E-9	-746.490000E-6	222.000000E+0	-1.347000E+0	4.250151E+3	8.735000E-6	6.280000E-6	NaN	NaN
	08/05/2023 16:44:54	-21.887000E-3	1.300000E-9	673.000000E-12	4.996000E-9	396.300000E-9	-740.830000E-6	222.000000E+0	-1.571000E+0	4.249927E+3	8.063000E-6	6.290000E-6	NaN	NaN
	08/05/2023 16:45:03	-21.368000E-3	1.310000E-9	673.000000E-12	4.996000E-9	394.900000E-9	-715.940000E-6	222.000000E+0	-1.571000E+0	4.250039E+3	8.287000E-6	6.290000E-6	NaN	NaN
starting ESD measurement	08/05/2023 16:45:11	-21.318000E-3	1.300000E-9	673.000000E-12	4.996000E-9	394.900000E-9	-751.910000E-6	222.000000E+0	-1.235000E+0	4.250151E+3	9.407000E-6	6.280000E-6	NaN	NaN
	08/05/2023 16:45:20	-21.318000E-3	1.310000E-9	674.000000E-12	4.996000E-9	394.400000E-9	-706.080000E-6	222.000000E+0	-1.347000E+0	4.250376E+3	8.399000E-6	6.290000E-6	NaN	NaN
	08/05/2023 16:45:28	-21.392000E-3	1.320000E-9	673.000000E-12	4.996000E-9	395.300000E-9	-707.300000E-6	222.000000E+0	-1.347000E+0	4.250937E+3	9.071000E-6	6.280000E-6	NaN	NaN
	08/05/2023 16:45:37	-21.616000E-3	1.300000E-9	673.000000E-12	4.996000E-9	394.900000E-9	-715.670000E-6	221.000000E+0	-1.347000E+0	4.251049E+3	9.295000E-6	6.290000E-6	NaN	NaN
	08/05/2023 16:45:45	-21.788000E-3	1.310000E-9	673.000000E-12	4.996000E-9	395.800000E-9	-749.950000E-6	222.000000E+0	-1.347000E+0	4.250600E+3	9.519000E-6	6.290000E-6	NaN	NaN
	08/05/2023 16:45:54	-21.565000E-3	1.340000E-9	678.000000E-12	4.996000E-9	396.300000E-9	-706.320000E-6	221.000000E+0	-1.347000E+0	4.251723E+3	9.183000E-6	6.290000E-6	NaN	NaN
	08/05/2023 16:46:02	-21.639000E-3	1.680000E-9	769.000000E-12	4.996000E-9	395.800000E-9	-719.640000E-6	221.000000E+0	-1.347000E+0	4.251274E+3	9.183000E-6	6.290000E-6	NaN	NaN
	08/05/2023 16:46:11	-21.392000E-3	1.620000E-9	796.000000E-12	4.996000E-9	396.700000E-9	-744.280000E-6	222.000000E+0	-1.235000E+0	4.251386E+3	8.623000E-6	6.290000E-6	NaN	NaN
	08/05/2023 16:46:19	-23.070000E-3	1.470000E-9	733.000000E-12	4.996000E-9	396.300000E-9	-744.760000E-6	221.000000E+0	-1.347000E+0	4.251498E+3	8.623000E-6	6.290000E-6	NaN	NaN
	08/05/2023 16:46:28	-21.443000E-3	1.420000E-9	719.000000E-12	4.996000E-9	396.700000E-9	-743.780000E-6	221.000000E+0	-1.347000E+0	4.252508E+3	8.287000E-6	6.340000E-6	NaN	NaN
	08/05/2023 16:46:37	-21.541000E-3	1.520000E-9	752.000000E-12	4.996000E-9	396.700000E-9	-742.050000E-6	221.000000E+0	-1.347000E+0	4.251498E+3	8.063000E-6	6.340000E-6	NaN	NaN
	08/05/2023 16:46:45	-21.836000E-3	1.430000E-9	721.000000E-12	4.996000E-9	396.700000E-9	-748.720000E-6	221.000000E+0	-1.347000E+0	4.251835E+3	9.519000E-6	6.340000E-6	NaN	NaN
	08/05/2023 16:46:54	-21.219000E-3	1.420000E-9	715.000000E-12	4.996000E-9	397.200000E-9	-703.600000E-6	220.000000E+0	-1.571000E+0	4.251947E+3	8.287000E-6	6.330000E-6	NaN	NaN
	08/05/2023 16:47:02	-21.935000E-3	1.460000E-9	730.000000E-12	4.996000E-9	397.200000E-9	-745.770000E-6	220.000000E+0	-1.347000E+0	4.251947E+3	8.735000E-6	6.350000E-6	NaN	NaN
	08/05/2023 16:47:11	-21.121000E-3	1.520000E-9	749.000000E-12	4.996000E-9	397.200000E-9	-746.250000E-6	220.000000E+0	-1.347000E+0	4.251947E+3	8.959000E-6	6.350000E-6	NaN	NaN
	08/05/2023 16:47:19	-21.517000E-3	1.510000E-9	742.000000E-12	4.996000E-9	397.200000E-9	-727.500000E-6	220.000000E+0	-1.347000E+0	4.252396E+3	9.183000E-6	6.350000E-6	NaN	NaN
	08/05/2023 16:47:28	-21.639000E-3	1.490000E-9	752.000000E-12	4.996000E-9	397.200000E-9	-712.720000E-6	220.000000E+0	-1.347000E+0	4.252620E+3	7.615000E-6	6.350000E-6	NaN	NaN
	08/05/2023 16:47:36	-20.999000E-3	1.430000E-9	721.000000E-12	4.996000E-9	397.700000E-9	-741.060000E-6	221.000000E+0	-1.459000E+0	4.252957E+3	9.631000E-6	6.350000E-6	NaN	NaN
	08/05/2023 16:47:45	-21.541000E-3	1.420000E-9	711.000000E-12	4.996000E-9	397.700000E-9	-740.080000E-6	219.000000E+0	-1.459000E+0	4.253518E+3	8.623000E-6	6.350000E-6	NaN	NaN
	08/05/2023 16:47:53	-21.490000E-3	1.470000E-9	744.000000E-12	4.996000E-9	399.100000E-9	-737.640000E-6	219.000000E+0	-1.459000E+0	4.252957E+3	9.071000E-6	6.350000E-6	NaN	NaN
	08/05/2023 16:48:02	-21.046000E-3	1.440000E-9	732.000000E-12	4.996000E-9	401.000000E-9	-705.810000E-6	220.000000E+0	-1.347000E+0	4.252620E+3	9.295000E-6	6.350000E-6	NaN	NaN
	08/05/2023 16:48:10	-21.589000E-3	1.430000E-9	727.000000E-12	4.996000E-9	400.600000E-9	-736.890000E-6	220.000000E+0	-1.347000E+0	4.253631E+3	9.631000E-6	6.350000E-6	NaN	NaN
	08/05/2023 16:48:19	-21.935000E-3	1.440000E-9	730.000000E-12	4.996000E-9	401.000000E-9	-741.330000E-6	220.000000E+0	-1.459000E+0	4.252957E+3	8.399000E-6	6.350000E-6	NaN	NaN
	08/05/2023 16:48:27	-21.812000E-3	1.400000E-9	713.000000E-12	4.996000E-9	401.000000E-9	-746.250000E-6	220.000000E+0	-1.235000E+0	4.253182E+3	8.287000E-6	6.350000E-6	NaN	NaN
	08/05/2023 16:48:36	-21.148000E-3	1.410000E-9	712.000000E-12	4.996000E-9	401.000000E-9	-742.790000E-6	219.000000E+0	-1.347000E+0	4.253406E+3	9.295000E-6	6.350000E-6	NaN	NaN
	08/05/2023 16:48:44	-21.219000E-3	1.480000E-9	736.000000E-12	4.996000E-9	401.000000E-9	-707.300000E-6	219.000000E+0	-1.459000E+0	4.254080E+3	9.071000E-6	6.350000E-6	NaN	NaN
	08/05/2023 16:48:53	-21.690000E-3	1.420000E-9	722.000000E-12	4.996000E-9	401.000000E-9	-704.350000E-6	220.000000E+0	-1.347000E+0	4.253743E+3	9.631000E-6	6.350000E-6	NaN	NaN
	08/05/2023 16:49:01	-21.294000E-3	1.400000E-9	710.000000E-12	4.996000E-9	401.500000E-9	-708.040000E-6	219.000000E+0	-1.235000E+0	4.253069E+3	9.743000E-6	6.350000E-6	NaN	NaN
	08/05/2023 16:49:10	-21.294000E-3	1.420000E-9	712.000000E-12	4.996000E-9	401.500000E-9	-734.660000E-6	219.000000E+0	-1.571000E+0	4.254080E+3	8.175000E-6	6.350000E-6	NaN	NaN
	08/05/2023 16:49:19	-21.368000E-3	1.390000E-9	706.000000E-12	4.996000E-9	401.500000E-9	-705.570000E-6	219.000000E+0	-1.459000E+0	4.254528E+3	9.183000E-6	6.350000E-6	NaN	NaN
	08/05/2023 16:49:27	-21.589000E-3	1.400000E-9	705.000000E-12	4.996000E-9	401.500000E-9	-721.100000E-6	219.000000E+0	-1.347000E+0	4.254416E+3	8.175000E-6	6.350000E-6	NaN	NaN
	08/05/2023 16:49:36	-21.318000E-3	1.460000E-9	724.000000E-12	4.996000E-9	401.500000E-9	-734.420000E-6	219.000000E+0	-1.571000E+0	4.253967E+3	8.287000E-6	6.350000E-6	NaN	NaN
	08/05/2023 16:49:44	-21.172000E-3	1.410000E-9	713.000000E-12	4.996000E-9	402.000000E-9	-747.470000E-6	219.000000E+0	-1.347000E+0	4.253743E+3	9.967000E-6	6.350000E-6	NaN	NaN
	08/05/2023 16:49:53	-21.246000E-3	1.380000E-9	704.000000E-12	4.996000E-9	402.000000E-9	-748.490000E-6	219.000000E+0	-1.235000E+0	4.253967E+3	9.519000E-6	6.350000E-6	NaN	NaN
	08/05/2023 16:50:01	-21.172000E-3	1.400000E-9	702.000000E-12	4.996000E-9	402.000000E-9	-742.320000E-6	218.000000E+0	-1.347000E+0	4.253967E+3	8.959000E-6	6.350000E-6	NaN	NaN
	08/05/2023 16:50:10	-21.467000E-3	1.390000E-9	703.000000E-12	4.996000E-9	402.000000E-9	-746.760000E-6	218.000000E+0	-1.235000E+0	4.254192E+3	9.071000E-6	6.350000E-6	NaN	NaN
	08/05/2023 16:50:18	-21.517000E-3	1.430000E-9	727.000000E-12	4.996000E-9	403.500000E-9	-710.990000E-6	218.000000E+0	-1.347000E+0	4.254304E+3	9.407000E-6	6.350000E-6	NaN	NaN
	08/05/2023 16:50:27	-21.121000E-3	1.410000E-9	710.000000E-12	4.996000E-9	403.500000E-9	-733.910000E-6	217.000000E+0	-1.459000E+0	4.254977E+3	8.735000E-6	6.350000E-6	NaN	NaN
	08/05/2023 16:50:35	-21.467000E-3	1.420000E-9	711.000000E-12	4.996000E-9	404.000000E-9	-729.230000E-6	218.000000E+0	-1.347000E+0	4.254753E+3	8.847000E-6	6.350000E-6	NaN	NaN
	08/05/2023 16:50:44	-20.877000E-3	1.390000E-9	703.000000E-12	4.996000E-9	404.400000E-9	-745.030000E-6	218.000000E+0	-1.347000E+0	4.254192E+3	8.959000E-6	6.350000E-6	NaN	NaN
	08/05/2023 16:50:53	-21.172000E-3	1.390000E-9	703.000000E-12	4.996000E-9	404.900000E-9	-748.220000E-6	218.000000E+0	-1.459000E+0	4.254641E+3	8.735000E-6	6.350000E-6	NaN	NaN
	08/05/2023 16:51:01	-21.443000E-3	1.380000E-9	702.000000E-12	4.996000E-9	404.400000E-9	-737.640000E-6	218.000000E+0	-1.235000E+0	4.254865E+3	9.967000E-6	6.360000E-6	NaN	NaN
	08/05/2023 16:51:10	-21.490000E-3	1.380000E-9	702.000000E-12	4.996000E-9	404.900000E-9	-746.250000E-6	217.000000E+0	-1.347000E+0	4.255202E+3	9.743000E-6	6.360000E-6	NaN	NaN
	08/05/2023 16:51:18	-21.219000E-3	1.390000E-9	705.000000E-12	4.996000E-9	404.900000E-9	-707.780000E-6	217.000000E+0	-1.347000E+0	4.255090E+3	8.623000E-6	6.360000E-6	NaN	NaN
	08/05/2023 16:51:27	-21.097000E-3	1.380000E-9	687.000000E-12	4.996000E-9	404.900000E-9	-745.510000E-6	217.000000E+0	-1.459000E+0	4.254753E+3	7.951000E-6	6.360000E-6	NaN	NaN
	08/05/2023 16:51:36	-21.246000E-3	1.360000E-9	684.000000E-12	4.996000E-9	405.400000E-9	-752.900000E-6	217.000000E+0	-1.459000E+0	4.254641E+3	9.967000E-6	6.360000E-6	NaN	NaN
	08/05/2023 16:51:45	-21.368000E-3	1.380000E-9	685.000000E-12	4.996000E-9	405.900000E-9	-736.890000E-6	217.000000E+0	-1.571000E+0	4.255314E+3	8.847000E-6	6.360000E-6	NaN	NaN
	08/05/2023 16:51:53	-21.639000E-3	1.370000E-9	685.000000E-12	4.996000E-9	405.900000E-9	-749.470000E-6	217.000000E+0	-1.235000E+0	4.255875E+3	8.511000E-6	6.360000E-6	NaN	NaN
	08/05/2023 16:52:02	-21.762000E-3	1.380000E-9	693.000000E-12	4.996000E-9	406.400000E-9	-748.490000E-6	215.000000E+0	-1.235000E+0	4.254977E+3	8.735000E-6	6.360000E-6	NaN	NaN
	08/05/2023 16:52:10	-21.097000E-3	1.360000E-9	697.000000E-12	4.996000E-9	406.900000E-9	-744.040000E-6	216.000000E+0	-1.347000E+0	4.255875E+3	7.727000E-6	6.360000E-6	NaN	NaN
	08/05/2023 16:52:19	-21.219000E-3	1.380000E-9	695.000000E-12	4.996000E-9	407.400000E-9	-748.220000E-6	217.000000E+0	-1.459000E+0	4.256212E+3	9.631000E-6	6.360000E-6	NaN	NaN
	08/05/2023 16:52:28	-21.690000E-3	1.370000E-9	695.000000E-12	4.996000E-9	407.900000E-9	-747.470000E-6	216.000000E+0	-1.235000E+0	4.255539E+3	9.519000E-6	6.360000E-6	NaN	NaN
	08/05/2023 16:52:36	-21.172000E-3	1.410000E-9	701.000000E-12	4.996000E-9	408.300000E-9	-750.930000E-6	215.000000E+0	-1.459000E+0	4.255426E+3	9.407000E-6	6.360000E-6	NaN	NaN
	08/05/2023 16:52:45	-21.294000E-3	1.500000E-9	739.000000E-12	4.996000E-9	408.800000E-9	-727.770000E-6	214.000000E+0	-1.347000E+0	4.255987E+3	9.519000E-6	6.360000E-6	NaN	NaN
	08/05/2023 16:52:53	-21.565000E-3	1.480000E-9	727.000000E-12	4.996000E-9	409.300000E-9	-747.000000E-6	214.000000E+0	-1.459000E+0	4.256212E+3	8.511000E-6	6.360000E-6	NaN	NaN
	08/05/2023 16:53:02	-20.975000E-3	1.450000E-9	722.000000E-12	4.996000E-9	409.300000E-9	-745.510000E-6	214.000000E+0	-1.235000E+0	4.255426E+3	9.631000E-6	6.360000E-6	NaN	NaN
	08/05/2023 16:53:10	-21.860000E-3	1.480000E-9	747.000000E-12	4.996000E-9	409.800000E-9	-745.510000E-6	214.000000E+0	-1.459000E+0	4.256436E+3	8.399000E-6	6.360000E-6	NaN	NaN
	08/05/2023 16:53:19	-21.738000E-3	1.470000E-9	715.000000E-12	4.996000E-9	411.300000E-9	-748.720000E-6	214.000000E+0	-1.347000E+0	4.256324E+3	8.735000E-6	6.360000E-6	NaN	NaN
	08/05/2023 16:53:27	-21.565000E-3	1.460000E-9	712.000000E-12	4.996000E-9	411.800000E-9	-718.890000E-6	214.000000E+0	-1.459000E+0	4.256100E+3	8.959000E-6	6.360000E-6	NaN	NaN
	08/05/2023 16:53:36	-21.443000E-3	1.450000E-9	708.000000E-12	4.996000E-9	412.800000E-9	-737.640000E-6	214.000000E+0	-1.459000E+0	4.255539E+3	9.071000E-6	6.360000E-6	NaN	NaN
	08/05/2023 16:53:44	-21.270000E-3	1.440000E-9	706.000000E-12	4.996000E-9	413.300000E-9	-742.050000E-6	214.000000E+0	-1.235000E+0	4.255763E+3	9.743000E-6	6.360000E-6	NaN	NaN
	08/05/2023 16:53:53	-21.097000E-3	1.450000E-9	704.000000E-12	4.996000E-9	413.300000E-9	-747.000000E-6	213.000000E+0	-1.459000E+0	4.255987E+3	7.839000E-6	6.360000E-6	NaN	NaN
	08/05/2023 16:54:01	-21.616000E-3	1.460000E-9	702.000000E-12	4.996000E-9	416.300000E-9	-722.830000E-6	214.000000E+0	-1.571000E+0	4.256324E+3	8.623000E-6	6.360000E-6	NaN	NaN
	08/05/2023 16:54:11	-21.541000E-3	1.450000E-9	701.000000E-12	4.996000E-9	417.300000E-9	-738.620000E-6	213.000000E+0	-1.459000E+0	4.256212E+3	8.063000E-6	6.360000E-6	NaN	NaN
	08/05/2023 16:54:24	-21.246000E-3	1.450000E-9	714.000000E-12	4.996000E-9	417.800000E-9	-742.320000E-6	213.000000E+0	-1.459000E+0	4.256436E+3	9.183000E-6	6.360000E-6	NaN	NaN
	08/05/2023 16:54:32	-21.467000E-3	1.450000E-9	715.000000E-12	4.996000E-9	418.800000E-9	-733.200000E-6	212.000000E+0	-1.235000E+0	4.256661E+3	8.735000E-6	6.370000E-6	NaN	NaN
	08/05/2023 16:54:41	-20.975000E-3	1.430000E-9	713.000000E-12	4.996000E-9	419.800000E-9	-745.770000E-6	213.000000E+0	-1.571000E+0	4.256998E+3	9.183000E-6	6.370000E-6	NaN	NaN
	08/05/2023 16:54:49	-21.490000E-3	1.440000E-9	712.000000E-12	4.996000E-9	420.300000E-9	-745.770000E-6	213.000000E+0	-1.347000E+0	4.256324E+3	9.295000E-6	6.370000E-6	NaN	NaN
	08/05/2023 16:54:58	-21.419000E-3	1.450000E-9	712.000000E-12	4.996000E-9	420.800000E-9	-751.670000E-6	213.000000E+0	-1.459000E+0	4.256773E+3	9.519000E-6	6.370000E-6	NaN	NaN
	08/05/2023 16:55:07	-21.046000E-3	1.430000E-9	711.000000E-12	4.996000E-9	421.300000E-9	-754.390000E-6	213.000000E+0	-1.347000E+0	4.256661E+3	10.303000E-6	6.370000E-6	NaN	NaN
	08/05/2023 16:55:15	-20.850000E-3	1.430000E-9	711.000000E-12	4.996000E-9	422.300000E-9	-746.490000E-6	213.000000E+0	-1.459000E+0	4.257446E+3	8.175000E-6	6.370000E-6	NaN	NaN
	08/05/2023 16:55:24	-21.148000E-3	1.450000E-9	712.000000E-12	4.996000E-9	422.300000E-9	-749.470000E-6	213.000000E+0	-1.347000E+0	4.256549E+3	8.847000E-6	6.370000E-6	NaN	NaN
	08/05/2023 16:55:32	-21.270000E-3	1.450000E-9	712.000000E-12	4.996000E-9	423.800000E-9	-748.490000E-6	213.000000E+0	-1.571000E+0	4.257559E+3	7.391000E-6	6.370000E-6	NaN	NaN
	08/05/2023 16:55:41	-20.924000E-3	1.420000E-9	709.000000E-12	4.996000E-9	424.900000E-9	-747.230000E-6	212.000000E+0	-1.347000E+0	4.256661E+3	8.847000E-6	6.370000E-6	NaN	NaN
	08/05/2023 16:55:49	-21.812000E-3	1.420000E-9	709.000000E-12	4.996000E-9	426.400000E-9	-744.520000E-6	213.000000E+0	-1.571000E+0	4.256773E+3	8.959000E-6	6.350000E-6	NaN	NaN
	08/05/2023 16:55:58	-21.639000E-3	1.440000E-9	709.000000E-12	4.996000E-9	428.400000E-9	-749.470000E-6	212.000000E+0	-1.347000E+0	4.256885E+3	9.183000E-6	6.340000E-6	NaN	NaN
	08/05/2023 16:56:06	-21.246000E-3	1.420000E-9	708.000000E-12	4.996000E-9	428.400000E-9	-745.770000E-6	212.000000E+0	-1.347000E+0	4.257783E+3	8.399000E-6	6.340000E-6	NaN	NaN
	08/05/2023 16:56:15	-21.565000E-3	1.420000E-9	709.000000E-12	4.996000E-9	428.900000E-9	-747.980000E-6	212.000000E+0	-1.571000E+0	4.257559E+3	8.511000E-6	6.330000E-6	NaN	NaN
	08/05/2023 16:56:23	-21.392000E-3	1.430000E-9	709.000000E-12	4.996000E-9	428.900000E-9	-744.280000E-6	212.000000E+0	-1.347000E+0	4.257446E+3	8.735000E-6	6.330000E-6	NaN	NaN
	08/05/2023 16:56:32	-21.368000E-3	1.420000E-9	709.000000E-12	4.996000E-9	429.400000E-9	-742.050000E-6	211.000000E+0	-1.459000E+0	4.257222E+3	9.183000E-6	6.330000E-6	NaN	NaN
	08/05/2023 16:56:40	-21.246000E-3	1.430000E-9	709.000000E-12	4.996000E-9	429.400000E-9	-739.600000E-6	212.000000E+0	-1.347000E+0	4.257334E+3	8.623000E-6	6.330000E-6	NaN	NaN
	08/05/2023 16:56:49	-21.663000E-3	1.420000E-9	706.000000E-12	4.996000E-9	432.600000E-9	-748.960000E-6	212.000000E+0	-1.571000E+0	4.257446E+3	8.623000E-6	6.330000E-6	NaN	NaN
	08/05/2023 16:56:58	-21.419000E-3	1.430000E-9	707.000000E-12	4.996000E-9	433.100000E-9	-749.200000E-6	212.000000E+0	-1.571000E+0	4.257783E+3	9.071000E-6	6.330000E-6	NaN	NaN
	08/05/2023 16:57:06	-20.999000E-3	1.430000E-9	710.000000E-12	4.996000E-9	433.600000E-9	-747.470000E-6	211.000000E+0	-1.459000E+0	4.257671E+3	8.175000E-6	6.330000E-6	NaN	NaN
	08/05/2023 16:57:15	-21.195000E-3	1.440000E-9	708.000000E-12	4.996000E-9	438.800000E-9	-737.370000E-6	211.000000E+0	-1.571000E+0	4.257895E+3	9.295000E-6	6.330000E-6	NaN	NaN
	08/05/2023 16:57:23	-21.344000E-3	1.410000E-9	708.000000E-12	4.996000E-9	438.300000E-9	-749.200000E-6	211.000000E+0	-1.347000E+0	4.258232E+3	9.519000E-6	6.330000E-6	NaN	NaN
	08/05/2023 16:57:32	-21.195000E-3	1.440000E-9	710.000000E-12	4.996000E-9	438.800000E-9	-755.130000E-6	211.000000E+0	-1.571000E+0	4.258232E+3	9.295000E-6	6.330000E-6	NaN	NaN
	08/05/2023 16:57:40	-22.504000E-3	1.420000E-9	707.000000E-12	4.996000E-9	438.800000E-9	-740.590000E-6	211.000000E+0	-1.459000E+0	4.258008E+3	8.959000E-6	6.320000E-6	NaN	NaN
	08/05/2023 16:57:49	-21.517000E-3	1.430000E-9	707.000000E-12	4.996000E-9	439.900000E-9	-745.770000E-6	210.000000E+0	-1.347000E+0	4.257671E+3	8.399000E-6	6.320000E-6	NaN	NaN
	08/05/2023 16:57:57	-21.097000E-3	1.440000E-9	711.000000E-12	4.996000E-9	440.900000E-9	-737.370000E-6	210.000000E+0	-1.571000E+0	4.258457E+3	8.063000E-6	6.320000E-6	NaN	NaN
	08/05/2023 16:58:06	-21.073000E-3	1.430000E-9	708.000000E-12	4.996000E-9	442.000000E-9	-751.670000E-6	211.000000E+0	-1.459000E+0	4.258008E+3	10.079000E-6	6.320000E-6	NaN	NaN
	08/05/2023 16:58:14	-20.924000E-3	1.410000E-9	707.000000E-12	4.996000E-9	442.500000E-9	-712.720000E-6	209.000000E+0	-1.459000E+0	4.258232E+3	10.079000E-6	6.320000E-6	NaN	NaN
	08/05/2023 16:58:23	-21.195000E-3	1.440000E-9	706.000000E-12	4.996000E-9	443.600000E-9	-713.710000E-6	210.000000E+0	-1.459000E+0	4.258344E+3	8.959000E-6	6.320000E-6	NaN	NaN
	08/05/2023 16:58:31	-21.023000E-3	1.410000E-9	707.000000E-12	4.996000E-9	444.700000E-9	-753.160000E-6	209.000000E+0	-1.347000E+0	4.258008E+3	8.847000E-6	6.320000E-6	NaN	NaN
	08/05/2023 16:58:40	-21.344000E-3	1.430000E-9	707.000000E-12	4.996000E-9	445.800000E-9	-745.030000E-6	210.000000E+0	-1.347000E+0	4.258569E+3	9.071000E-6	6.320000E-6	NaN	NaN
	08/05/2023 16:58:49	-20.850000E-3	1.440000E-9	710.000000E-12	4.996000E-9	446.300000E-9	-745.030000E-6	210.000000E+0	-1.459000E+0	4.258232E+3	8.623000E-6	6.340000E-6	NaN	NaN
	08/05/2023 16:58:57	-21.246000E-3	1.410000E-9	709.000000E-12	4.996000E-9	448.400000E-9	-750.690000E-6	209.000000E+0	-1.459000E+0	4.258793E+3	8.847000E-6	6.330000E-6	NaN	NaN
	08/05/2023 16:59:06	-21.812000E-3	1.430000E-9	708.000000E-12	4.996000E-9	450.000000E-9	-745.030000E-6	209.000000E+0	-1.459000E+0	4.258232E+3	9.071000E-6	6.330000E-6	NaN	NaN
	08/05/2023 16:59:14	-21.467000E-3	1.420000E-9	705.000000E-12	4.996000E-9	450.000000E-9	-750.930000E-6	209.000000E+0	-1.235000E+0	4.258232E+3	9.407000E-6	6.330000E-6	NaN	NaN
	08/05/2023 16:59:23	-21.639000E-3	1.440000E-9	706.000000E-12	4.996000E-9	450.000000E-9	-743.300000E-6	209.000000E+0	-1.571000E+0	4.258569E+3	7.839000E-6	6.330000E-6	NaN	NaN
	08/05/2023 16:59:31	-21.219000E-3	1.410000E-9	707.000000E-12	4.996000E-9	450.000000E-9	-746.490000E-6	209.000000E+0	-1.459000E+0	4.259130E+3	7.839000E-6	6.330000E-6	NaN	NaN
	08/05/2023 16:59:40	-21.565000E-3	1.420000E-9	707.000000E-12	4.996000E-9	450.000000E-9	-747.000000E-6	209.000000E+0	-1.459000E+0	4.258906E+3	8.063000E-6	6.330000E-6	NaN	NaN
	08/05/2023 16:59:48	-21.172000E-3	1.430000E-9	708.000000E-12	4.996000E-9	450.600000E-9	-744.760000E-6	209.000000E+0	-1.459000E+0	4.259018E+3	8.623000E-6	6.340000E-6	NaN	NaN
	08/05/2023 16:59:57	-21.148000E-3	1.430000E-9	710.000000E-12	4.996000E-9	451.100000E-9	-745.270000E-6	209.000000E+0	-1.683000E+0	4.258569E+3	8.063000E-6	6.340000E-6	NaN	NaN
	08/05/2023 17:00:05	-20.900000E-3	1.440000E-9	707.000000E-12	4.996000E-9	453.300000E-9	-752.180000E-6	208.000000E+0	-1.571000E+0	4.258793E+3	8.063000E-6	6.340000E-6	NaN	NaN
	08/05/2023 17:00:14	-21.344000E-3	1.410000E-9	707.000000E-12	4.996000E-9	453.900000E-9	-753.400000E-6	208.000000E+0	-1.571000E+0	4.258793E+3	9.407000E-6	6.350000E-6	NaN	NaN
	08/05/2023 17:00:23	-21.318000E-3	1.360000E-9	692.000000E-12	4.996000E-9	453.900000E-9	-746.250000E-6	208.000000E+0	-1.459000E+0	4.259130E+3	8.735000E-6	6.340000E-6	NaN	NaN
	08/05/2023 17:00:31	-20.480000E-3	1.370000E-9	688.000000E-12	4.996000E-9	453.900000E-9	-747.000000E-6	208.000000E+0	-1.347000E+0	4.259018E+3	9.631000E-6	6.340000E-6	NaN	NaN
	08/05/2023 17:00:40	-21.023000E-3	1.350000E-9	687.000000E-12	4.996000E-9	455.500000E-9	-751.670000E-6	208.000000E+0	-1.459000E+0	4.259018E+3	7.839000E-6	6.340000E-6	NaN	NaN
	08/05/2023 17:00:48	-21.219000E-3	1.370000E-9	687.000000E-12	4.996000E-9	456.000000E-9	-748.490000E-6	208.000000E+0	-1.347000E+0	4.259018E+3	8.735000E-6	6.340000E-6	NaN	NaN
	08/05/2023 17:00:57	-20.900000E-3	1.340000E-9	688.000000E-12	4.996000E-9	457.100000E-9	-751.440000E-6	208.000000E+0	-1.571000E+0	4.259579E+3	8.623000E-6	6.340000E-6	NaN	NaN
	08/05/2023 17:01:05	-21.392000E-3	1.350000E-9	688.000000E-12	4.996000E-9	457.700000E-9	-745.270000E-6	208.000000E+0	-1.347000E+0	4.259916E+3	8.623000E-6	6.350000E-6	NaN	NaN
	08/05/2023 17:01:14	-20.900000E-3	1.350000E-9	688.000000E-12	4.996000E-9	458.200000E-9	-749.710000E-6	208.000000E+0	-1.459000E+0	4.259803E+3	8.175000E-6	6.340000E-6	NaN	NaN
	08/05/2023 17:01:22	-21.541000E-3	1.360000E-9	688.000000E-12	4.996000E-9	458.200000E-9	-748.720000E-6	207.000000E+0	-1.571000E+0	4.259242E+3	8.287000E-6	6.340000E-6	NaN	NaN
	08/05/2023 17:01:31	-20.900000E-3	1.350000E-9	688.000000E-12	4.996000E-9	458.200000E-9	-747.740000E-6	207.000000E+0	-1.459000E+0	4.260140E+3	8.511000E-6	6.340000E-6	NaN	NaN
	08/05/2023 17:01:39	-21.219000E-3	1.360000E-9	687.000000E-12	4.996000E-9	459.300000E-9	-747.740000E-6	208.000000E+0	-1.459000E+0	4.260028E+3	9.855000E-6	6.340000E-6	NaN	NaN
	08/05/2023 17:01:48	-21.344000E-3	1.350000E-9	685.000000E-12	4.996000E-9	459.900000E-9	-747.470000E-6	207.000000E+0	-1.459000E+0	4.259691E+3	8.847000E-6	6.340000E-6	NaN	NaN
	08/05/2023 17:01:56	-21.195000E-3	1.340000E-9	685.000000E-12	4.996000E-9	462.100000E-9	-747.980000E-6	207.000000E+0	-1.235000E+0	4.260477E+3	8.287000E-6	6.340000E-6	NaN	NaN
	08/05/2023 17:02:05	-21.318000E-3	1.330000E-9	685.000000E-12	4.996000E-9	462.600000E-9	-712.480000E-6	207.000000E+0	-1.571000E+0	4.259803E+3	8.175000E-6	6.350000E-6	NaN	NaN
	08/05/2023 17:02:13	-21.639000E-3	1.360000E-9	686.000000E-12	4.996000E-9	462.600000E-9	-744.760000E-6	206.000000E+0	-1.459000E+0	4.260589E+3	8.735000E-6	6.350000E-6	NaN	NaN
	08/05/2023 17:02:22	-21.663000E-3	1.340000E-9	686.000000E-12	4.996000E-9	462.600000E-9	-752.900000E-6	206.000000E+0	-1.571000E+0	4.260028E+3	8.735000E-6	6.370000E-6	NaN	NaN
	08/05/2023 17:02:31	-21.565000E-3	1.330000E-9	684.000000E-12	4.996000E-9	463.200000E-9	-749.470000E-6	206.000000E+0	-1.571000E+0	4.260701E+3	8.735000E-6	6.370000E-6	NaN	NaN
	08/05/2023 17:02:39	-21.541000E-3	1.360000E-9	685.000000E-12	4.996000E-9	463.200000E-9	-749.950000E-6	206.000000E+0	-1.459000E+0	4.260140E+3	8.735000E-6	6.360000E-6	NaN	NaN
	08/05/2023 17:02:48	-21.046000E-3	1.340000E-9	685.000000E-12	4.996000E-9	463.200000E-9	-750.690000E-6	206.000000E+0	-1.571000E+0	4.261150E+3	8.399000E-6	6.350000E-6	NaN	NaN
	08/05/2023 17:02:56	-21.219000E-3	1.330000E-9	682.000000E-12	4.996000E-9	463.800000E-9	-740.350000E-6	206.000000E+0	-1.571000E+0	4.260365E+3	8.959000E-6	6.350000E-6	NaN	NaN
	08/05/2023 17:03:05	-21.443000E-3	1.330000E-9	685.000000E-12	4.996000E-9	463.800000E-9	-717.400000E-6	206.000000E+0	-1.459000E+0	4.261262E+3	9.519000E-6	6.350000E-6	NaN	NaN
	08/05/2023 17:03:13	-21.219000E-3	1.330000E-9	684.000000E-12	4.996000E-9	463.800000E-9	-744.040000E-6	205.000000E+0	-1.347000E+0	4.260701E+3	9.295000E-6	6.340000E-6	NaN	NaN
	08/05/2023 17:03:22	-21.046000E-3	1.320000E-9	685.000000E-12	4.996000E-9	468.200000E-9	-744.760000E-6	205.000000E+0	-1.347000E+0	4.261150E+3	9.071000E-6	6.350000E-6	NaN	NaN
	08/05/2023 17:03:30	-21.172000E-3	1.330000E-9	683.000000E-12	4.996000E-9	468.800000E-9	-747.000000E-6	204.000000E+0	-1.459000E+0	4.260701E+3	8.399000E-6	6.350000E-6	NaN	NaN
	08/05/2023 17:03:39	-21.490000E-3	1.350000E-9	685.000000E-12	4.996000E-9	468.200000E-9	-712.720000E-6	205.000000E+0	-1.571000E+0	4.260589E+3	9.183000E-6	6.350000E-6	NaN	NaN
	08/05/2023 17:03:47	-25.114000E-3	1.340000E-9	684.000000E-12	4.996000E-9	467.700000E-9	-748.720000E-6	205.000000E+0	-1.571000E+0	4.260926E+3	9.519000E-6	6.350000E-6	NaN	NaN
	08/05/2023 17:03:56	-21.294000E-3	1.330000E-9	684.000000E-12	4.996000E-9	467.700000E-9	-748.960000E-6	205.000000E+0	-1.459000E+0	4.261487E+3	8.735000E-6	6.340000E-6	NaN	NaN
	08/05/2023 17:04:04	-21.541000E-3	1.330000E-9	683.000000E-12	4.996000E-9	467.100000E-9	-747.000000E-6	204.000000E+0	-1.347000E+0	4.260813E+3	8.959000E-6	6.340000E-6	NaN	NaN
	08/05/2023 17:04:13	-20.802000E-3	1.330000E-9	683.000000E-12	4.996000E-9	467.700000E-9	-708.520000E-6	205.000000E+0	-1.571000E+0	4.261599E+3	9.183000E-6	6.340000E-6	NaN	NaN
	08/05/2023 17:04:21	-21.046000E-3	1.350000E-9	685.000000E-12	4.996000E-9	467.100000E-9	-749.710000E-6	204.000000E+0	-1.571000E+0	4.261038E+3	8.511000E-6	6.340000E-6	NaN	NaN
	08/05/2023 17:04:30	-21.467000E-3	1.350000E-9	684.000000E-12	4.996000E-9	467.700000E-9	-747.470000E-6	204.000000E+0	-1.347000E+0	4.261150E+3	8.175000E-6	6.340000E-6	NaN	NaN
	08/05/2023 17:04:38	-25.016000E-3	1.340000E-9	685.000000E-12	4.996000E-9	467.700000E-9	-750.690000E-6	203.000000E+0	-1.571000E+0	4.261711E+3	8.511000E-6	6.350000E-6	NaN	NaN
	08/05/2023 17:04:47	-21.046000E-3	1.350000E-9	683.000000E-12	4.996000E-9	468.200000E-9	-722.080000E-6	203.000000E+0	-1.459000E+0	4.261487E+3	9.519000E-6	6.350000E-6	NaN	NaN
	08/05/2023 17:04:56	-21.219000E-3	1.340000E-9	684.000000E-12	4.996000E-9	468.200000E-9	-750.180000E-6	204.000000E+0	-1.459000E+0	4.261375E+3	10.191000E-6	6.350000E-6	NaN	NaN
	08/05/2023 17:05:04	-20.975000E-3	1.330000E-9	685.000000E-12	4.996000E-9	468.800000E-9	-736.620000E-6	202.000000E+0	-1.683000E+0	4.261487E+3	9.519000E-6	6.350000E-6	NaN	NaN
	08/05/2023 17:05:13	-21.318000E-3	1.330000E-9	684.000000E-12	4.996000E-9	471.000000E-9	-746.010000E-6	202.000000E+0	-1.459000E+0	4.261824E+3	8.511000E-6	6.350000E-6	NaN	NaN
	08/05/2023 17:05:21	-24.968000E-3	1.330000E-9	684.000000E-12	4.996000E-9	472.200000E-9	-733.910000E-6	202.000000E+0	-1.347000E+0	4.262385E+3	9.295000E-6	6.350000E-6	NaN	NaN
	08/05/2023 17:05:30	-21.639000E-3	1.330000E-9	685.000000E-12	4.996000E-9	473.300000E-9	-748.960000E-6	202.000000E+0	-1.459000E+0	4.262497E+3	9.071000E-6	6.350000E-6	NaN	NaN
	08/05/2023 17:05:38	-20.999000E-3	1.350000E-9	683.000000E-12	4.996000E-9	475.000000E-9	-746.010000E-6	202.000000E+0	-1.347000E+0	4.262273E+3	8.399000E-6	6.350000E-6	NaN	NaN
	08/05/2023 17:05:47	-21.961000E-3	1.350000E-9	685.000000E-12	4.996000E-9	473.900000E-9	-747.470000E-6	202.000000E+0	-1.571000E+0	4.262160E+3	8.623000E-6	6.350000E-6	NaN	NaN
	08/05/2023 17:05:55	-21.392000E-3	1.340000E-9	683.000000E-12	4.996000E-9	475.000000E-9	-751.440000E-6	202.000000E+0	-1.347000E+0	4.261936E+3	10.303000E-6	6.340000E-6	NaN	NaN
	08/05/2023 17:06:04	-21.517000E-3	1.340000E-9	684.000000E-12	4.996000E-9	475.600000E-9	-748.960000E-6	201.000000E+0	-1.571000E+0	4.262160E+3	9.631000E-6	6.340000E-6	NaN	NaN
	08/05/2023 17:06:12	-21.443000E-3	1.350000E-9	683.000000E-12	4.996000E-9	477.300000E-9	-748.720000E-6	200.000000E+0	-1.459000E+0	4.262273E+3	8.511000E-6	6.350000E-6	NaN	NaN
	08/05/2023 17:06:21	-21.097000E-3	1.340000E-9	682.000000E-12	4.996000E-9	480.200000E-9	-751.670000E-6	201.000000E+0	-1.459000E+0	4.262273E+3	9.295000E-6	6.340000E-6	NaN	NaN
	08/05/2023 17:06:29	-21.541000E-3	1.330000E-9	683.000000E-12	4.996000E-9	481.300000E-9	-746.490000E-6	200.000000E+0	-1.459000E+0	4.262609E+3	9.295000E-6	6.340000E-6	NaN	NaN
	08/05/2023 17:06:38	-20.900000E-3	1.340000E-9	684.000000E-12	4.996000E-9	486.000000E-9	-747.740000E-6	200.000000E+0	-1.459000E+0	4.262385E+3	8.399000E-6	6.340000E-6	NaN	NaN
	08/05/2023 17:06:46	-20.826000E-3	1.350000E-9	683.000000E-12	4.996000E-9	486.600000E-9	-746.490000E-6	199.000000E+0	-1.459000E+0	4.262609E+3	8.399000E-6	6.350000E-6	NaN	NaN
	08/05/2023 17:06:55	-21.368000E-3	1.330000E-9	683.000000E-12	4.996000E-9	491.300000E-9	-746.250000E-6	199.000000E+0	-1.347000E+0	4.262609E+3	8.847000E-6	6.350000E-6	NaN	NaN
	08/05/2023 17:07:04	-21.270000E-3	1.340000E-9	686.000000E-12	4.996000E-9	495.400000E-9	-742.050000E-6	199.000000E+0	-1.571000E+0	4.263170E+3	8.623000E-6	6.350000E-6	NaN	NaN
	08/05/2023 17:07:12	-21.368000E-3	1.360000E-9	685.000000E-12	4.996000E-9	496.600000E-9	-749.710000E-6	200.000000E+0	-1.347000E+0	4.263844E+3	9.071000E-6	6.350000E-6	NaN	NaN
	08/05/2023 17:07:21	-20.728000E-3	1.330000E-9	683.000000E-12	4.996000E-9	499.600000E-9	-751.910000E-6	198.000000E+0	-1.683000E+0	4.264068E+3	9.071000E-6	6.350000E-6	NaN	NaN
	08/05/2023 17:07:29	-21.318000E-3	1.320000E-9	684.000000E-12	4.996000E-9	498.400000E-9	-748.720000E-6	198.000000E+0	-1.571000E+0	4.263844E+3	8.959000E-6	6.340000E-6	NaN	NaN
	08/05/2023 17:07:38	-21.419000E-3	1.340000E-9	683.000000E-12	4.996000E-9	499.600000E-9	-747.980000E-6	197.000000E+0	-1.235000E+0	4.263844E+3	8.847000E-6	6.350000E-6	NaN	NaN
	08/05/2023 17:07:46	-21.023000E-3	1.340000E-9	684.000000E-12	4.996000E-9	500.200000E-9	-747.470000E-6	197.000000E+0	-1.571000E+0	4.263619E+3	9.519000E-6	6.350000E-6	NaN	NaN
	08/05/2023 17:07:55	-20.728000E-3	1.340000E-9	682.000000E-12	4.996000E-9	500.800000E-9	-747.470000E-6	197.000000E+0	-1.459000E+0	4.264068E+3	8.623000E-6	6.350000E-6	NaN	NaN
	08/05/2023 17:08:03	-21.318000E-3	1.340000E-9	683.000000E-12	4.996000E-9	500.200000E-9	-743.300000E-6	197.000000E+0	-1.459000E+0	4.264629E+3	9.295000E-6	6.350000E-6	NaN	NaN
	08/05/2023 17:08:12	-20.605000E-3	1.350000E-9	682.000000E-12	4.996000E-9	500.200000E-9	-751.200000E-6	196.000000E+0	-1.683000E+0	4.264405E+3	8.959000E-6	6.350000E-6	NaN	NaN
	08/05/2023 17:08:20	-21.270000E-3	1.350000E-9	685.000000E-12	4.996000E-9	498.400000E-9	-748.960000E-6	195.000000E+0	-1.571000E+0	4.263956E+3	8.959000E-6	6.350000E-6	NaN	NaN
	08/05/2023 17:08:29	-20.283000E-3	1.330000E-9	683.000000E-12	4.996000E-9	495.400000E-9	-731.950000E-6	196.000000E+0	-1.347000E+0	4.264293E+3	8.847000E-6	6.350000E-6	NaN	NaN
	08/05/2023 17:08:37	-21.097000E-3	1.340000E-9	685.000000E-12	4.996000E-9	494.200000E-9	-746.760000E-6	195.000000E+0	-1.459000E+0	4.264405E+3	10.079000E-6	6.350000E-6	NaN	NaN
	08/05/2023 17:08:46	-20.948000E-3	1.520000E-9	713.000000E-12	4.996000E-9	491.300000E-9	-749.200000E-6	194.000000E+0	-1.459000E+0	4.264517E+3	9.743000E-6	6.350000E-6	NaN	NaN
	08/05/2023 17:08:55	-21.097000E-3	1.500000E-9	732.000000E-12	4.996000E-9	489.500000E-9	-745.770000E-6	195.000000E+0	-1.459000E+0	4.265078E+3	9.407000E-6	6.350000E-6	NaN	NaN
	08/05/2023 17:09:03	-20.877000E-3	1.470000E-9	723.000000E-12	4.996000E-9	486.000000E-9	-750.690000E-6	194.000000E+0	-1.571000E+0	4.265415E+3	9.855000E-6	6.350000E-6	NaN	NaN
	08/05/2023 17:09:12	-21.172000E-3	1.490000E-9	722.000000E-12	4.996000E-9	607.600000E-9	-747.740000E-6	194.000000E+0	-1.459000E+0	4.265191E+3	9.071000E-6	6.350000E-6	NaN	NaN
	08/05/2023 17:09:20	-21.046000E-3	1.470000E-9	720.000000E-12	4.996000E-9	542.100000E-9	-748.720000E-6	193.000000E+0	-1.459000E+0	4.264854E+3	9.407000E-6	6.350000E-6	NaN	NaN
	08/05/2023 17:09:29	-21.073000E-3	1.450000E-9	719.000000E-12	4.996000E-9	521.000000E-9	-737.130000E-6	192.000000E+0	-1.347000E+0	4.264966E+3	8.735000E-6	6.350000E-6	NaN	NaN
	08/05/2023 17:09:37	-21.046000E-3	1.470000E-9	719.000000E-12	4.996000E-9	508.100000E-9	-743.780000E-6	191.000000E+0	-1.459000E+0	4.265864E+3	8.959000E-6	6.350000E-6	NaN	NaN
	08/05/2023 17:09:46	-20.877000E-3	1.470000E-9	719.000000E-12	4.996000E-9	499.000000E-9	-747.000000E-6	192.000000E+0	-1.571000E+0	4.265078E+3	9.855000E-6	6.350000E-6	NaN	NaN
	08/05/2023 17:09:54	-21.246000E-3	1.460000E-9	717.000000E-12	4.996000E-9	489.500000E-9	-748.960000E-6	189.000000E+0	-1.347000E+0	4.265078E+3	9.519000E-6	6.350000E-6	NaN	NaN
	08/05/2023 17:10:03	-20.948000E-3	1.460000E-9	718.000000E-12	4.996000E-9	480.800000E-9	-747.980000E-6	189.000000E+0	-1.347000E+0	4.265191E+3	9.071000E-6	6.350000E-6	NaN	NaN
	08/05/2023 17:10:11	-20.948000E-3	1.480000E-9	718.000000E-12	4.996000E-9	476.200000E-9	-751.910000E-6	189.000000E+0	-1.571000E+0	4.265864E+3	9.071000E-6	6.350000E-6	NaN	NaN
	08/05/2023 17:10:20	-21.195000E-3	1.450000E-9	717.000000E-12	4.996000E-9	501.400000E-9	-753.400000E-6	188.000000E+0	-1.571000E+0	4.265639E+3	9.743000E-6	6.350000E-6	NaN	NaN
	08/05/2023 17:10:28	-21.318000E-3	1.470000E-9	718.000000E-12	4.996000E-9	486.600000E-9	-748.720000E-6	188.000000E+0	-1.347000E+0	4.265415E+3	8.959000E-6	6.350000E-6	NaN	NaN
	08/05/2023 17:10:37	-21.121000E-3	1.360000E-9	691.000000E-12	4.996000E-9	477.300000E-9	-752.900000E-6	187.000000E+0	-1.459000E+0	4.265864E+3	9.071000E-6	6.350000E-6	NaN	NaN
	08/05/2023 17:10:45	-21.738000E-3	1.360000E-9	690.000000E-12	4.996000E-9	471.000000E-9	-733.910000E-6	187.000000E+0	-1.347000E+0	4.265415E+3	8.959000E-6	6.350000E-6	NaN	NaN
	08/05/2023 17:10:54	-21.490000E-3	1.350000E-9	688.000000E-12	4.996000E-9	462.600000E-9	-722.350000E-6	186.000000E+0	-1.459000E+0	4.265976E+3	8.959000E-6	6.350000E-6	NaN	NaN
	08/05/2023 17:11:03	-21.344000E-3	1.350000E-9	689.000000E-12	4.996000E-9	457.100000E-9	-727.270000E-6	187.000000E+0	-1.459000E+0	4.265752E+3	9.407000E-6	6.340000E-6	NaN	NaN
	08/05/2023 17:11:11	-20.999000E-3	1.350000E-9	687.000000E-12	4.996000E-9	453.300000E-9	-732.930000E-6	184.000000E+0	-1.571000E+0	4.265415E+3	9.183000E-6	6.350000E-6	NaN	NaN
	08/05/2023 17:11:20	-21.270000E-3	1.360000E-9	685.000000E-12	4.996000E-9	450.000000E-9	-755.370000E-6	184.000000E+0	-1.571000E+0	4.265864E+3	9.295000E-6	6.350000E-6	NaN	NaN
	08/05/2023 17:11:28	-21.270000E-3	1.360000E-9	684.000000E-12	4.996000E-9	445.800000E-9	-749.710000E-6	183.000000E+0	-1.347000E+0	4.265303E+3	9.631000E-6	6.340000E-6	NaN	NaN
	08/05/2023 17:11:37	-20.975000E-3	1.360000E-9	685.000000E-12	4.996000E-9	444.100000E-9	-749.950000E-6	183.000000E+0	-1.571000E+0	4.265527E+3	9.407000E-6	6.340000E-6	NaN	NaN
	08/05/2023 17:11:45	-20.900000E-3	1.360000E-9	687.000000E-12	4.996000E-9	440.900000E-9	-734.180000E-6	181.000000E+0	-1.347000E+0	4.265415E+3	8.063000E-6	6.340000E-6	NaN	NaN
	08/05/2023 17:11:54	-21.046000E-3	1.330000E-9	685.000000E-12	4.996000E-9	439.400000E-9	-750.930000E-6	180.000000E+0	-1.571000E+0	4.265078E+3	9.183000E-6	6.340000E-6	NaN	NaN
	08/05/2023 17:12:02	-21.219000E-3	1.350000E-9	687.000000E-12	4.996000E-9	437.300000E-9	-755.370000E-6	182.000000E+0	-1.459000E+0	4.265639E+3	8.847000E-6	6.340000E-6	NaN	NaN
	08/05/2023 17:12:11	-20.826000E-3	1.360000E-9	686.000000E-12	4.996000E-9	436.200000E-9	-752.900000E-6	180.000000E+0	-1.459000E+0	4.265191E+3	8.511000E-6	6.350000E-6	NaN	NaN
	08/05/2023 17:12:19	-21.392000E-3	1.350000E-9	687.000000E-12	4.996000E-9	434.100000E-9	-707.060000E-6	180.000000E+0	-1.235000E+0	4.264854E+3	8.735000E-6	6.350000E-6	NaN	NaN
	08/05/2023 17:12:28	-21.318000E-3	1.360000E-9	687.000000E-12	4.996000E-9	433.600000E-9	-717.400000E-6	181.000000E+0	-1.235000E+0	4.264742E+3	9.407000E-6	6.350000E-6	NaN	NaN
	08/05/2023 17:12:36	-21.318000E-3	1.350000E-9	688.000000E-12	4.996000E-9	433.100000E-9	-752.900000E-6	178.000000E+0	-1.347000E+0	4.264742E+3	9.967000E-6	6.340000E-6	NaN	NaN
	08/05/2023 17:12:45	-21.392000E-3	1.350000E-9	687.000000E-12	4.996000E-9	433.100000E-9	-751.440000E-6	179.000000E+0	-1.459000E+0	4.264629E+3	7.839000E-6	6.350000E-6	NaN	NaN
	08/05/2023 17:12:54	-21.148000E-3	1.350000E-9	687.000000E-12	4.996000E-9	428.900000E-9	-751.440000E-6	178.000000E+0	-1.347000E+0	4.264405E+3	9.295000E-6	6.350000E-6	NaN	NaN
	08/05/2023 17:13:02	-21.073000E-3	1.350000E-9	686.000000E-12	4.996000E-9	428.900000E-9	-712.720000E-6	177.000000E+0	-1.347000E+0	4.265191E+3	9.071000E-6	6.340000E-6	NaN	NaN
	08/05/2023 17:13:11	-21.318000E-3	1.350000E-9	685.000000E-12	4.996000E-9	428.900000E-9	-751.200000E-6	176.000000E+0	-1.347000E+0	4.264517E+3	8.735000E-6	6.350000E-6	NaN	NaN
	08/05/2023 17:13:19	-21.073000E-3	1.360000E-9	687.000000E-12	4.996000E-9	428.900000E-9	-753.910000E-6	176.000000E+0	-1.347000E+0	4.264629E+3	8.287000E-6	6.350000E-6	NaN	NaN
	08/05/2023 17:13:28	-21.270000E-3	1.340000E-9	687.000000E-12	4.996000E-9	428.900000E-9	-750.690000E-6	176.000000E+0	-1.347000E+0	4.264629E+3	9.183000E-6	6.350000E-6	NaN	NaN
	08/05/2023 17:13:36	-21.318000E-3	1.350000E-9	687.000000E-12	4.996000E-9	428.400000E-9	-738.620000E-6	176.000000E+0	-1.347000E+0	4.264180E+3	7.615000E-6	6.340000E-6	NaN	NaN
	08/05/2023 17:13:45	-20.605000E-3	1.350000E-9	687.000000E-12	4.996000E-9	428.400000E-9	-745.510000E-6	175.000000E+0	-1.459000E+0	4.264068E+3	8.175000E-6	6.350000E-6	NaN	NaN
	08/05/2023 17:13:53	-21.023000E-3	1.340000E-9	685.000000E-12	4.996000E-9	428.400000E-9	-747.740000E-6	175.000000E+0	-1.347000E+0	4.264405E+3	8.847000E-6	6.350000E-6	NaN	NaN
	08/05/2023 17:14:02	-21.344000E-3	1.340000E-9	686.000000E-12	4.996000E-9	428.400000E-9	-752.660000E-6	174.000000E+0	-1.235000E+0	4.264180E+3	9.743000E-6	6.350000E-6	NaN	NaN
	08/05/2023 17:14:10	-21.344000E-3	1.360000E-9	687.000000E-12	4.996000E-9	427.900000E-9	-745.510000E-6	173.000000E+0	-1.459000E+0	4.264293E+3	8.847000E-6	6.350000E-6	NaN	NaN
	08/05/2023 17:14:19	-21.616000E-3	1.340000E-9	685.000000E-12	4.996000E-9	427.900000E-9	-748.490000E-6	174.000000E+0	-1.459000E+0	4.264180E+3	8.511000E-6	6.350000E-6	NaN	NaN
	08/05/2023 17:14:27	-21.368000E-3	1.350000E-9	687.000000E-12	4.996000E-9	426.900000E-9	-754.890000E-6	172.000000E+0	-1.459000E+0	4.264068E+3	8.511000E-6	6.350000E-6	NaN	NaN
	08/05/2023 17:14:36	-21.344000E-3	1.360000E-9	687.000000E-12	4.996000E-9	427.400000E-9	-750.930000E-6	173.000000E+0	-1.459000E+0	4.263844E+3	9.743000E-6	6.350000E-6	NaN	NaN
	08/05/2023 17:14:44	-21.195000E-3	1.340000E-9	687.000000E-12	4.996000E-9	426.400000E-9	-749.470000E-6	172.000000E+0	-1.459000E+0	4.262946E+3	9.855000E-6	6.350000E-6	NaN	NaN
	08/05/2023 17:14:53	-21.419000E-3	1.350000E-9	687.000000E-12	4.996000E-9	426.400000E-9	-751.440000E-6	171.000000E+0	-1.459000E+0	4.263395E+3	8.623000E-6	6.350000E-6	NaN	NaN
	08/05/2023 17:15:02	-20.704000E-3	1.330000E-9	685.000000E-12	4.996000E-9	426.400000E-9	-748.960000E-6	171.000000E+0	-1.571000E+0	4.263170E+3	8.287000E-6	6.350000E-6	NaN	NaN
	08/05/2023 17:15:10	-20.751000E-3	1.360000E-9	688.000000E-12	4.996000E-9	425.900000E-9	-747.740000E-6	171.000000E+0	-1.347000E+0	4.263395E+3	8.623000E-6	6.350000E-6	NaN	NaN
	08/05/2023 17:15:19	-21.490000E-3	1.360000E-9	688.000000E-12	4.996000E-9	425.900000E-9	-748.960000E-6	171.000000E+0	-1.235000E+0	4.262385E+3	9.519000E-6	6.350000E-6	NaN	NaN
	08/05/2023 17:15:27	-21.121000E-3	1.330000E-9	687.000000E-12	4.996000E-9	425.900000E-9	-754.150000E-6	168.000000E+0	-1.347000E+0	4.261936E+3	9.855000E-6	6.350000E-6	NaN	NaN
	08/05/2023 17:15:36	-21.172000E-3	1.360000E-9	688.000000E-12	4.996000E-9	425.900000E-9	-753.640000E-6	170.000000E+0	-1.347000E+0	4.262273E+3	9.295000E-6	6.350000E-6	NaN	NaN
	08/05/2023 17:15:44	-21.270000E-3	1.350000E-9	686.000000E-12	4.996000E-9	425.900000E-9	-735.160000E-6	169.000000E+0	-1.347000E+0	4.262160E+3	8.287000E-6	6.350000E-6	NaN	NaN
	08/05/2023 17:15:53	-21.616000E-3	1.350000E-9	687.000000E-12	4.996000E-9	425.900000E-9	-731.200000E-6	169.000000E+0	-1.459000E+0	4.261711E+3	9.407000E-6	6.350000E-6	NaN	NaN
	08/05/2023 17:16:01	-20.579000E-3	1.360000E-9	688.000000E-12	4.996000E-9	425.400000E-9	-752.420000E-6	168.000000E+0	-1.459000E+0	4.261487E+3	8.399000E-6	6.350000E-6	NaN	NaN
	08/05/2023 17:16:10	-21.294000E-3	1.340000E-9	686.000000E-12	4.996000E-9	425.400000E-9	-747.230000E-6	168.000000E+0	-1.235000E+0	4.261824E+3	8.287000E-6	6.350000E-6	NaN	NaN
	08/05/2023 17:16:18	-21.148000E-3	1.360000E-9	688.000000E-12	4.996000E-9	425.900000E-9	-735.160000E-6	168.000000E+0	-1.571000E+0	4.260926E+3	8.959000E-6	6.350000E-6	NaN	NaN
	08/05/2023 17:16:27	-21.812000E-3	1.330000E-9	687.000000E-12	4.996000E-9	425.400000E-9	-748.960000E-6	166.000000E+0	-1.347000E+0	4.261375E+3	9.071000E-6	6.350000E-6	NaN	NaN
	08/05/2023 17:16:35	-20.850000E-3	1.350000E-9	687.000000E-12	4.996000E-9	425.400000E-9	-720.620000E-6	167.000000E+0	-1.235000E+0	4.260813E+3	9.071000E-6	6.350000E-6	NaN	NaN
	08/05/2023 17:16:44	-21.318000E-3	1.350000E-9	688.000000E-12	4.996000E-9	425.400000E-9	-744.520000E-6	166.000000E+0	-1.459000E+0	4.260477E+3	8.959000E-6	6.350000E-6	NaN	NaN
	08/05/2023 17:16:53	-20.677000E-3	1.350000E-9	687.000000E-12	4.996000E-9	425.400000E-9	-724.080000E-6	165.000000E+0	-1.347000E+0	4.261038E+3	9.631000E-6	6.350000E-6	NaN	NaN
	08/05/2023 17:17:01	-21.097000E-3	1.350000E-9	687.000000E-12	4.996000E-9	425.400000E-9	-750.450000E-6	165.000000E+0	-1.459000E+0	4.260701E+3	9.071000E-6	6.350000E-6	NaN	NaN
	08/05/2023 17:17:10	-21.219000E-3	1.350000E-9	688.000000E-12	4.996000E-9	425.400000E-9	-749.470000E-6	164.000000E+0	-1.122000E+0	4.260813E+3	9.855000E-6	6.350000E-6	NaN	NaN
	08/05/2023 17:17:18	-21.589000E-3	1.330000E-9	688.000000E-12	4.996000E-9	425.400000E-9	-748.720000E-6	164.000000E+0	-1.459000E+0	4.260365E+3	9.183000E-6	6.350000E-6	NaN	NaN
	08/05/2023 17:17:27	-21.172000E-3	1.360000E-9	687.000000E-12	4.996000E-9	424.900000E-9	-720.350000E-6	164.000000E+0	-1.235000E+0	4.260140E+3	9.967000E-6	6.350000E-6	NaN	NaN
	08/05/2023 17:17:35	-21.344000E-3	1.360000E-9	689.000000E-12	4.996000E-9	425.400000E-9	-750.930000E-6	163.000000E+0	-1.459000E+0	4.260140E+3	9.183000E-6	6.350000E-6	NaN	NaN
	08/05/2023 17:17:44	-21.517000E-3	1.330000E-9	688.000000E-12	4.996000E-9	424.900000E-9	-715.940000E-6	162.000000E+0	-1.459000E+0	4.259130E+3	9.631000E-6	6.350000E-6	NaN	NaN
	08/05/2023 17:17:52	-21.097000E-3	1.340000E-9	689.000000E-12	4.996000E-9	425.400000E-9	-757.840000E-6	163.000000E+0	-1.347000E+0	4.258681E+3	9.855000E-6	6.350000E-6	NaN	NaN
	08/05/2023 17:18:01	-21.046000E-3	1.340000E-9	690.000000E-12	4.996000E-9	424.900000E-9	-745.770000E-6	162.000000E+0	-1.347000E+0	4.259354E+3	8.623000E-6	6.350000E-6	NaN	NaN
	08/05/2023 17:18:09	-21.046000E-3	1.340000E-9	689.000000E-12	4.996000E-9	425.400000E-9	-748.490000E-6	162.000000E+0	-1.459000E+0	4.258457E+3	10.079000E-6	6.350000E-6	NaN	NaN
	08/05/2023 17:18:18	-21.565000E-3	1.360000E-9	689.000000E-12	4.996000E-9	425.400000E-9	-750.180000E-6	161.000000E+0	-1.459000E+0	4.257895E+3	10.303000E-6	6.350000E-6	NaN	NaN
	08/05/2023 17:18:26	-21.392000E-3	1.340000E-9	690.000000E-12	4.996000E-9	425.400000E-9	-749.470000E-6	161.000000E+0	-1.347000E+0	4.257783E+3	10.415000E-6	6.350000E-6	NaN	NaN
	08/05/2023 17:18:35	-21.294000E-3	1.330000E-9	688.000000E-12	4.996000E-9	425.900000E-9	-753.910000E-6	160.000000E+0	-1.459000E+0	4.258344E+3	9.183000E-6	6.360000E-6	NaN	NaN
	08/05/2023 17:18:44	-21.073000E-3	1.340000E-9	690.000000E-12	4.996000E-9	425.400000E-9	-731.470000E-6	160.000000E+0	-1.235000E+0	4.257895E+3	10.527000E-6	6.350000E-6	NaN	NaN
	08/05/2023 17:18:52	-21.368000E-3	1.350000E-9	690.000000E-12	4.996000E-9	425.400000E-9	-748.720000E-6	160.000000E+0	-1.235000E+0	4.257334E+3	9.631000E-6	6.350000E-6	NaN	NaN
	08/05/2023 17:19:01	-20.850000E-3	1.340000E-9	690.000000E-12	4.996000E-9	425.900000E-9	-724.790000E-6	160.000000E+0	-1.459000E+0	4.256324E+3	10.639000E-6	6.350000E-6	NaN	NaN
	08/05/2023 17:19:09	-21.344000E-3	1.620000E-9	736.000000E-12	4.996000E-9	425.900000E-9	-750.690000E-6	159.000000E+0	-1.347000E+0	4.256212E+3	9.631000E-6	6.350000E-6	NaN	NaN
	08/05/2023 17:19:18	-21.788000E-3	1.560000E-9	751.000000E-12	4.996000E-9	425.900000E-9	-747.470000E-6	159.000000E+0	-1.235000E+0	4.255987E+3	9.743000E-6	6.350000E-6	NaN	NaN
	08/05/2023 17:19:26	-21.172000E-3	1.530000E-9	741.000000E-12	4.996000E-9	425.900000E-9	-708.040000E-6	159.000000E+0	-1.459000E+0	4.255987E+3	10.303000E-6	6.350000E-6	NaN	NaN
	08/05/2023 17:19:35	-21.490000E-3	1.540000E-9	739.000000E-12	4.996000E-9	425.900000E-9	-755.130000E-6	158.000000E+0	-1.347000E+0	4.255426E+3	10.191000E-6	6.350000E-6	NaN	NaN
	08/05/2023 17:19:43	-21.318000E-3	1.520000E-9	736.000000E-12	4.996000E-9	425.900000E-9	-728.010000E-6	158.000000E+0	-1.235000E+0	4.254641E+3	9.519000E-6	6.350000E-6	NaN	NaN
	08/05/2023 17:19:52	-21.270000E-3	1.520000E-9	732.000000E-12	4.996000E-9	425.900000E-9	-746.250000E-6	157.000000E+0	-1.459000E+0	4.255090E+3	9.631000E-6	6.350000E-6	NaN	NaN
	08/05/2023 17:20:00	-21.195000E-3	1.510000E-9	730.000000E-12	4.996000E-9	426.400000E-9	-757.100000E-6	157.000000E+0	-1.347000E+0	4.253855E+3	10.863000E-6	6.360000E-6	NaN	NaN
	08/05/2023 17:20:09	-21.073000E-3	1.480000E-9	732.000000E-12	4.996000E-9	427.400000E-9	-751.200000E-6	156.000000E+0	-1.459000E+0	4.253406E+3	8.735000E-6	6.360000E-6	NaN	NaN
	08/05/2023 17:20:18	-21.294000E-3	1.490000E-9	729.000000E-12	4.996000E-9	427.400000E-9	-749.200000E-6	156.000000E+0	-1.235000E+0	4.253743E+3	10.415000E-6	6.350000E-6	NaN	NaN
	08/05/2023 17:20:26	-21.172000E-3	1.500000E-9	730.000000E-12	4.996000E-9	426.900000E-9	-710.010000E-6	156.000000E+0	-1.459000E+0	4.253631E+3	9.967000E-6	6.360000E-6	NaN	NaN
	08/05/2023 17:20:35	-21.911000E-3	1.490000E-9	728.000000E-12	4.996000E-9	427.400000E-9	-741.810000E-6	157.000000E+0	-1.347000E+0	4.253069E+3	9.967000E-6	6.360000E-6	NaN	NaN
	08/05/2023 17:20:43	-21.467000E-3	1.470000E-9	728.000000E-12	4.996000E-9	427.900000E-9	-752.180000E-6	154.000000E+0	-1.347000E+0	4.252620E+3	8.959000E-6	6.360000E-6	NaN	NaN
	08/05/2023 17:20:52	-21.490000E-3	1.480000E-9	726.000000E-12	4.996000E-9	427.900000E-9	-751.910000E-6	154.000000E+0	-1.459000E+0	4.252957E+3	10.751000E-6	6.360000E-6	NaN	NaN
	08/05/2023 17:21:00	-21.195000E-3	1.490000E-9	727.000000E-12	4.996000E-9	427.900000E-9	-737.130000E-6	155.000000E+0	-1.571000E+0	4.251947E+3	9.855000E-6	6.360000E-6	NaN	NaN
	08/05/2023 17:21:09	-21.616000E-3	1.350000E-9	692.000000E-12	4.996000E-9	428.400000E-9	-750.930000E-6	154.000000E+0	-1.347000E+0	4.251723E+3	8.959000E-6	6.360000E-6	NaN	NaN
	08/05/2023 17:21:17	-21.541000E-3	1.370000E-9	690.000000E-12	4.996000E-9	428.400000E-9	-748.220000E-6	154.000000E+0	-1.459000E+0	4.251386E+3	10.303000E-6	6.360000E-6	NaN	NaN
	08/05/2023 17:21:26	-21.812000E-3	1.350000E-9	690.000000E-12	4.996000E-9	428.400000E-9	-752.900000E-6	153.000000E+0	-1.347000E+0	4.251161E+3	8.623000E-6	6.360000E-6	NaN	NaN
	08/05/2023 17:21:34	-21.097000E-3	1.360000E-9	688.000000E-12	4.996000E-9	428.400000E-9	-750.450000E-6	152.000000E+0	-1.459000E+0	4.250600E+3	8.063000E-6	6.360000E-6	NaN	NaN
	08/05/2023 17:21:43	-21.392000E-3	1.340000E-9	688.000000E-12	4.996000E-9	428.400000E-9	-755.880000E-6	152.000000E+0	-1.459000E+0	4.250376E+3	9.855000E-6	6.360000E-6	NaN	NaN
	08/05/2023 17:21:51	-21.639000E-3	1.360000E-9	688.000000E-12	4.996000E-9	428.400000E-9	-722.830000E-6	152.000000E+0	-1.571000E+0	4.250937E+3	9.295000E-6	6.360000E-6	NaN	NaN
	08/05/2023 17:22:00	-21.419000E-3	1.350000E-9	690.000000E-12	4.996000E-9	428.400000E-9	-751.440000E-6	151.000000E+0	-1.459000E+0	4.250713E+3	10.527000E-6	6.360000E-6	NaN	NaN
	08/05/2023 17:22:08	-21.097000E-3	1.370000E-9	689.000000E-12	4.996000E-9	428.900000E-9	-736.620000E-6	151.000000E+0	-1.347000E+0	4.250039E+3	9.519000E-6	6.360000E-6	NaN	NaN
	08/05/2023 17:22:17	-20.826000E-3	1.350000E-9	689.000000E-12	4.996000E-9	428.900000E-9	-749.950000E-6	150.000000E+0	-1.347000E+0	4.249702E+3	10.191000E-6	6.360000E-6	NaN	NaN
	08/05/2023 17:22:26	-21.836000E-3	1.360000E-9	690.000000E-12	4.996000E-9	428.900000E-9	-751.670000E-6	150.000000E+0	-1.235000E+0	4.249927E+3	9.631000E-6	6.360000E-6	NaN	NaN
	08/05/2023 17:22:34	-21.318000E-3	1.360000E-9	690.000000E-12	4.996000E-9	428.900000E-9	-758.080000E-6	150.000000E+0	-1.347000E+0	4.249927E+3	8.847000E-6	6.360000E-6	NaN	NaN
	08/05/2023 17:22:43	-21.565000E-3	1.340000E-9	690.000000E-12	4.996000E-9	428.900000E-9	-747.980000E-6	150.000000E+0	-1.235000E+0	4.249702E+3	10.079000E-6	6.360000E-6	NaN	NaN
	08/05/2023 17:22:51	-21.392000E-3	1.340000E-9	688.000000E-12	4.996000E-9	428.900000E-9	-755.130000E-6	149.000000E+0	-1.459000E+0	4.249366E+3	10.191000E-6	6.360000E-6	NaN	NaN
	08/05/2023 17:23:00	-21.616000E-3	1.340000E-9	688.000000E-12	4.996000E-9	428.900000E-9	-774.860000E-6	149.000000E+0	-1.235000E+0	4.248692E+3	9.631000E-6	6.360000E-6	NaN	NaN
	08/05/2023 17:23:08	-21.690000E-3	1.340000E-9	690.000000E-12	4.996000E-9	428.900000E-9	-791.610000E-6	147.000000E+0	-1.235000E+0	4.249253E+3	9.407000E-6	6.360000E-6	NaN	NaN
	08/05/2023 17:23:17	-20.850000E-3	1.350000E-9	689.000000E-12	4.996000E-9	428.900000E-9	-787.170000E-6	148.000000E+0	-1.459000E+0	4.248356E+3	8.847000E-6	6.360000E-6	NaN	NaN
	08/05/2023 17:23:25	-21.294000E-3	1.360000E-9	691.000000E-12	4.996000E-9	428.900000E-9	-793.610000E-6	148.000000E+0	-1.571000E+0	4.248468E+3	9.295000E-6	6.360000E-6	NaN	NaN
	08/05/2023 17:23:34	-21.344000E-3	1.350000E-9	690.000000E-12	4.996000E-9	428.900000E-9	-788.660000E-6	147.000000E+0	-1.347000E+0	4.248805E+3	10.751000E-6	6.360000E-6	NaN	NaN
	08/05/2023 17:23:42	-21.195000E-3	1.360000E-9	689.000000E-12	4.996000E-9	428.900000E-9	-788.660000E-6	146.000000E+0	-1.347000E+0	4.248580E+3	9.295000E-6	6.360000E-6	NaN	NaN
	08/05/2023 17:23:51	-21.294000E-3	1.340000E-9	690.000000E-12	4.996000E-9	428.900000E-9	-788.660000E-6	147.000000E+0	-1.347000E+0	4.248356E+3	10.639000E-6	6.360000E-6	NaN	NaN
	08/05/2023 17:23:59	-21.639000E-3	1.330000E-9	689.000000E-12	4.996000E-9	428.900000E-9	-793.840000E-6	146.000000E+0	-1.459000E+0	4.247907E+3	10.079000E-6	6.360000E-6	NaN	NaN
	08/05/2023 17:24:08	-21.887000E-3	1.350000E-9	689.000000E-12	4.996000E-9	428.900000E-9	-791.130000E-6	145.000000E+0	-1.347000E+0	4.248019E+3	9.743000E-6	6.360000E-6	NaN	NaN
	08/05/2023 17:24:16	-21.046000E-3	1.340000E-9	688.000000E-12	4.996000E-9	428.900000E-9	-777.570000E-6	144.000000E+0	-1.235000E+0	4.248019E+3	9.071000E-6	6.360000E-6	NaN	NaN
	08/05/2023 17:24:25	-21.172000E-3	1.370000E-9	689.000000E-12	4.996000E-9	428.900000E-9	-792.350000E-6	145.000000E+0	-1.347000E+0	4.248580E+3	9.855000E-6	6.360000E-6	NaN	NaN
	08/05/2023 17:24:33	-21.517000E-3	1.350000E-9	690.000000E-12	4.996000E-9	428.900000E-9	-790.630000E-6	145.000000E+0	-1.347000E+0	4.248019E+3	9.967000E-6	6.360000E-6	NaN	NaN
	08/05/2023 17:24:42	-21.023000E-3	1.350000E-9	689.000000E-12	4.996000E-9	428.900000E-9	-753.160000E-6	143.000000E+0	-1.459000E+0	4.247907E+3	8.847000E-6	6.360000E-6	NaN	NaN
	08/05/2023 17:24:51	-21.836000E-3	1.350000E-9	690.000000E-12	4.996000E-9	429.400000E-9	-794.320000E-6	144.000000E+0	-1.459000E+0	4.248356E+3	10.079000E-6	6.360000E-6	NaN	NaN
	08/05/2023 17:24:59	-21.172000E-3	1.340000E-9	690.000000E-12	4.996000E-9	429.400000E-9	-785.710000E-6	143.000000E+0	-1.459000E+0	4.248243E+3	10.079000E-6	6.360000E-6	NaN	NaN
	08/05/2023 17:25:08	-21.344000E-3	1.400000E-9	701.000000E-12	4.996000E-9	429.400000E-9	-795.300000E-6	144.000000E+0	-1.347000E+0	4.247458E+3	8.847000E-6	6.360000E-6	NaN	NaN
	08/05/2023 17:25:16	-21.046000E-3	1.530000E-9	749.000000E-12	4.996000E-9	430.500000E-9	-792.590000E-6	143.000000E+0	-1.459000E+0	4.248131E+3	10.863000E-6	6.360000E-6	NaN	NaN
	08/05/2023 17:25:25	-21.392000E-3	1.540000E-9	743.000000E-12	4.996000E-9	429.400000E-9	-799.270000E-6	142.000000E+0	-1.459000E+0	4.247346E+3	9.295000E-6	6.360000E-6	NaN	NaN
	08/05/2023 17:25:33	-21.097000E-3	1.520000E-9	738.000000E-12	4.996000E-9	429.400000E-9	-792.120000E-6	142.000000E+0	-1.459000E+0	4.247794E+3	8.287000E-6	6.360000E-6	NaN	NaN
	08/05/2023 17:25:42	-21.172000E-3	1.520000E-9	737.000000E-12	4.996000E-9	430.500000E-9	-787.680000E-6	141.000000E+0	-1.347000E+0	4.248131E+3	9.519000E-6	6.360000E-6	NaN	NaN
	08/05/2023 17:25:50	-21.663000E-3	1.520000E-9	737.000000E-12	4.996000E-9	431.500000E-9	-797.540000E-6	140.000000E+0	-1.347000E+0	4.247794E+3	10.079000E-6	6.360000E-6	NaN	NaN
	08/05/2023 17:25:59	-21.467000E-3	1.500000E-9	735.000000E-12	4.996000E-9	433.100000E-9	-788.420000E-6	141.000000E+0	-1.459000E+0	4.247346E+3	9.519000E-6	6.360000E-6	NaN	NaN
	08/05/2023 17:26:07	-21.294000E-3	1.500000E-9	733.000000E-12	4.996000E-9	433.100000E-9	-797.300000E-6	141.000000E+0	-1.347000E+0	4.247458E+3	10.415000E-6	6.360000E-6	NaN	NaN
	08/05/2023 17:26:16	-21.270000E-3	1.510000E-9	732.000000E-12	4.996000E-9	432.600000E-9	-796.560000E-6	139.000000E+0	-1.347000E+0	4.248019E+3	10.191000E-6	6.360000E-6	NaN	NaN
	08/05/2023 17:26:24	-21.392000E-3	1.510000E-9	732.000000E-12	4.996000E-9	433.100000E-9	-791.610000E-6	140.000000E+0	-1.459000E+0	4.248019E+3	9.519000E-6	6.360000E-6	NaN	NaN
	08/05/2023 17:26:33	-22.256000E-3	1.490000E-9	732.000000E-12	4.996000E-9	433.100000E-9	-794.320000E-6	139.000000E+0	-1.347000E+0	4.247458E+3	10.191000E-6	6.360000E-6	NaN	NaN
	08/05/2023 17:26:42	-21.714000E-3	1.490000E-9	732.000000E-12	4.996000E-9	433.100000E-9	-785.710000E-6	139.000000E+0	-1.347000E+0	4.247233E+3	10.415000E-6	6.360000E-6	NaN	NaN
	08/05/2023 17:26:50	-23.636000E-3	1.390000E-9	715.000000E-12	4.996000E-9	433.100000E-9	-789.170000E-6	139.000000E+0	-1.459000E+0	4.247233E+3	10.079000E-6	6.360000E-6	NaN	NaN
	08/05/2023 17:26:59	-22.084000E-3	1.360000E-9	694.000000E-12	4.996000E-9	433.100000E-9	-790.390000E-6	138.000000E+0	-1.347000E+0	4.247682E+3	9.071000E-6	6.360000E-6	NaN	NaN
	08/05/2023 17:27:07	-21.490000E-3	1.320000E-9	681.000000E-12	4.996000E-9	433.100000E-9	-799.510000E-6	138.000000E+0	-1.347000E+0	4.248356E+3	9.183000E-6	6.360000E-6	NaN	NaN
	08/05/2023 17:27:16	-21.023000E-3	1.290000E-9	672.000000E-12	4.996000E-9	433.100000E-9	-752.180000E-6	138.000000E+0	-1.571000E+0	4.247458E+3	9.743000E-6	6.360000E-6	NaN	NaN
	08/05/2023 17:27:24	-21.860000E-3	1.290000E-9	670.000000E-12	4.996000E-9	433.100000E-9	-795.570000E-6	137.000000E+0	-1.347000E+0	4.247346E+3	10.639000E-6	6.360000E-6	NaN	NaN
	08/05/2023 17:27:33	-21.219000E-3	1.300000E-9	669.000000E-12	4.996000E-9	433.600000E-9	-753.640000E-6	136.000000E+0	-1.459000E+0	4.248019E+3	10.863000E-6	6.360000E-6	NaN	NaN
	08/05/2023 17:27:41	-21.318000E-3	1.290000E-9	668.000000E-12	4.996000E-9	433.100000E-9	-767.950000E-6	136.000000E+0	-1.459000E+0	4.247570E+3	10.527000E-6	6.360000E-6	NaN	NaN
	08/05/2023 17:27:50	-21.589000E-3	1.290000E-9	668.000000E-12	4.996000E-9	437.800000E-9	-794.080000E-6	136.000000E+0	-1.347000E+0	4.247458E+3	9.743000E-6	6.360000E-6	NaN	NaN
	08/05/2023 17:27:58	-21.812000E-3	1.280000E-9	668.000000E-12	4.996000E-9	433.100000E-9	-794.830000E-6	135.000000E+0	-1.347000E+0	4.248356E+3	8.735000E-6	6.360000E-6	NaN	NaN
	08/05/2023 17:28:07	-21.565000E-3	1.280000E-9	668.000000E-12	4.996000E-9	433.600000E-9	-786.450000E-6	135.000000E+0	-1.235000E+0	4.248131E+3	9.071000E-6	6.360000E-6	NaN	NaN
	08/05/2023 17:28:15	-21.663000E-3	1.270000E-9	668.000000E-12	4.996000E-9	433.600000E-9	-790.390000E-6	134.000000E+0	-1.347000E+0	4.248243E+3	9.631000E-6	6.360000E-6	NaN	NaN
	08/05/2023 17:28:24	-21.392000E-3	1.280000E-9	667.000000E-12	4.996000E-9	433.600000E-9	-796.790000E-6	133.000000E+0	-1.347000E+0	4.247794E+3	9.967000E-6	6.360000E-6	NaN	NaN
	08/05/2023 17:28:33	-20.629000E-3	1.270000E-9	667.000000E-12	4.996000E-9	433.600000E-9	-792.860000E-6	134.000000E+0	-1.459000E+0	4.247682E+3	9.071000E-6	6.360000E-6	NaN	NaN
	08/05/2023 17:28:41	-21.490000E-3	1.280000E-9	667.000000E-12	4.996000E-9	433.600000E-9	-794.590000E-6	132.000000E+0	-1.571000E+0	4.247907E+3	10.191000E-6	6.360000E-6	NaN	NaN
	08/05/2023 17:28:50	-21.097000E-3	1.290000E-9	667.000000E-12	4.996000E-9	434.100000E-9	-784.460000E-6	133.000000E+0	-1.347000E+0	4.248805E+3	9.967000E-6	6.350000E-6	NaN	NaN
	08/05/2023 17:28:58	-21.368000E-3	1.290000E-9	666.000000E-12	4.996000E-9	434.100000E-9	-794.590000E-6	132.000000E+0	-1.347000E+0	4.248580E+3	9.407000E-6	6.360000E-6	NaN	NaN
	08/05/2023 17:29:07	-21.419000E-3	1.280000E-9	665.000000E-12	4.996000E-9	434.100000E-9	-788.420000E-6	132.000000E+0	-1.459000E+0	4.248243E+3	10.975000E-6	6.360000E-6	NaN	NaN
	08/05/2023 17:29:15	-21.419000E-3	1.280000E-9	666.000000E-12	4.996000E-9	434.100000E-9	-791.370000E-6	133.000000E+0	-1.459000E+0	4.248019E+3	8.511000E-6	6.360000E-6	NaN	NaN
	08/05/2023 17:29:24	-21.419000E-3	1.290000E-9	665.000000E-12	4.996000E-9	434.100000E-9	-787.680000E-6	132.000000E+0	-1.347000E+0	4.248356E+3	9.071000E-6	6.360000E-6	NaN	NaN
	08/05/2023 17:29:32	-21.663000E-3	1.270000E-9	664.000000E-12	4.996000E-9	434.100000E-9	-797.030000E-6	131.000000E+0	-1.347000E+0	4.248131E+3	9.743000E-6	6.360000E-6	NaN	NaN
	08/05/2023 17:29:41	-21.541000E-3	1.270000E-9	666.000000E-12	4.996000E-9	434.600000E-9	-783.470000E-6	131.000000E+0	-1.347000E+0	4.248356E+3	8.511000E-6	6.360000E-6	NaN	NaN
	08/05/2023 17:29:49	-21.246000E-3	1.290000E-9	666.000000E-12	4.996000E-9	435.200000E-9	-753.160000E-6	130.000000E+0	-1.459000E+0	4.248243E+3	9.295000E-6	6.360000E-6	NaN	NaN
	08/05/2023 17:29:58	-21.419000E-3	1.270000E-9	666.000000E-12	4.996000E-9	435.700000E-9	-795.300000E-6	130.000000E+0	-1.347000E+0	4.248805E+3	9.967000E-6	6.360000E-6	NaN	NaN
	08/05/2023 17:30:06	-20.948000E-3	1.260000E-9	665.000000E-12	4.996000E-9	435.700000E-9	-762.760000E-6	131.000000E+0	-1.347000E+0	4.248356E+3	9.183000E-6	6.350000E-6	NaN	NaN
	08/05/2023 17:30:15	-21.270000E-3	1.270000E-9	665.000000E-12	4.996000E-9	435.200000E-9	-790.890000E-6	130.000000E+0	-1.347000E+0	4.248805E+3	8.623000E-6	6.350000E-6	NaN	NaN
	08/05/2023 17:30:23	-21.368000E-3	1.300000E-9	663.000000E-12	4.996000E-9	436.200000E-9	-763.740000E-6	129.000000E+0	-1.459000E+0	4.234663E+3	9.855000E-6	6.350000E-6	NaN	NaN
	08/05/2023 17:30:32	-21.023000E-3	1.280000E-9	662.000000E-12	4.996000E-9	435.200000E-9	-758.320000E-6	129.000000E+0	-1.235000E+0	4.088422E+3	9.295000E-6	6.350000E-6	NaN	NaN
	08/05/2023 17:30:40	-20.900000E-3	1.280000E-9	662.000000E-12	4.996000E-9	435.700000E-9	-797.540000E-6	128.000000E+0	-1.347000E+0	3.997176E+3	9.183000E-6	6.350000E-6	NaN	NaN
	08/05/2023 17:30:49	-21.467000E-3	1.270000E-9	662.000000E-12	4.996000E-9	435.700000E-9	-779.780000E-6	127.000000E+0	-1.235000E+0	3.989432E+3	9.743000E-6	6.350000E-6	NaN	NaN
	08/05/2023 17:30:58	-21.219000E-3	1.270000E-9	663.000000E-12	4.996000E-9	436.200000E-9	-794.590000E-6	127.000000E+0	-1.347000E+0	4.027143E+3	9.071000E-6	6.350000E-6	NaN	NaN
