Live comments	Time	injection 100mbar	Barion_2	Barion_1	DUAL experiment	DUAL insulation	injection 1mbar	helium	T-platinum	T-CERNOX	I_emission	I_grid
	04/11/2022 16:55:51	-54.356000E-3	12.500000E-9	3.700000E-9	4.996000E-9	2.309000E-6	1.465400E-3	0.000000E+0	-113.131000E+0	54.545000E+0	NaN	NaN
	04/11/2022 16:55:58	-50.363000E-3	12.400000E-9	3.700000E-9	4.996000E-9	2.309000E-6	1.461900E-3	0.000000E+0	-113.019000E+0	54.545000E+0	NaN	NaN
	04/11/2022 16:56:05	-50.682000E-3	12.400000E-9	3.670000E-9	4.996000E-9	2.309000E-6	1.473800E-3	0.000000E+0	-113.243000E+0	54.657000E+0	NaN	NaN
	04/11/2022 16:56:12	-50.732000E-3	12.300000E-9	3.670000E-9	4.996000E-9	2.309000E-6	1.461400E-3	0.000000E+0	-113.243000E+0	54.657000E+0	NaN	NaN
	04/11/2022 16:56:19	-52.902000E-3	12.400000E-9	3.660000E-9	4.996000E-9	2.309000E-6	1.453800E-3	0.000000E+0	-113.355000E+0	54.770000E+0	NaN	NaN
	04/11/2022 16:56:27	-52.705000E-3	12.300000E-9	3.640000E-9	4.996000E-9	2.309000E-6	1.452600E-3	0.000000E+0	-113.243000E+0	54.545000E+0	NaN	NaN
	04/11/2022 16:56:34	-49.967000E-3	12.200000E-9	3.640000E-9	4.996000E-9	2.309000E-6	1.456500E-3	0.000000E+0	-113.243000E+0	54.545000E+0	NaN	NaN
	04/11/2022 16:56:41	-50.214000E-3	12.200000E-9	3.640000E-9	4.996000E-9	2.309000E-6	1.451800E-3	0.000000E+0	-113.243000E+0	54.657000E+0	NaN	NaN
	04/11/2022 16:56:48	-54.380000E-3	12.200000E-9	3.610000E-9	4.996000E-9	2.309000E-6	1.452600E-3	0.000000E+0	-113.355000E+0	54.657000E+0	NaN	NaN
	04/11/2022 16:56:55	-54.258000E-3	12.200000E-9	3.610000E-9	4.996000E-9	2.309000E-6	1.468600E-3	0.000000E+0	-113.131000E+0	54.657000E+0	NaN	NaN
	04/11/2022 16:57:03	-50.434000E-3	12.100000E-9	3.600000E-9	4.996000E-9	2.309000E-6	1.455000E-3	0.000000E+0	-113.131000E+0	54.657000E+0	NaN	NaN
	04/11/2022 16:57:10	-50.265000E-3	12.100000E-9	3.580000E-9	4.996000E-9	2.309000E-6	1.472300E-3	0.000000E+0	-113.467000E+0	54.545000E+0	NaN	NaN
	04/11/2022 16:57:17	-50.706000E-3	12.100000E-9	3.580000E-9	4.996000E-9	2.309000E-6	1.458200E-3	0.000000E+0	-113.243000E+0	54.545000E+0	NaN	NaN
	04/11/2022 16:57:24	-53.960000E-3	12.000000E-9	3.580000E-9	4.996000E-9	2.309000E-6	1.466900E-3	0.000000E+0	-113.243000E+0	54.545000E+0	NaN	NaN
	04/11/2022 16:57:31	-54.333000E-3	12.000000E-9	3.560000E-9	4.996000E-9	2.309000E-6	1.470800E-3	0.000000E+0	-113.131000E+0	54.545000E+0	NaN	NaN
	04/11/2022 16:57:38	-50.387000E-3	12.000000E-9	3.550000E-9	4.996000E-9	2.309000E-6	1.442500E-3	0.000000E+0	-113.243000E+0	54.770000E+0	NaN	NaN
	04/11/2022 16:57:45	-50.929000E-3	11.900000E-9	3.540000E-9	4.996000E-9	2.306000E-6	1.453800E-3	0.000000E+0	-113.243000E+0	54.770000E+0	NaN	NaN
	04/11/2022 16:57:53	-50.139000E-3	11.900000E-9	3.540000E-9	4.996000E-9	2.309000E-6	1.458700E-3	0.000000E+0	-113.243000E+0	54.770000E+0	NaN	NaN
	04/11/2022 16:58:00	-54.702000E-3	11.900000E-9	3.530000E-9	4.996000E-9	2.309000E-6	1.463700E-3	0.000000E+0	-113.355000E+0	54.657000E+0	NaN	NaN
	04/11/2022 16:58:07	-50.214000E-3	11.800000E-9	3.520000E-9	4.996000E-9	2.306000E-6	1.461900E-3	0.000000E+0	-113.243000E+0	54.545000E+0	NaN	NaN
	04/11/2022 16:58:14	-49.770000E-3	11.800000E-9	3.520000E-9	4.996000E-9	2.306000E-6	1.454800E-3	0.000000E+0	-113.243000E+0	54.545000E+0	NaN	NaN
	04/11/2022 16:58:21	-50.461000E-3	11.800000E-9	3.510000E-9	4.996000E-9	2.306000E-6	1.458500E-3	0.000000E+0	-113.355000E+0	54.657000E+0	NaN	NaN
	04/11/2022 16:58:29	-54.455000E-3	11.800000E-9	3.500000E-9	4.996000E-9	2.309000E-6	1.451600E-3	0.000000E+0	-113.243000E+0	54.545000E+0	NaN	NaN
	04/11/2022 16:58:36	-54.380000E-3	11.700000E-9	3.480000E-9	4.996000E-9	2.306000E-6	1.454500E-3	0.000000E+0	-113.580000E+0	54.657000E+0	NaN	NaN
	04/11/2022 16:58:43	-50.065000E-3	11.700000E-9	3.480000E-9	4.996000E-9	2.306000E-6	1.456800E-3	0.000000E+0	-113.243000E+0	54.433000E+0	NaN	NaN
	04/11/2022 16:58:50	-50.092000E-3	11.600000E-9	3.470000E-9	4.996000E-9	2.644000E-6	1.470600E-3	0.000000E+0	-113.131000E+0	54.433000E+0	NaN	NaN
	04/11/2022 16:58:57	-50.461000E-3	11.600000E-9	3.470000E-9	4.996000E-9	2.490000E-6	1.458000E-3	0.000000E+0	-113.355000E+0	54.545000E+0	NaN	NaN
	04/11/2022 16:59:04	-54.035000E-3	11.600000E-9	3.460000E-9	4.996000E-9	2.411000E-6	1.458200E-3	0.000000E+0	-113.243000E+0	54.657000E+0	NaN	NaN
	04/11/2022 16:59:12	-50.288000E-3	11.600000E-9	3.450000E-9	4.996000E-9	2.365000E-6	1.458000E-3	0.000000E+0	-113.131000E+0	54.657000E+0	NaN	NaN
	04/11/2022 16:59:19	-49.993000E-3	11.500000E-9	3.440000E-9	4.996000E-9	2.348000E-6	1.457800E-3	0.000000E+0	-113.019000E+0	54.657000E+0	NaN	NaN
	04/11/2022 16:59:26	-50.139000E-3	11.500000E-9	3.430000E-9	4.996000E-9	2.325000E-6	1.457800E-3	0.000000E+0	-113.131000E+0	54.545000E+0	NaN	NaN
	04/11/2022 16:59:33	-54.380000E-3	11.400000E-9	3.430000E-9	4.996000E-9	2.323000E-6	1.461400E-3	0.000000E+0	-113.243000E+0	54.433000E+0	NaN	NaN
	04/11/2022 16:59:40	-54.258000E-3	11.500000E-9	3.420000E-9	4.996000E-9	2.320000E-6	1.458500E-3	0.000000E+0	-113.243000E+0	54.770000E+0	NaN	NaN
	04/11/2022 16:59:47	-50.411000E-3	11.400000E-9	3.410000E-9	4.996000E-9	2.309000E-6	1.460500E-3	0.000000E+0	-113.243000E+0	54.770000E+0	NaN	NaN
	04/11/2022 16:59:55	-50.560000E-3	11.400000E-9	3.400000E-9	4.996000E-9	2.309000E-6	1.452100E-3	0.000000E+0	-113.243000E+0	54.657000E+0	NaN	NaN
	04/11/2022 17:00:02	-50.065000E-3	11.400000E-9	3.390000E-9	4.996000E-9	2.309000E-6	1.459500E-3	0.000000E+0	-113.243000E+0	54.770000E+0	NaN	NaN
	04/11/2022 17:00:09	-54.333000E-3	11.300000E-9	3.380000E-9	4.996000E-9	2.306000E-6	1.455300E-3	0.000000E+0	-113.243000E+0	54.657000E+0	NaN	NaN
	04/11/2022 17:00:16	-50.288000E-3	11.300000E-9	3.370000E-9	4.996000E-9	2.306000E-6	1.458500E-3	0.000000E+0	-113.131000E+0	54.770000E+0	NaN	NaN
	04/11/2022 17:00:23	-49.523000E-3	11.300000E-9	3.360000E-9	4.996000E-9	2.390000E-6	1.473800E-3	0.000000E+0	-113.131000E+0	54.657000E+0	NaN	NaN
	04/11/2022 17:00:30	-50.116000E-3	11.200000E-9	3.350000E-9	4.996000E-9	2.371000E-6	1.481400E-3	0.000000E+0	-113.243000E+0	54.657000E+0	NaN	NaN
	04/11/2022 17:00:38	-54.061000E-3	11.200000E-9	3.360000E-9	4.996000E-9	2.351000E-6	1.452800E-3	0.000000E+0	-113.131000E+0	54.657000E+0	NaN	NaN
	04/11/2022 17:00:45	-54.160000E-3	11.200000E-9	3.350000E-9	4.996000E-9	2.348000E-6	1.455000E-3	0.000000E+0	-113.243000E+0	54.657000E+0	NaN	NaN
	04/11/2022 17:00:52	-50.855000E-3	11.200000E-9	3.330000E-9	4.996000E-9	2.328000E-6	1.476000E-3	0.000000E+0	-113.243000E+0	54.545000E+0	NaN	NaN
	04/11/2022 17:00:59	-50.363000E-3	11.200000E-9	3.320000E-9	4.996000E-9	2.325000E-6	1.452100E-3	0.000000E+0	-113.131000E+0	54.433000E+0	NaN	NaN
	04/11/2022 17:01:06	-50.363000E-3	11.100000E-9	3.320000E-9	4.996000E-9	2.325000E-6	1.461900E-3	0.000000E+0	-113.131000E+0	54.994000E+0	NaN	NaN
	04/11/2022 17:01:14	-50.387000E-3	11.100000E-9	3.310000E-9	4.996000E-9	2.325000E-6	1.455800E-3	0.000000E+0	-113.243000E+0	54.770000E+0	NaN	NaN
	04/11/2022 17:01:21	-54.258000E-3	11.100000E-9	3.300000E-9	4.996000E-9	2.325000E-6	1.459000E-3	0.000000E+0	-113.355000E+0	54.657000E+0	NaN	NaN
	04/11/2022 17:01:28	-50.363000E-3	11.100000E-9	3.290000E-9	4.996000E-9	2.325000E-6	1.488100E-3	0.000000E+0	-113.355000E+0	54.657000E+0	NaN	NaN
	04/11/2022 17:01:35	-50.190000E-3	11.000000E-9	3.300000E-9	4.996000E-9	2.325000E-6	1.455800E-3	0.000000E+0	-113.243000E+0	54.770000E+0	NaN	NaN
	04/11/2022 17:01:42	-50.434000E-3	11.000000E-9	3.290000E-9	4.996000E-9	2.323000E-6	1.450400E-3	0.000000E+0	-113.243000E+0	54.770000E+0	NaN	NaN
	04/11/2022 17:01:50	-54.455000E-3	11.000000E-9	3.280000E-9	4.996000E-9	2.323000E-6	1.452300E-3	0.000000E+0	-113.243000E+0	54.770000E+0	NaN	NaN
	04/11/2022 17:01:57	-50.163000E-3	11.000000E-9	3.270000E-9	4.996000E-9	2.323000E-6	1.455300E-3	0.000000E+0	-113.243000E+0	54.545000E+0	NaN	NaN
	04/11/2022 17:02:04	-49.844000E-3	10.900000E-9	3.260000E-9	4.996000E-9	2.323000E-6	1.454800E-3	0.000000E+0	-113.243000E+0	54.657000E+0	NaN	NaN
	04/11/2022 17:02:11	-52.977000E-3	10.900000E-9	3.260000E-9	4.996000E-9	2.323000E-6	1.451800E-3	0.000000E+0	-113.243000E+0	54.433000E+0	NaN	NaN
	04/11/2022 17:02:18	-53.838000E-3	10.900000E-9	3.250000E-9	4.996000E-9	2.323000E-6	1.450600E-3	0.000000E+0	-113.131000E+0	54.545000E+0	NaN	NaN
	04/11/2022 17:02:26	-54.455000E-3	10.900000E-9	3.240000E-9	4.996000E-9	2.323000E-6	1.456500E-3	0.000000E+0	-113.243000E+0	54.545000E+0	NaN	NaN
	04/11/2022 17:02:33	-50.780000E-3	10.900000E-9	3.230000E-9	4.996000E-9	2.323000E-6	1.464900E-3	0.000000E+0	-113.243000E+0	54.545000E+0	NaN	NaN
	04/11/2022 17:02:40	-50.411000E-3	10.800000E-9	3.230000E-9	4.996000E-9	2.323000E-6	1.486800E-3	0.000000E+0	-113.019000E+0	54.657000E+0	NaN	NaN
	04/11/2022 17:02:47	-52.604000E-3	10.800000E-9	3.230000E-9	4.996000E-9	2.323000E-6	1.462200E-3	0.000000E+0	-113.131000E+0	54.545000E+0	NaN	NaN
	04/11/2022 17:02:54	-54.207000E-3	10.800000E-9	3.220000E-9	4.996000E-9	2.323000E-6	1.451100E-3	0.000000E+0	-113.243000E+0	54.657000E+0	NaN	NaN
	04/11/2022 17:03:01	-49.967000E-3	10.700000E-9	3.210000E-9	4.996000E-9	2.323000E-6	1.471500E-3	0.000000E+0	-113.243000E+0	54.545000E+0	NaN	NaN
	04/11/2022 17:03:09	-50.509000E-3	10.700000E-9	3.200000E-9	4.996000E-9	2.323000E-6	1.457200E-3	0.000000E+0	-113.243000E+0	54.545000E+0	NaN	NaN
	04/11/2022 17:03:16	-50.017000E-3	10.700000E-9	3.200000E-9	4.996000E-9	2.323000E-6	1.457800E-3	0.000000E+0	-113.580000E+0	54.545000E+0	NaN	NaN
	04/11/2022 17:03:23	-50.583000E-3	10.700000E-9	3.190000E-9	4.996000E-9	2.323000E-6	1.456300E-3	0.000000E+0	-113.243000E+0	54.657000E+0	NaN	NaN
	04/11/2022 17:03:30	-54.356000E-3	10.700000E-9	3.180000E-9	4.996000E-9	2.323000E-6	1.455800E-3	0.000000E+0	-113.243000E+0	54.657000E+0	NaN	NaN
	04/11/2022 17:03:37	-50.434000E-3	10.600000E-9	3.180000E-9	4.996000E-9	2.323000E-6	1.455800E-3	0.000000E+0	-113.131000E+0	54.657000E+0	NaN	NaN
	04/11/2022 17:03:44	-50.780000E-3	10.600000E-9	3.180000E-9	4.996000E-9	2.323000E-6	1.459500E-3	0.000000E+0	-113.355000E+0	54.657000E+0	NaN	NaN
	04/11/2022 17:03:52	-50.387000E-3	10.500000E-9	3.160000E-9	4.996000E-9	2.323000E-6	1.495200E-3	0.000000E+0	-113.243000E+0	54.657000E+0	NaN	NaN
	04/11/2022 17:03:59	-54.231000E-3	10.600000E-9	3.160000E-9	4.996000E-9	2.323000E-6	1.453300E-3	0.000000E+0	-113.355000E+0	54.545000E+0	NaN	NaN
	04/11/2022 17:04:06	-52.261000E-3	10.500000E-9	3.140000E-9	4.996000E-9	2.323000E-6	1.437500E-3	0.000000E+0	-113.243000E+0	54.545000E+0	NaN	NaN
	04/11/2022 17:04:13	-50.583000E-3	10.500000E-9	3.140000E-9	4.996000E-9	2.323000E-6	1.465900E-3	0.000000E+0	-113.243000E+0	54.657000E+0	NaN	NaN
	04/11/2022 17:04:20	-48.217000E-3	10.500000E-9	3.140000E-9	4.996000E-9	2.323000E-6	1.455800E-3	0.000000E+0	-113.243000E+0	54.657000E+0	NaN	NaN
	04/11/2022 17:04:28	-50.312000E-3	10.400000E-9	3.140000E-9	4.996000E-9	2.323000E-6	1.454100E-3	0.000000E+0	-113.355000E+0	54.770000E+0	NaN	NaN
	04/11/2022 17:04:35	-52.112000E-3	10.500000E-9	3.130000E-9	4.996000E-9	2.660000E-6	1.456500E-3	0.000000E+0	-113.243000E+0	54.770000E+0	NaN	NaN
	04/11/2022 17:04:42	-50.387000E-3	10.400000E-9	3.120000E-9	4.996000E-9	2.538000E-6	1.460700E-3	0.000000E+0	-113.243000E+0	54.770000E+0	NaN	NaN
	04/11/2022 17:04:49	-50.461000E-3	10.400000E-9	3.110000E-9	4.996000E-9	2.472000E-6	1.461200E-3	0.000000E+0	-113.355000E+0	54.657000E+0	NaN	NaN
	04/11/2022 17:04:56	-50.363000E-3	10.400000E-9	3.100000E-9	4.996000E-9	2.440000E-6	1.493000E-3	0.000000E+0	-113.355000E+0	54.545000E+0	NaN	NaN
	04/11/2022 17:05:03	-52.136000E-3	10.400000E-9	3.110000E-9	4.996000E-9	2.405000E-6	1.458000E-3	0.000000E+0	-113.243000E+0	54.657000E+0	NaN	NaN
	04/11/2022 17:05:11	-54.553000E-3	10.400000E-9	3.100000E-9	4.996000E-9	2.387000E-6	1.465600E-3	0.000000E+0	-113.131000E+0	54.545000E+0	NaN	NaN
	04/11/2022 17:05:18	-50.092000E-3	10.400000E-9	3.100000E-9	4.996000E-9	2.379000E-6	1.441000E-3	0.000000E+0	-113.355000E+0	54.657000E+0	NaN	NaN
	04/11/2022 17:05:25	-50.092000E-3	10.400000E-9	3.100000E-9	4.996000E-9	2.373000E-6	1.459700E-3	0.000000E+0	-113.355000E+0	54.545000E+0	NaN	NaN
	04/11/2022 17:05:32	-52.875000E-3	10.300000E-9	3.090000E-9	4.996000E-9	2.371000E-6	1.457800E-3	0.000000E+0	-113.467000E+0	54.657000E+0	NaN	NaN
	04/11/2022 17:05:39	-52.088000E-3	10.300000E-9	3.100000E-9	4.996000E-9	2.368000E-6	1.454500E-3	0.000000E+0	-113.243000E+0	54.657000E+0	NaN	NaN
	04/11/2022 17:05:47	-54.553000E-3	10.300000E-9	3.090000E-9	4.996000E-9	2.368000E-6	1.455300E-3	0.000000E+0	-113.243000E+0	54.657000E+0	NaN	NaN
	04/11/2022 17:05:54	-49.967000E-3	10.300000E-9	3.080000E-9	4.996000E-9	2.365000E-6	1.470100E-3	0.000000E+0	-113.243000E+0	54.657000E+0	NaN	NaN
	04/11/2022 17:06:01	-49.919000E-3	10.300000E-9	3.070000E-9	4.996000E-9	2.832000E-6	1.453300E-3	0.000000E+0	-113.243000E+0	54.545000E+0	NaN	NaN
	04/11/2022 17:06:08	-51.594000E-3	10.800000E-9	3.220000E-9	4.996000E-9	2.638000E-6	1.456500E-3	0.000000E+0	-113.243000E+0	54.657000E+0	NaN	NaN
	04/11/2022 17:06:15	-52.384000E-3	24.000000E-9	6.610000E-9	4.996000E-9	2.511000E-6	1.491000E-3	0.000000E+0	-113.243000E+0	54.545000E+0	NaN	NaN
	04/11/2022 17:06:23	-50.139000E-3	30.300000E-9	7.590000E-9	4.996000E-9	2.446000E-6	1.461200E-3	0.000000E+0	-113.243000E+0	54.770000E+0	NaN	NaN
	04/11/2022 17:06:30	-45.899000E-3	31.100000E-9	7.690000E-9	4.996000E-9	2.413000E-6	1.460500E-3	0.000000E+0	-113.355000E+0	54.770000E+0	NaN	NaN
	04/11/2022 17:06:37	-50.461000E-3	30.200000E-9	7.490000E-9	4.996000E-9	2.390000E-6	1.472300E-3	0.000000E+0	-113.131000E+0	54.545000E+0	NaN	NaN
	04/11/2022 17:06:44	-54.258000E-3	30.400000E-9	7.520000E-9	4.996000E-9	2.379000E-6	1.449900E-3	0.000000E+0	-113.355000E+0	54.657000E+0	NaN	NaN
	04/11/2022 17:06:51	-51.668000E-3	32.500000E-9	7.950000E-9	4.996000E-9	2.373000E-6	1.476700E-3	0.000000E+0	-113.243000E+0	54.545000E+0	NaN	NaN
	04/11/2022 17:06:58	-50.092000E-3	32.400000E-9	7.970000E-9	4.996000E-9	2.371000E-6	1.461400E-3	0.000000E+0	-113.355000E+0	54.545000E+0	NaN	NaN
	04/11/2022 17:07:06	-47.109000E-3	32.600000E-9	7.950000E-9	4.996000E-9	2.368000E-6	1.466400E-3	0.000000E+0	-113.355000E+0	54.770000E+0	NaN	NaN
	04/11/2022 17:07:13	-50.312000E-3	31.500000E-9	7.730000E-9	4.996000E-9	2.365000E-6	1.460000E-3	0.000000E+0	-113.243000E+0	54.545000E+0	NaN	NaN
	04/11/2022 17:07:20	-53.790000E-3	31.500000E-9	7.730000E-9	4.996000E-9	2.362000E-6	1.497700E-3	0.000000E+0	-113.243000E+0	54.770000E+0	NaN	NaN
	04/11/2022 17:07:27	-50.411000E-3	33.500000E-9	8.180000E-9	4.996000E-9	2.365000E-6	1.466400E-3	0.000000E+0	-113.243000E+0	54.545000E+0	NaN	NaN
	04/11/2022 17:07:34	-50.536000E-3	34.900000E-9	8.500000E-9	4.996000E-9	2.362000E-6	1.458000E-3	0.000000E+0	-113.243000E+0	54.657000E+0	NaN	NaN
	04/11/2022 17:07:41	-49.868000E-3	35.100000E-9	8.510000E-9	4.996000E-9	2.359000E-6	1.461200E-3	0.000000E+0	-113.355000E+0	54.545000E+0	NaN	NaN
	04/11/2022 17:07:49	-53.617000E-3	35.300000E-9	8.530000E-9	4.996000E-9	2.362000E-6	1.454800E-3	0.000000E+0	-113.243000E+0	54.657000E+0	NaN	NaN
	04/11/2022 17:07:56	-53.763000E-3	34.800000E-9	8.430000E-9	4.996000E-9	2.357000E-6	1.494700E-3	0.000000E+0	-113.355000E+0	54.770000E+0	NaN	NaN
	04/11/2022 17:08:03	-50.461000E-3	34.600000E-9	8.420000E-9	4.996000E-9	2.362000E-6	1.451600E-3	0.000000E+0	-113.243000E+0	54.657000E+0	NaN	NaN
	04/11/2022 17:08:10	-50.214000E-3	34.600000E-9	8.370000E-9	4.996000E-9	2.362000E-6	1.460500E-3	0.000000E+0	-113.355000E+0	54.770000E+0	NaN	NaN
	04/11/2022 17:08:17	-50.929000E-3	35.200000E-9	8.500000E-9	4.996000E-9	2.365000E-6	1.457500E-3	0.000000E+0	-113.131000E+0	54.545000E+0	NaN	NaN
	04/11/2022 17:08:25	-54.973000E-3	34.900000E-9	8.390000E-9	4.996000E-9	2.365000E-6	1.457500E-3	0.000000E+0	-113.355000E+0	54.657000E+0	NaN	NaN
	04/11/2022 17:08:32	-50.041000E-3	34.700000E-9	8.390000E-9	4.996000E-9	2.365000E-6	1.455300E-3	0.000000E+0	-113.243000E+0	54.770000E+0	NaN	NaN
	04/11/2022 17:08:39	-49.302000E-3	34.400000E-9	8.340000E-9	4.996000E-9	2.362000E-6	1.443700E-3	0.000000E+0	-113.355000E+0	54.545000E+0	NaN	NaN
	04/11/2022 17:08:46	-48.119000E-3	34.300000E-9	8.260000E-9	4.996000E-9	2.359000E-6	1.490500E-3	0.000000E+0	-113.131000E+0	54.657000E+0	NaN	NaN
	04/11/2022 17:08:53	-50.411000E-3	34.100000E-9	8.260000E-9	4.996000E-9	2.357000E-6	1.452600E-3	0.000000E+0	-113.355000E+0	54.657000E+0	NaN	NaN
	04/11/2022 17:09:00	-54.333000E-3	33.900000E-9	8.170000E-9	4.996000E-9	2.359000E-6	1.452800E-3	0.000000E+0	-113.131000E+0	54.545000E+0	NaN	NaN
	04/11/2022 17:09:08	-50.265000E-3	33.200000E-9	8.020000E-9	4.996000E-9	2.359000E-6	1.463900E-3	0.000000E+0	-113.243000E+0	54.657000E+0	NaN	NaN
	04/11/2022 17:09:15	-47.231000E-3	33.500000E-9	8.130000E-9	4.996000E-9	2.359000E-6	1.462200E-3	0.000000E+0	-113.243000E+0	54.770000E+0	NaN	NaN
	04/11/2022 17:09:22	-49.746000E-3	33.300000E-9	8.090000E-9	4.996000E-9	2.357000E-6	1.459700E-3	0.000000E+0	-113.355000E+0	54.657000E+0	NaN	NaN
	04/11/2022 17:09:29	-52.163000E-3	33.800000E-9	8.220000E-9	4.996000E-9	2.362000E-6	1.454500E-3	0.000000E+0	-113.243000E+0	54.545000E+0	NaN	NaN
	04/11/2022 17:09:36	-51.990000E-3	34.800000E-9	8.390000E-9	4.996000E-9	2.359000E-6	1.465900E-3	0.000000E+0	-113.243000E+0	54.433000E+0	NaN	NaN
	04/11/2022 17:09:43	-48.909000E-3	34.600000E-9	8.370000E-9	4.996000E-9	2.357000E-6	1.459700E-3	0.000000E+0	-113.355000E+0	54.657000E+0	NaN	NaN
	04/11/2022 17:09:51	-50.929000E-3	35.100000E-9	8.450000E-9	4.996000E-9	2.354000E-6	1.464900E-3	0.000000E+0	-113.131000E+0	54.770000E+0	NaN	NaN
	04/11/2022 17:09:58	-50.634000E-3	34.100000E-9	8.210000E-9	4.996000E-9	2.359000E-6	1.472300E-3	0.000000E+0	-113.355000E+0	54.545000E+0	NaN	NaN
	04/11/2022 17:10:05	-54.085000E-3	33.800000E-9	8.150000E-9	4.996000E-9	2.354000E-6	1.475200E-3	0.000000E+0	-113.243000E+0	54.770000E+0	NaN	NaN
	04/11/2022 17:10:12	-49.722000E-3	33.300000E-9	8.030000E-9	4.996000E-9	2.354000E-6	1.455000E-3	0.000000E+0	-113.243000E+0	54.545000E+0	NaN	NaN
	04/11/2022 17:10:19	-50.139000E-3	33.400000E-9	8.080000E-9	4.996000E-9	2.357000E-6	1.459000E-3	0.000000E+0	-113.131000E+0	54.545000E+0	NaN	NaN
	04/11/2022 17:10:27	-50.116000E-3	33.500000E-9	8.080000E-9	4.996000E-9	2.359000E-6	1.460200E-3	0.000000E+0	-113.355000E+0	54.545000E+0	NaN	NaN
	04/11/2022 17:10:34	-54.726000E-3	33.200000E-9	7.990000E-9	4.996000E-9	2.357000E-6	1.483400E-3	0.000000E+0	-113.355000E+0	54.545000E+0	NaN	NaN
	04/11/2022 17:10:41	-54.282000E-3	33.200000E-9	8.040000E-9	4.996000E-9	2.357000E-6	1.466900E-3	0.000000E+0	-113.243000E+0	54.882000E+0	NaN	NaN
	04/11/2022 17:10:48	-50.017000E-3	33.000000E-9	8.000000E-9	4.996000E-9	2.357000E-6	1.449100E-3	0.000000E+0	-113.243000E+0	54.657000E+0	NaN	NaN
	04/11/2022 17:10:55	-50.265000E-3	33.300000E-9	8.040000E-9	4.996000E-9	2.357000E-6	1.476200E-3	0.000000E+0	-113.243000E+0	54.545000E+0	NaN	NaN
	04/11/2022 17:11:02	-52.211000E-3	32.500000E-9	7.840000E-9	4.996000E-9	2.357000E-6	1.474500E-3	0.000000E+0	-113.355000E+0	54.657000E+0	NaN	NaN
	04/11/2022 17:11:10	-53.960000E-3	31.900000E-9	7.720000E-9	4.996000E-9	2.354000E-6	1.463200E-3	0.000000E+0	-113.467000E+0	54.657000E+0	NaN	NaN
	04/11/2022 17:11:17	-54.577000E-3	31.300000E-9	7.550000E-9	4.996000E-9	2.354000E-6	1.456300E-3	0.000000E+0	-113.243000E+0	54.657000E+0	NaN	NaN
	04/11/2022 17:11:24	-50.017000E-3	30.300000E-9	7.340000E-9	4.996000E-9	2.354000E-6	1.461700E-3	0.000000E+0	-113.355000E+0	54.657000E+0	NaN	NaN
	04/11/2022 17:11:31	-50.065000E-3	30.100000E-9	7.280000E-9	4.996000E-9	2.354000E-6	1.456000E-3	0.000000E+0	-113.467000E+0	54.545000E+0	NaN	NaN
	04/11/2022 17:11:38	-54.085000E-3	30.900000E-9	7.480000E-9	4.996000E-9	2.354000E-6	1.479900E-3	0.000000E+0	-113.243000E+0	54.545000E+0	NaN	NaN
	04/11/2022 17:11:45	-53.912000E-3	30.400000E-9	7.390000E-9	4.996000E-9	2.354000E-6	1.459000E-3	0.000000E+0	-113.355000E+0	54.657000E+0	NaN	NaN
	04/11/2022 17:11:53	-49.993000E-3	30.300000E-9	7.350000E-9	4.996000E-9	2.354000E-6	1.459700E-3	0.000000E+0	-113.243000E+0	54.545000E+0	NaN	NaN
	04/11/2022 17:12:00	-48.414000E-3	29.800000E-9	7.250000E-9	4.996000E-9	2.354000E-6	1.472100E-3	0.000000E+0	-113.243000E+0	54.545000E+0	NaN	NaN
	04/11/2022 17:12:07	-50.265000E-3	29.600000E-9	7.210000E-9	4.996000E-9	2.354000E-6	1.456800E-3	0.000000E+0	-113.355000E+0	54.770000E+0	NaN	NaN
	04/11/2022 17:12:14	-54.750000E-3	30.000000E-9	7.310000E-9	4.996000E-9	2.354000E-6	1.458000E-3	0.000000E+0	-113.243000E+0	54.657000E+0	NaN	NaN
	04/11/2022 17:12:21	-50.363000E-3	29.800000E-9	7.260000E-9	4.996000E-9	2.354000E-6	1.452100E-3	0.000000E+0	-113.355000E+0	54.545000E+0	NaN	NaN
	04/11/2022 17:12:28	-50.831000E-3	29.400000E-9	7.190000E-9	4.996000E-9	2.354000E-6	1.458500E-3	0.000000E+0	-113.243000E+0	54.545000E+0	NaN	NaN
	04/11/2022 17:12:36	-50.163000E-3	29.700000E-9	7.270000E-9	4.996000E-9	2.354000E-6	1.457000E-3	0.000000E+0	-113.243000E+0	54.657000E+0	NaN	NaN
	04/11/2022 17:12:43	-51.051000E-3	29.300000E-9	7.120000E-9	4.996000E-9	2.354000E-6	1.456000E-3	0.000000E+0	-113.131000E+0	54.545000E+0	NaN	NaN
	04/11/2022 17:12:50	-54.455000E-3	29.200000E-9	7.100000E-9	4.996000E-9	2.354000E-6	1.457200E-3	0.000000E+0	-113.243000E+0	54.433000E+0	NaN	NaN
	04/11/2022 17:12:57	-49.794000E-3	29.000000E-9	7.080000E-9	4.996000E-9	2.354000E-6	1.449600E-3	0.000000E+0	-113.131000E+0	54.545000E+0	NaN	NaN
	04/11/2022 17:13:04	-50.336000E-3	29.100000E-9	7.090000E-9	4.996000E-9	2.354000E-6	1.457500E-3	0.000000E+0	-113.131000E+0	54.545000E+0	NaN	NaN
	04/11/2022 17:13:11	-50.092000E-3	29.100000E-9	7.100000E-9	4.996000E-9	2.354000E-6	1.476500E-3	0.000000E+0	-113.243000E+0	54.657000E+0	NaN	NaN
	04/11/2022 17:13:19	-54.011000E-3	28.800000E-9	7.040000E-9	4.996000E-9	2.354000E-6	1.458200E-3	0.000000E+0	-113.355000E+0	54.545000E+0	NaN	NaN
	04/11/2022 17:13:26	-53.146000E-3	30.100000E-9	7.310000E-9	4.996000E-9	2.354000E-6	1.457200E-3	0.000000E+0	-113.243000E+0	54.545000E+0	NaN	NaN
	04/11/2022 17:13:33	-50.190000E-3	29.600000E-9	7.200000E-9	4.996000E-9	2.354000E-6	1.457500E-3	0.000000E+0	-113.243000E+0	54.657000E+0	NaN	NaN
	04/11/2022 17:13:40	-47.034000E-3	29.500000E-9	7.170000E-9	4.996000E-9	2.351000E-6	1.456300E-3	0.000000E+0	-113.355000E+0	54.770000E+0	NaN	NaN
	04/11/2022 17:13:47	-50.560000E-3	29.400000E-9	7.160000E-9	4.996000E-9	2.354000E-6	1.456300E-3	0.000000E+0	-113.355000E+0	54.657000E+0	NaN	NaN
	04/11/2022 17:13:54	-53.173000E-3	28.000000E-9	6.850000E-9	4.996000E-9	2.354000E-6	1.461200E-3	0.000000E+0	-113.243000E+0	54.433000E+0	NaN	NaN
	04/11/2022 17:14:02	-50.434000E-3	27.100000E-9	6.650000E-9	4.996000E-9	2.354000E-6	1.471500E-3	0.000000E+0	-113.243000E+0	54.770000E+0	NaN	NaN
	04/11/2022 17:14:09	-50.411000E-3	26.600000E-9	6.530000E-9	4.996000E-9	2.354000E-6	1.469100E-3	0.000000E+0	-113.355000E+0	54.433000E+0	NaN	NaN
	04/11/2022 17:14:16	-47.305000E-3	24.000000E-9	5.660000E-9	4.996000E-9	2.354000E-6	1.452600E-3	0.000000E+0	-113.243000E+0	54.770000E+0	NaN	NaN
	04/11/2022 17:14:23	-50.163000E-3	14.900000E-9	3.910000E-9	4.996000E-9	2.354000E-6	1.458700E-3	0.000000E+0	-113.467000E+0	54.545000E+0	NaN	NaN
	04/11/2022 17:14:30	-49.868000E-3	13.700000E-9	3.670000E-9	4.996000E-9	2.354000E-6	1.455300E-3	0.000000E+0	-113.243000E+0	54.545000E+0	NaN	NaN
	04/11/2022 17:14:37	-50.756000E-3	13.000000E-9	3.540000E-9	4.996000E-9	2.351000E-6	1.460900E-3	0.000000E+0	-113.355000E+0	54.770000E+0	NaN	NaN
	04/11/2022 17:14:45	-49.868000E-3	12.600000E-9	3.450000E-9	4.996000E-9	2.354000E-6	1.462700E-3	0.000000E+0	-113.243000E+0	54.657000E+0	NaN	NaN
	04/11/2022 17:14:52	-54.231000E-3	12.300000E-9	3.370000E-9	4.996000E-9	2.354000E-6	1.486300E-3	0.000000E+0	-113.355000E+0	54.657000E+0	NaN	NaN
	04/11/2022 17:14:59	-54.628000E-3	11.900000E-9	3.310000E-9	4.996000E-9	2.354000E-6	1.457200E-3	0.000000E+0	-113.355000E+0	54.433000E+0	NaN	NaN
	04/11/2022 17:15:06	-50.336000E-3	11.700000E-9	3.260000E-9	4.996000E-9	2.354000E-6	1.498900E-3	0.000000E+0	-113.243000E+0	54.545000E+0	NaN	NaN
	04/11/2022 17:15:13	-50.905000E-3	11.500000E-9	3.210000E-9	4.996000E-9	2.354000E-6	1.471000E-3	0.000000E+0	-113.243000E+0	54.657000E+0	NaN	NaN
	04/11/2022 17:15:21	-50.363000E-3	11.200000E-9	3.170000E-9	4.996000E-9	2.351000E-6	1.474800E-3	0.000000E+0	-113.243000E+0	54.657000E+0	NaN	NaN
	04/11/2022 17:15:28	-53.048000E-3	11.000000E-9	3.130000E-9	4.996000E-9	2.351000E-6	1.456500E-3	0.000000E+0	-113.355000E+0	54.433000E+0	NaN	NaN
