Live comments	Time	injection 100mbar	Barion_2	Barion_1	DUAL experiment	DUAL insulation	injection 1mbar	helium	T-platinum	T-CERNOX	I_emission	I_grid
	08/11/2022 10:53:01	-34.016000E-3	7.810000E-9	2.160000E-9	4.996000E-9	2.016000E-6	1.415800E-3	0.000000E+0	-113.355000E+0	54.433000E+0	0.000000E+0	NaN
	08/11/2022 10:53:10	-33.671000E-3	7.830000E-9	2.160000E-9	4.996000E-9	2.013000E-6	1.407400E-3	0.000000E+0	-113.355000E+0	54.770000E+0	0.000000E+0	NaN
	08/11/2022 10:53:19	-33.867000E-3	7.770000E-9	2.160000E-9	4.996000E-9	2.016000E-6	1.386200E-3	0.000000E+0	-113.243000E+0	54.545000E+0	0.000000E+0	NaN
	08/11/2022 10:53:28	-34.162000E-3	7.790000E-9	2.170000E-9	4.996000E-9	2.016000E-6	1.410700E-3	0.000000E+0	-113.243000E+0	54.657000E+0	0.000000E+0	NaN
	08/11/2022 10:53:37	-33.844000E-3	7.740000E-9	2.150000E-9	4.996000E-9	2.016000E-6	1.417300E-3	0.000000E+0	-113.355000E+0	54.545000E+0	0.000000E+0	NaN
	08/11/2022 10:53:46	-33.867000E-3	7.760000E-9	2.150000E-9	4.996000E-9	2.016000E-6	1.392900E-3	0.000000E+0	-113.467000E+0	54.545000E+0	0.000000E+0	NaN
	08/11/2022 10:53:56	-34.583000E-3	7.700000E-9	2.150000E-9	4.996000E-9	2.016000E-6	1.408700E-3	0.000000E+0	-113.243000E+0	54.321000E+0	0.000000E+0	NaN
	08/11/2022 10:54:05	-31.599000E-3	7.720000E-9	2.140000E-9	4.996000E-9	2.016000E-6	1.401000E-3	0.000000E+0	-113.243000E+0	54.545000E+0	0.000000E+0	NaN
	08/11/2022 10:54:14	-38.528000E-3	7.690000E-9	2.140000E-9	4.996000E-9	2.016000E-6	1.402500E-3	0.000000E+0	-113.243000E+0	54.545000E+0	0.000000E+0	NaN
	08/11/2022 10:54:23	-34.213000E-3	7.710000E-9	2.140000E-9	4.996000E-9	2.016000E-6	1.383800E-3	0.000000E+0	-113.355000E+0	54.545000E+0	0.000000E+0	NaN
	08/11/2022 10:54:32	-34.583000E-3	7.640000E-9	2.140000E-9	4.996000E-9	2.016000E-6	1.412100E-3	0.000000E+0	-113.355000E+0	54.433000E+0	0.000000E+0	NaN
	08/11/2022 10:54:42	-38.356000E-3	7.660000E-9	2.130000E-9	4.996000E-9	2.018000E-6	1.405700E-3	0.000000E+0	-113.467000E+0	54.545000E+0	0.000000E+0	NaN
	08/11/2022 10:54:51	-34.657000E-3	7.640000E-9	2.130000E-9	4.996000E-9	2.018000E-6	1.412400E-3	0.000000E+0	-113.243000E+0	54.657000E+0	0.000000E+0	NaN
	08/11/2022 10:55:00	-34.755000E-3	7.620000E-9	2.130000E-9	4.996000E-9	2.018000E-6	1.416600E-3	0.000000E+0	-113.243000E+0	54.433000E+0	0.000000E+0	NaN
	08/11/2022 10:55:09	-34.583000E-3	7.630000E-9	2.130000E-9	4.996000E-9	2.018000E-6	1.405200E-3	0.000000E+0	-113.355000E+0	54.321000E+0	0.000000E+0	NaN
	08/11/2022 10:55:18	-34.335000E-3	7.580000E-9	2.130000E-9	4.996000E-9	2.018000E-6	1.415800E-3	0.000000E+0	-113.467000E+0	54.321000E+0	0.000000E+0	NaN
	08/11/2022 10:55:28	-34.115000E-3	7.600000E-9	2.120000E-9	4.996000E-9	2.018000E-6	1.406700E-3	0.000000E+0	-113.355000E+0	54.657000E+0	0.000000E+0	NaN
	08/11/2022 10:55:37	-34.410000E-3	7.570000E-9	2.120000E-9	4.996000E-9	2.021000E-6	1.391600E-3	0.000000E+0	-113.467000E+0	54.657000E+0	0.000000E+0	NaN
	08/11/2022 10:55:46	-34.681000E-3	7.560000E-9	2.120000E-9	4.996000E-9	2.021000E-6	1.413100E-3	0.000000E+0	-113.355000E+0	54.433000E+0	0.000000E+0	NaN
	08/11/2022 10:55:55	-34.311000E-3	7.550000E-9	2.110000E-9	4.996000E-9	2.018000E-6	1.406000E-3	0.000000E+0	-113.355000E+0	54.657000E+0	0.000000E+0	NaN
	08/11/2022 10:56:04	-34.040000E-3	7.520000E-9	2.110000E-9	4.996000E-9	2.023000E-6	1.392700E-3	0.000000E+0	-113.580000E+0	54.321000E+0	0.000000E+0	NaN
	08/11/2022 10:56:14	-38.502000E-3	7.530000E-9	2.100000E-9	4.996000E-9	2.026000E-6	1.411900E-3	0.000000E+0	-113.355000E+0	54.545000E+0	0.000000E+0	NaN
	08/11/2022 10:56:23	-34.264000E-3	7.510000E-9	2.100000E-9	4.996000E-9	2.021000E-6	1.407400E-3	0.000000E+0	-113.467000E+0	54.433000E+0	0.000000E+0	NaN
	08/11/2022 10:56:32	-34.410000E-3	7.490000E-9	2.100000E-9	4.996000E-9	2.026000E-6	1.392900E-3	0.000000E+0	-113.243000E+0	54.433000E+0	0.000000E+0	NaN
	08/11/2022 10:56:41	-34.434000E-3	7.480000E-9	2.100000E-9	4.996000E-9	2.026000E-6	1.412900E-3	0.000000E+0	-113.131000E+0	54.433000E+0	0.000000E+0	NaN
	08/11/2022 10:56:50	-34.732000E-3	7.470000E-9	2.100000E-9	4.996000E-9	2.028000E-6	1.408000E-3	0.000000E+0	-113.355000E+0	54.657000E+0	0.000000E+0	NaN
	08/11/2022 10:56:59	-34.237000E-3	7.450000E-9	2.100000E-9	4.996000E-9	2.028000E-6	1.385700E-3	0.000000E+0	-113.355000E+0	54.433000E+0	0.000000E+0	NaN
	08/11/2022 10:57:09	-36.874000E-3	7.480000E-9	2.100000E-9	4.996000E-9	2.028000E-6	1.394100E-3	0.000000E+0	-113.131000E+0	54.545000E+0	0.000000E+0	NaN
	08/11/2022 10:57:18	-34.705000E-3	7.420000E-9	2.090000E-9	4.996000E-9	2.031000E-6	1.406500E-3	0.000000E+0	-113.467000E+0	54.545000E+0	0.000000E+0	NaN
	08/11/2022 10:57:27	-34.434000E-3	7.440000E-9	2.090000E-9	4.996000E-9	2.031000E-6	1.410900E-3	0.000000E+0	-113.467000E+0	54.545000E+0	0.000000E+0	NaN
	08/11/2022 10:57:36	-34.162000E-3	7.420000E-9	2.080000E-9	4.996000E-9	2.028000E-6	1.409200E-3	0.000000E+0	-113.467000E+0	54.770000E+0	0.000000E+0	NaN
	08/11/2022 10:57:45	-33.891000E-3	7.440000E-9	2.080000E-9	4.996000E-9	2.031000E-6	1.371900E-3	0.000000E+0	-113.467000E+0	54.545000E+0	0.000000E+0	NaN
	08/11/2022 10:57:55	-34.237000E-3	7.390000E-9	2.090000E-9	4.996000E-9	2.031000E-6	1.408400E-3	0.000000E+0	-113.355000E+0	54.545000E+0	0.000000E+0	NaN
	08/11/2022 10:58:04	-38.010000E-3	7.390000E-9	2.090000E-9	4.996000E-9	2.031000E-6	1.410200E-3	0.000000E+0	-113.355000E+0	54.545000E+0	0.000000E+0	NaN
	08/11/2022 10:58:13	-34.237000E-3	7.420000E-9	2.080000E-9	4.996000E-9	2.031000E-6	1.388900E-3	0.000000E+0	-113.580000E+0	54.321000E+0	0.000000E+0	NaN
	08/11/2022 10:58:22	-34.288000E-3	7.390000E-9	2.080000E-9	4.996000E-9	2.031000E-6	1.411400E-3	0.000000E+0	-113.243000E+0	54.545000E+0	0.000000E+0	NaN
	08/11/2022 10:58:31	-38.034000E-3	7.370000E-9	2.080000E-9	4.996000E-9	2.031000E-6	1.411400E-3	0.000000E+0	-113.243000E+0	54.657000E+0	0.000000E+0	NaN
	08/11/2022 10:58:41	-34.040000E-3	7.380000E-9	2.070000E-9	4.996000E-9	2.033000E-6	1.412100E-3	0.000000E+0	-113.355000E+0	54.433000E+0	0.000000E+0	NaN
	08/11/2022 10:58:50	-33.325000E-3	7.350000E-9	2.070000E-9	4.996000E-9	2.031000E-6	1.391400E-3	0.000000E+0	-113.355000E+0	54.657000E+0	0.000000E+0	NaN
	08/11/2022 10:58:59	-37.986000E-3	7.370000E-9	2.080000E-9	4.996000E-9	2.033000E-6	1.416300E-3	0.000000E+0	-113.355000E+0	54.545000E+0	0.000000E+0	NaN
	08/11/2022 10:59:08	-34.139000E-3	7.360000E-9	2.080000E-9	4.996000E-9	2.033000E-6	1.375900E-3	0.000000E+0	-113.243000E+0	54.321000E+0	0.000000E+0	NaN
	08/11/2022 10:59:17	-33.450000E-3	7.310000E-9	2.070000E-9	4.996000E-9	2.033000E-6	1.379600E-3	0.000000E+0	-113.355000E+0	54.657000E+0	0.000000E+0	NaN
	08/11/2022 10:59:26	-37.196000E-3	7.320000E-9	2.060000E-9	4.996000E-9	2.035000E-6	1.409600E-3	0.000000E+0	-113.355000E+0	54.545000E+0	0.000000E+0	NaN
	08/11/2022 10:59:36	-34.213000E-3	7.330000E-9	2.060000E-9	4.996000E-9	2.033000E-6	1.407400E-3	0.000000E+0	-113.355000E+0	54.545000E+0	0.000000E+0	NaN
	08/11/2022 10:59:45	-30.369000E-3	7.300000E-9	2.070000E-9	4.996000E-9	2.035000E-6	1.418100E-3	0.000000E+0	-113.467000E+0	54.545000E+0	0.000000E+0	NaN
	08/11/2022 10:59:54	-34.362000E-3	7.300000E-9	2.060000E-9	4.996000E-9	2.035000E-6	1.380300E-3	0.000000E+0	-113.355000E+0	54.545000E+0	0.000000E+0	NaN
	08/11/2022 11:00:03	-33.891000E-3	7.310000E-9	2.060000E-9	4.996000E-9	2.035000E-6	1.405700E-3	0.000000E+0	-113.355000E+0	54.545000E+0	0.000000E+0	NaN
	08/11/2022 11:00:12	-34.016000E-3	7.260000E-9	2.050000E-9	4.996000E-9	2.038000E-6	1.413600E-3	0.000000E+0	-113.467000E+0	54.433000E+0	0.000000E+0	NaN
	08/11/2022 11:00:22	-34.878000E-3	7.270000E-9	2.050000E-9	4.996000E-9	2.045000E-6	1.413900E-3	0.000000E+0	-113.243000E+0	54.321000E+0	0.000000E+0	NaN
	08/11/2022 11:00:31	-37.247000E-3	7.270000E-9	2.050000E-9	4.996000E-9	2.043000E-6	1.413600E-3	0.000000E+0	-113.467000E+0	54.545000E+0	0.000000E+0	NaN
	08/11/2022 11:00:40	-34.288000E-3	7.210000E-9	2.050000E-9	4.996000E-9	2.043000E-6	1.413400E-3	0.000000E+0	-113.243000E+0	54.657000E+0	0.000000E+0	NaN
	08/11/2022 11:00:49	-34.264000E-3	7.230000E-9	2.060000E-9	4.996000E-9	2.040000E-6	1.410700E-3	0.000000E+0	-113.243000E+0	54.545000E+0	0.000000E+0	NaN
	08/11/2022 11:00:58	-34.952000E-3	7.260000E-9	2.050000E-9	4.996000E-9	2.040000E-6	1.409400E-3	0.000000E+0	-113.355000E+0	54.433000E+0	0.000000E+0	NaN
	08/11/2022 11:01:07	-34.410000E-3	7.210000E-9	2.050000E-9	4.996000E-9	2.040000E-6	1.388000E-3	0.000000E+0	-113.243000E+0	54.545000E+0	0.000000E+0	NaN
	08/11/2022 11:01:17	-34.362000E-3	7.230000E-9	2.040000E-9	4.996000E-9	2.040000E-6	1.411400E-3	0.000000E+0	-113.131000E+0	54.657000E+0	0.000000E+0	NaN
	08/11/2022 11:01:26	-34.016000E-3	7.200000E-9	2.030000E-9	4.996000E-9	2.040000E-6	1.401500E-3	0.000000E+0	-113.243000E+0	54.545000E+0	0.000000E+0	NaN
	08/11/2022 11:01:35	-33.081000E-3	7.210000E-9	2.030000E-9	4.996000E-9	2.043000E-6	1.382500E-3	0.000000E+0	-113.355000E+0	54.545000E+0	0.000000E+0	NaN
	08/11/2022 11:01:44	-38.281000E-3	7.150000E-9	2.030000E-9	4.996000E-9	2.040000E-6	1.400500E-3	0.000000E+0	-113.243000E+0	54.433000E+0	0.000000E+0	NaN
	08/11/2022 11:01:53	-34.237000E-3	7.190000E-9	2.030000E-9	4.996000E-9	2.045000E-6	1.397100E-3	0.000000E+0	-113.355000E+0	54.545000E+0	0.000000E+0	NaN
	08/11/2022 11:02:03	-34.976000E-3	7.180000E-9	2.030000E-9	4.996000E-9	2.045000E-6	1.411400E-3	0.000000E+0	-113.243000E+0	54.657000E+0	0.000000E+0	NaN
	08/11/2022 11:02:12	-34.732000E-3	7.130000E-9	2.030000E-9	4.996000E-9	2.045000E-6	1.396800E-3	0.000000E+0	-113.580000E+0	54.545000E+0	0.000000E+0	NaN
	08/11/2022 11:02:21	-34.779000E-3	7.170000E-9	2.040000E-9	4.996000E-9	2.045000E-6	1.409400E-3	0.000000E+0	-113.467000E+0	54.657000E+0	0.000000E+0	NaN
	08/11/2022 11:02:30	-34.335000E-3	7.140000E-9	2.040000E-9	4.996000E-9	2.045000E-6	1.410400E-3	0.000000E+0	-113.243000E+0	54.433000E+0	0.000000E+0	NaN
	08/11/2022 11:02:39	-34.162000E-3	7.170000E-9	2.030000E-9	4.996000E-9	2.045000E-6	1.390200E-3	0.000000E+0	-113.467000E+0	54.545000E+0	0.000000E+0	NaN
	08/11/2022 11:02:49	-35.790000E-3	7.100000E-9	2.020000E-9	4.996000E-9	2.045000E-6	1.409600E-3	0.000000E+0	-113.467000E+0	54.545000E+0	0.000000E+0	NaN
	08/11/2022 11:02:58	-30.515000E-3	7.130000E-9	2.020000E-9	4.996000E-9	2.048000E-6	1.420000E-3	0.000000E+0	-113.243000E+0	54.545000E+0	0.000000E+0	NaN
	08/11/2022 11:03:07	-34.410000E-3	7.190000E-9	2.040000E-9	4.996000E-9	2.048000E-6	1.391200E-3	0.000000E+0	-113.355000E+0	54.545000E+0	0.000000E+0	NaN
	08/11/2022 11:03:16	-38.454000E-3	7.490000E-9	2.130000E-9	4.996000E-9	2.048000E-6	1.405000E-3	0.000000E+0	-113.467000E+0	54.545000E+0	0.000000E+0	NaN
	08/11/2022 11:03:25	-30.786000E-3	15.400000E-9	4.180000E-9	4.996000E-9	2.048000E-6	1.370200E-3	0.000000E+0	-113.355000E+0	54.545000E+0	0.000000E+0	NaN
	08/11/2022 11:03:35	-34.139000E-3	18.500000E-9	4.770000E-9	4.996000E-9	2.072000E-6	1.409900E-3	0.000000E+0	-113.355000E+0	54.545000E+0	0.000000E+0	NaN
	08/11/2022 11:03:44	-34.091000E-3	17.300000E-9	4.430000E-9	4.996000E-9	2.070000E-6	1.402000E-3	0.000000E+0	-113.467000E+0	54.433000E+0	0.000000E+0	NaN
	08/11/2022 11:03:53	-35.051000E-3	19.200000E-9	4.820000E-9	4.996000E-9	2.065000E-6	1.375600E-3	0.000000E+0	-113.243000E+0	54.657000E+0	0.000000E+0	NaN
	08/11/2022 11:04:02	-34.755000E-3	46.300000E-9	21.000000E-9	4.996000E-9	2.058000E-6	1.389700E-3	0.000000E+0	-113.355000E+0	54.882000E+0	0.000000E+0	NaN
	08/11/2022 11:04:11	-34.213000E-3	23.800000E-9	5.730000E-9	4.996000E-9	2.058000E-6	1.380300E-3	0.000000E+0	-113.355000E+0	54.545000E+0	0.000000E+0	NaN
	08/11/2022 11:04:20	-34.410000E-3	20.100000E-9	4.990000E-9	4.996000E-9	2.058000E-6	1.394600E-3	0.000000E+0	-113.243000E+0	54.545000E+0	0.000000E+0	NaN
	08/11/2022 11:04:30	-34.410000E-3	19.200000E-9	4.830000E-9	4.996000E-9	2.058000E-6	1.398800E-3	0.000000E+0	-113.355000E+0	54.545000E+0	0.000000E+0	NaN
	08/11/2022 11:04:39	-38.356000E-3	19.400000E-9	4.760000E-9	4.996000E-9	2.058000E-6	1.411600E-3	0.000000E+0	-113.243000E+0	54.545000E+0	0.000000E+0	NaN
	08/11/2022 11:04:48	-34.460000E-3	16.900000E-9	4.280000E-9	4.996000E-9	2.058000E-6	1.413600E-3	0.000000E+0	-113.467000E+0	54.657000E+0	0.000000E+0	NaN
	08/11/2022 11:04:57	-34.779000E-3	19.100000E-9	4.790000E-9	4.996000E-9	2.058000E-6	1.406500E-3	0.000000E+0	-113.355000E+0	54.433000E+0	0.000000E+0	NaN
	08/11/2022 11:05:06	-38.159000E-3	17.600000E-9	4.450000E-9	4.996000E-9	2.055000E-6	1.408000E-3	0.000000E+0	-113.355000E+0	54.545000E+0	0.000000E+0	NaN
	08/11/2022 11:05:16	-34.434000E-3	17.900000E-9	4.530000E-9	4.996000E-9	2.058000E-6	1.378800E-3	0.000000E+0	-113.467000E+0	54.770000E+0	0.000000E+0	NaN
	08/11/2022 11:05:25	-33.844000E-3	17.900000E-9	4.520000E-9	4.996000E-9	2.058000E-6	1.416800E-3	0.000000E+0	-113.355000E+0	54.545000E+0	0.000000E+0	NaN
	08/11/2022 11:05:34	-33.993000E-3	19.800000E-9	5.000000E-9	4.996000E-9	2.058000E-6	1.411900E-3	0.000000E+0	-113.467000E+0	54.433000E+0	0.000000E+0	NaN
	08/11/2022 11:05:43	-34.311000E-3	21.400000E-9	5.300000E-9	4.996000E-9	2.058000E-6	1.411600E-3	0.000000E+0	-113.243000E+0	54.545000E+0	0.000000E+0	NaN
	08/11/2022 11:05:52	-30.762000E-3	20.400000E-9	5.070000E-9	4.996000E-9	2.058000E-6	1.384300E-3	0.000000E+0	-113.355000E+0	54.433000E+0	0.000000E+0	NaN
	08/11/2022 11:06:02	-32.660000E-3	20.600000E-9	5.270000E-9	4.996000E-9	2.058000E-6	1.407700E-3	0.000000E+0	-113.467000E+0	54.657000E+0	0.000000E+0	NaN
	08/11/2022 11:06:11	-30.711000E-3	18.400000E-9	4.660000E-9	4.996000E-9	2.060000E-6	1.379100E-3	0.000000E+0	-113.355000E+0	54.657000E+0	0.000000E+0	NaN
	08/11/2022 11:06:20	-30.664000E-3	19.000000E-9	4.850000E-9	4.996000E-9	2.058000E-6	1.417500E-3	0.000000E+0	-113.355000E+0	54.657000E+0	0.000000E+0	NaN
	08/11/2022 11:06:29	-30.515000E-3	19.200000E-9	4.840000E-9	4.996000E-9	2.058000E-6	1.371000E-3	0.000000E+0	-113.355000E+0	54.545000E+0	0.000000E+0	NaN
	08/11/2022 11:06:38	-30.786000E-3	18.400000E-9	4.630000E-9	4.996000E-9	2.060000E-6	1.389700E-3	0.000000E+0	-113.580000E+0	54.545000E+0	0.000000E+0	NaN
	08/11/2022 11:06:47	-30.267000E-3	18.400000E-9	4.650000E-9	4.996000E-9	2.058000E-6	1.409600E-3	0.000000E+0	-113.243000E+0	54.545000E+0	0.000000E+0	NaN
	08/11/2022 11:06:57	-29.948000E-3	17.900000E-9	4.510000E-9	4.996000E-9	2.062000E-6	1.395900E-3	0.000000E+0	-113.131000E+0	54.433000E+0	0.000000E+0	NaN
	08/11/2022 11:07:06	-30.047000E-3	18.400000E-9	4.610000E-9	4.996000E-9	2.062000E-6	1.410700E-3	0.000000E+0	-113.131000E+0	54.433000E+0	0.000000E+0	NaN
	08/11/2022 11:07:15	-28.026000E-3	17.900000E-9	4.470000E-9	4.996000E-9	2.065000E-6	1.411900E-3	0.000000E+0	-113.243000E+0	54.545000E+0	0.000000E+0	NaN
	08/11/2022 11:07:24	-34.335000E-3	17.300000E-9	4.360000E-9	4.996000E-9	2.065000E-6	1.415300E-3	0.000000E+0	-113.243000E+0	54.545000E+0	0.000000E+0	NaN
	08/11/2022 11:07:33	-30.416000E-3	17.400000E-9	4.380000E-9	4.996000E-9	2.067000E-6	1.407200E-3	0.000000E+0	-113.355000E+0	54.545000E+0	0.000000E+0	NaN
	08/11/2022 11:07:43	-29.972000E-3	16.900000E-9	4.210000E-9	4.996000E-9	2.067000E-6	1.396100E-3	0.000000E+0	-113.355000E+0	54.321000E+0	0.000000E+0	NaN
	08/11/2022 11:07:52	-30.220000E-3	15.900000E-9	4.020000E-9	4.996000E-9	2.067000E-6	1.390200E-3	0.000000E+0	-113.467000E+0	54.545000E+0	0.000000E+0	NaN
	08/11/2022 11:08:01	-30.538000E-3	16.500000E-9	4.200000E-9	4.996000E-9	2.067000E-6	1.414800E-3	0.000000E+0	-113.355000E+0	54.545000E+0	0.000000E+0	NaN
	08/11/2022 11:08:10	-26.718000E-3	18.000000E-9	4.560000E-9	4.996000E-9	2.067000E-6	1.372700E-3	0.000000E+0	-113.243000E+0	54.657000E+0	0.000000E+0	NaN
	08/11/2022 11:08:19	-29.948000E-3	17.700000E-9	4.430000E-9	4.996000E-9	2.067000E-6	1.399300E-3	0.000000E+0	-113.243000E+0	54.657000E+0	0.000000E+0	NaN
	08/11/2022 11:08:29	-30.440000E-3	17.600000E-9	4.360000E-9	4.996000E-9	2.067000E-6	1.373700E-3	0.000000E+0	-113.467000E+0	54.545000E+0	0.000000E+0	NaN
	08/11/2022 11:08:38	-27.484000E-3	17.500000E-9	4.420000E-9	4.996000E-9	2.067000E-6	1.413400E-3	0.000000E+0	-113.467000E+0	54.433000E+0	0.000000E+0	NaN
	08/11/2022 11:08:47	-30.294000E-3	17.300000E-9	4.370000E-9	4.996000E-9	2.070000E-6	1.394400E-3	0.000000E+0	-113.243000E+0	54.545000E+0	0.000000E+0	NaN
	08/11/2022 11:08:56	-30.664000E-3	18.300000E-9	4.620000E-9	4.996000E-9	2.070000E-6	1.409600E-3	0.000000E+0	-113.243000E+0	54.545000E+0	0.000000E+0	NaN
	08/11/2022 11:09:05	-29.111000E-3	18.000000E-9	4.480000E-9	4.996000E-9	2.070000E-6	1.409600E-3	0.000000E+0	-113.355000E+0	54.433000E+0	0.000000E+0	NaN
	08/11/2022 11:09:15	-30.738000E-3	17.000000E-9	4.260000E-9	4.996000E-9	2.070000E-6	1.384800E-3	0.000000E+0	-113.355000E+0	54.433000E+0	0.000000E+0	NaN
	08/11/2022 11:09:24	-30.121000E-3	17.700000E-9	4.450000E-9	4.996000E-9	2.070000E-6	1.410400E-3	0.000000E+0	-113.355000E+0	54.545000E+0	0.000000E+0	NaN
	08/11/2022 11:09:33	-30.169000E-3	19.000000E-9	4.770000E-9	4.996000E-9	2.070000E-6	1.382800E-3	0.000000E+0	-113.355000E+0	54.545000E+0	0.000000E+0	NaN
	08/11/2022 11:09:42	-30.515000E-3	17.700000E-9	4.440000E-9	4.996000E-9	2.070000E-6	1.387500E-3	0.000000E+0	-113.467000E+0	54.657000E+0	0.000000E+0	NaN
	08/11/2022 11:09:51	-30.613000E-3	17.400000E-9	4.360000E-9	4.996000E-9	2.070000E-6	1.387200E-3	0.000000E+0	-113.580000E+0	54.433000E+0	0.000000E+0	NaN
	08/11/2022 11:10:00	-30.318000E-3	16.900000E-9	4.230000E-9	4.996000E-9	2.070000E-6	1.412400E-3	0.000000E+0	-113.355000E+0	54.545000E+0	0.000000E+0	NaN
	08/11/2022 11:10:10	-30.440000E-3	17.100000E-9	4.310000E-9	4.996000E-9	2.072000E-6	1.413600E-3	0.000000E+0	-113.467000E+0	54.545000E+0	0.000000E+0	NaN
	08/11/2022 11:10:19	-30.467000E-3	17.100000E-9	4.290000E-9	4.996000E-9	2.072000E-6	1.411400E-3	0.000000E+0	-113.355000E+0	54.545000E+0	0.000000E+0	NaN
	08/11/2022 11:10:28	-33.942000E-3	17.000000E-9	4.270000E-9	4.996000E-9	2.072000E-6	1.392200E-3	0.000000E+0	-113.467000E+0	54.770000E+0	0.000000E+0	NaN
	08/11/2022 11:10:37	-26.250000E-3	16.400000E-9	4.120000E-9	4.996000E-9	2.072000E-6	1.373400E-3	0.000000E+0	-113.355000E+0	54.545000E+0	0.000000E+0	NaN
	08/11/2022 11:10:46	-30.145000E-3	16.900000E-9	4.270000E-9	4.996000E-9	2.072000E-6	1.388200E-3	0.000000E+0	-113.355000E+0	54.545000E+0	0.000000E+0	NaN
	08/11/2022 11:10:56	-29.555000E-3	16.700000E-9	4.200000E-9	4.996000E-9	2.072000E-6	1.409900E-3	0.000000E+0	-113.355000E+0	54.545000E+0	0.000000E+0	NaN
	08/11/2022 11:11:05	-30.392000E-3	16.700000E-9	4.230000E-9	4.996000E-9	2.072000E-6	1.384000E-3	0.000000E+0	-113.243000E+0	54.545000E+0	0.000000E+0	NaN
	08/11/2022 11:11:14	-30.762000E-3	17.200000E-9	4.320000E-9	4.996000E-9	2.072000E-6	1.408900E-3	0.000000E+0	-113.467000E+0	54.545000E+0	0.000000E+0	NaN
	08/11/2022 11:11:23	-28.345000E-3	16.500000E-9	4.160000E-9	4.996000E-9	2.072000E-6	1.405500E-3	0.000000E+0	-113.467000E+0	54.657000E+0	0.000000E+0	NaN
	08/11/2022 11:11:32	-30.369000E-3	16.400000E-9	4.130000E-9	4.996000E-9	2.072000E-6	1.387000E-3	0.000000E+0	-113.467000E+0	54.657000E+0	0.000000E+0	NaN
	08/11/2022 11:11:42	-30.440000E-3	16.200000E-9	4.070000E-9	4.996000E-9	2.072000E-6	1.409600E-3	0.000000E+0	-113.467000E+0	54.433000E+0	0.000000E+0	NaN
	08/11/2022 11:11:51	-26.226000E-3	16.300000E-9	4.110000E-9	4.996000E-9	2.072000E-6	1.402300E-3	0.000000E+0	-113.467000E+0	54.545000E+0	0.000000E+0	NaN
	08/11/2022 11:12:00	-31.352000E-3	16.300000E-9	4.100000E-9	4.996000E-9	2.072000E-6	1.379600E-3	0.000000E+0	-113.355000E+0	54.545000E+0	0.000000E+0	NaN
	08/11/2022 11:12:09	-30.243000E-3	15.800000E-9	4.000000E-9	4.996000E-9	2.072000E-6	1.392900E-3	0.000000E+0	-113.355000E+0	54.657000E+0	0.000000E+0	NaN
	08/11/2022 11:12:18	-30.243000E-3	16.700000E-9	4.210000E-9	4.996000E-9	2.072000E-6	1.377100E-3	0.000000E+0	-113.243000E+0	54.657000E+0	0.000000E+0	NaN
	08/11/2022 11:12:27	-31.230000E-3	16.500000E-9	4.140000E-9	4.996000E-9	2.072000E-6	1.380300E-3	0.000000E+0	-113.131000E+0	54.321000E+0	0.000000E+0	NaN
	08/11/2022 11:12:37	-30.640000E-3	17.300000E-9	4.330000E-9	4.996000E-9	2.072000E-6	1.389700E-3	0.000000E+0	-113.467000E+0	54.433000E+0	0.000000E+0	NaN
	08/11/2022 11:12:46	-34.237000E-3	17.500000E-9	4.330000E-9	4.996000E-9	2.072000E-6	1.399800E-3	0.000000E+0	-113.355000E+0	54.545000E+0	0.000000E+0	NaN
	08/11/2022 11:12:55	-30.640000E-3	16.700000E-9	4.250000E-9	4.996000E-9	2.075000E-6	1.370500E-3	0.000000E+0	-113.467000E+0	54.545000E+0	0.000000E+0	NaN
	08/11/2022 11:13:04	-29.996000E-3	16.000000E-9	4.020000E-9	4.996000E-9	2.072000E-6	1.394600E-3	0.000000E+0	-113.355000E+0	54.545000E+0	0.000000E+0	NaN
	08/11/2022 11:13:13	-34.535000E-3	16.000000E-9	4.030000E-9	4.996000E-9	2.075000E-6	1.408000E-3	0.000000E+0	-113.355000E+0	54.433000E+0	0.000000E+0	NaN
	08/11/2022 11:13:23	-30.810000E-3	16.000000E-9	4.030000E-9	4.996000E-9	2.072000E-6	1.408700E-3	0.000000E+0	-113.355000E+0	54.657000E+0	0.000000E+0	NaN
	08/11/2022 11:13:32	-30.491000E-3	16.200000E-9	4.100000E-9	4.996000E-9	2.075000E-6	1.389700E-3	0.000000E+0	-113.355000E+0	54.433000E+0	0.000000E+0	NaN
	08/11/2022 11:13:41	-30.294000E-3	16.300000E-9	4.100000E-9	4.996000E-9	2.072000E-6	1.403500E-3	0.000000E+0	-113.243000E+0	54.433000E+0	0.000000E+0	NaN
	08/11/2022 11:13:50	-29.430000E-3	16.500000E-9	4.170000E-9	4.996000E-9	2.075000E-6	1.407700E-3	0.000000E+0	-113.355000E+0	54.433000E+0	0.000000E+0	NaN
	08/11/2022 11:13:59	-29.972000E-3	16.900000E-9	4.300000E-9	4.996000E-9	2.072000E-6	1.420800E-3	0.000000E+0	-113.243000E+0	54.433000E+0	0.000000E+0	NaN
	08/11/2022 11:14:09	-30.664000E-3	17.400000E-9	4.400000E-9	4.996000E-9	2.072000E-6	1.454500E-3	0.000000E+0	-113.355000E+0	54.433000E+0	0.000000E+0	NaN
	08/11/2022 11:14:18	-26.694000E-3	17.900000E-9	4.480000E-9	4.996000E-9	2.072000E-6	1.454500E-3	0.000000E+0	-113.355000E+0	54.545000E+0	0.000000E+0	NaN
	08/11/2022 11:14:27	-30.369000E-3	18.100000E-9	4.490000E-9	4.996000E-9	2.075000E-6	1.423500E-3	0.000000E+0	-113.355000E+0	54.545000E+0	0.000000E+0	NaN
	08/11/2022 11:14:36	-30.071000E-3	16.900000E-9	4.210000E-9	4.996000E-9	2.072000E-6	1.408400E-3	0.000000E+0	-113.355000E+0	54.545000E+0	0.000000E+0	NaN
	08/11/2022 11:14:45	-30.220000E-3	16.200000E-9	4.070000E-9	4.996000E-9	2.075000E-6	1.401000E-3	0.000000E+0	-113.467000E+0	54.545000E+0	0.000000E+0	NaN
	08/11/2022 11:14:54	-29.972000E-3	17.300000E-9	4.340000E-9	4.996000E-9	2.075000E-6	1.392700E-3	0.000000E+0	-113.243000E+0	54.657000E+0	0.000000E+0	NaN
	08/11/2022 11:15:04	-30.565000E-3	16.700000E-9	4.170000E-9	4.996000E-9	2.075000E-6	1.405200E-3	0.000000E+0	-113.355000E+0	54.657000E+0	0.000000E+0	NaN
	08/11/2022 11:15:13	-30.220000E-3	16.400000E-9	4.130000E-9	4.996000E-9	2.075000E-6	1.375600E-3	0.000000E+0	-113.355000E+0	54.657000E+0	0.000000E+0	NaN
	08/11/2022 11:15:22	-30.762000E-3	16.700000E-9	4.200000E-9	4.996000E-9	2.075000E-6	1.397600E-3	0.000000E+0	-113.355000E+0	54.433000E+0	0.000000E+0	NaN
	08/11/2022 11:15:31	-30.047000E-3	16.700000E-9	4.170000E-9	4.996000E-9	2.075000E-6	1.409900E-3	0.000000E+0	-113.355000E+0	54.433000E+0	0.000000E+0	NaN
	08/11/2022 11:15:40	-29.850000E-3	16.700000E-9	4.200000E-9	4.996000E-9	2.075000E-6	1.395600E-3	0.000000E+0	-113.580000E+0	54.545000E+0	0.000000E+0	NaN
	08/11/2022 11:15:50	-30.121000E-3	16.600000E-9	4.160000E-9	4.996000E-9	2.075000E-6	1.398800E-3	0.000000E+0	-113.355000E+0	54.545000E+0	0.000000E+0	NaN
	08/11/2022 11:15:59	-31.081000E-3	16.300000E-9	4.110000E-9	4.996000E-9	2.090000E-6	1.376900E-3	0.000000E+0	-113.243000E+0	54.545000E+0	0.000000E+0	NaN
	08/11/2022 11:16:08	-29.799000E-3	16.700000E-9	4.180000E-9	4.996000E-9	2.090000E-6	1.395900E-3	0.000000E+0	-113.467000E+0	54.433000E+0	0.000000E+0	NaN
	08/11/2022 11:16:17	-30.538000E-3	16.600000E-9	4.170000E-9	4.996000E-9	2.092000E-6	1.374200E-3	0.000000E+0	-113.243000E+0	54.770000E+0	0.000000E+0	NaN
	08/11/2022 11:16:26	-30.467000E-3	16.300000E-9	4.100000E-9	4.996000E-9	2.087000E-6	1.374400E-3	0.000000E+0	-113.467000E+0	54.545000E+0	0.000000E+0	NaN
	08/11/2022 11:16:36	-29.701000E-3	16.300000E-9	4.100000E-9	4.996000E-9	2.090000E-6	1.380800E-3	0.000000E+0	-113.467000E+0	54.545000E+0	0.000000E+0	NaN
	08/11/2022 11:16:45	-30.047000E-3	17.000000E-9	4.270000E-9	4.996000E-9	2.092000E-6	1.394900E-3	0.000000E+0	-113.355000E+0	54.657000E+0	0.000000E+0	NaN
	08/11/2022 11:16:54	-29.874000E-3	17.000000E-9	4.250000E-9	4.996000E-9	2.092000E-6	1.414400E-3	0.000000E+0	-113.355000E+0	54.545000E+0	0.000000E+0	NaN
	08/11/2022 11:17:03	-30.342000E-3	16.700000E-9	4.170000E-9	4.996000E-9	2.092000E-6	1.411900E-3	0.000000E+0	-113.131000E+0	54.545000E+0	0.000000E+0	NaN
	08/11/2022 11:17:12	-27.657000E-3	16.500000E-9	4.140000E-9	4.996000E-9	2.092000E-6	1.410200E-3	0.000000E+0	-113.355000E+0	54.545000E+0	0.000000E+0	NaN
	08/11/2022 11:17:21	-33.054000E-3	16.700000E-9	4.180000E-9	4.996000E-9	2.092000E-6	1.393400E-3	0.000000E+0	-113.355000E+0	54.657000E+0	0.000000E+0	NaN
	08/11/2022 11:17:31	-29.996000E-3	16.800000E-9	4.210000E-9	4.996000E-9	2.092000E-6	1.397800E-3	0.000000E+0	-113.243000E+0	54.545000E+0	0.000000E+0	NaN
	08/11/2022 11:17:40	-25.731000E-3	16.700000E-9	4.170000E-9	4.996000E-9	2.092000E-6	1.380800E-3	0.000000E+0	-113.467000E+0	54.545000E+0	0.000000E+0	NaN
	08/11/2022 11:17:49	-34.878000E-3	17.100000E-9	4.280000E-9	4.996000E-9	2.092000E-6	1.381500E-3	0.000000E+0	-113.355000E+0	54.657000E+0	0.000000E+0	NaN
	08/11/2022 11:17:58	-29.948000E-3	15.400000E-9	3.910000E-9	4.996000E-9	2.092000E-6	1.396100E-3	0.000000E+0	-113.580000E+0	54.545000E+0	0.000000E+0	NaN
	08/11/2022 11:18:07	-30.392000E-3	15.000000E-9	3.820000E-9	4.996000E-9	2.092000E-6	1.412100E-3	0.000000E+0	-113.243000E+0	54.770000E+0	0.000000E+0	NaN
	08/11/2022 11:18:17	-30.369000E-3	14.900000E-9	3.790000E-9	4.996000E-9	2.092000E-6	1.413600E-3	0.000000E+0	-113.355000E+0	54.545000E+0	0.000000E+0	NaN
	08/11/2022 11:18:26	-30.565000E-3	14.800000E-9	3.780000E-9	4.996000E-9	2.092000E-6	1.372400E-3	0.000000E+0	-113.355000E+0	54.657000E+0	0.000000E+0	NaN
	08/11/2022 11:18:35	-26.399000E-3	14.800000E-9	3.770000E-9	4.996000E-9	2.092000E-6	1.397800E-3	0.000000E+0	-113.243000E+0	54.545000E+0	0.000000E+0	NaN
	08/11/2022 11:18:44	-31.796000E-3	14.700000E-9	3.760000E-9	4.996000E-9	2.092000E-6	1.384500E-3	0.000000E+0	-113.467000E+0	54.657000E+0	0.000000E+0	NaN
	08/11/2022 11:18:53	-30.071000E-3	14.700000E-9	3.750000E-9	4.996000E-9	2.092000E-6	1.408700E-3	0.000000E+0	-113.467000E+0	54.545000E+0	0.000000E+0	NaN
	08/11/2022 11:19:03	-30.392000E-3	14.600000E-9	3.740000E-9	4.996000E-9	2.092000E-6	1.408200E-3	0.000000E+0	-113.243000E+0	54.545000E+0	0.000000E+0	NaN
	08/11/2022 11:19:12	-30.640000E-3	14.500000E-9	3.700000E-9	4.996000E-9	2.092000E-6	1.388000E-3	0.000000E+0	-113.355000E+0	54.545000E+0	0.000000E+0	NaN
	08/11/2022 11:19:21	-30.664000E-3	14.500000E-9	3.710000E-9	4.996000E-9	2.092000E-6	1.414100E-3	0.000000E+0	-113.355000E+0	54.657000E+0	0.000000E+0	NaN
	08/11/2022 11:19:30	-28.518000E-3	14.500000E-9	3.720000E-9	4.996000E-9	2.092000E-6	1.406900E-3	0.000000E+0	-113.243000E+0	54.545000E+0	0.000000E+0	NaN
	08/11/2022 11:19:39	-30.711000E-3	14.500000E-9	3.700000E-9	4.996000E-9	2.092000E-6	1.409200E-3	0.000000E+0	-113.243000E+0	54.433000E+0	0.000000E+0	NaN
	08/11/2022 11:19:49	-30.810000E-3	14.400000E-9	3.690000E-9	4.996000E-9	2.095000E-6	1.406700E-3	0.000000E+0	-113.355000E+0	54.545000E+0	0.000000E+0	NaN
	08/11/2022 11:19:58	-30.589000E-3	14.300000E-9	3.660000E-9	4.996000E-9	2.092000E-6	1.381800E-3	0.000000E+0	-113.467000E+0	54.545000E+0	0.000000E+0	NaN
	08/11/2022 11:20:07	-31.477000E-3	14.400000E-9	3.690000E-9	4.996000E-9	2.095000E-6	1.411900E-3	0.000000E+0	-113.467000E+0	54.545000E+0	0.000000E+0	NaN
	08/11/2022 11:20:16	-34.732000E-3	14.400000E-9	3.710000E-9	4.996000E-9	2.092000E-6	1.383800E-3	0.000000E+0	-113.355000E+0	54.545000E+0	0.000000E+0	NaN
	08/11/2022 11:20:25	-30.342000E-3	14.500000E-9	3.730000E-9	4.996000E-9	2.095000E-6	1.393400E-3	0.000000E+0	-113.355000E+0	54.433000E+0	0.000000E+0	NaN
	08/11/2022 11:20:35	-30.687000E-3	14.300000E-9	3.680000E-9	4.996000E-9	2.092000E-6	1.388700E-3	0.000000E+0	-113.355000E+0	54.657000E+0	0.000000E+0	NaN
	08/11/2022 11:20:44	-34.115000E-3	14.700000E-9	3.780000E-9	4.996000E-9	2.095000E-6	1.391400E-3	0.000000E+0	-113.467000E+0	54.545000E+0	0.000000E+0	NaN
	08/11/2022 11:20:53	-30.640000E-3	14.600000E-9	3.730000E-9	4.996000E-9	2.095000E-6	1.370000E-3	0.000000E+0	-113.243000E+0	54.657000E+0	0.000000E+0	NaN
	08/11/2022 11:21:02	-26.128000E-3	14.300000E-9	3.660000E-9	4.996000E-9	2.095000E-6	1.411900E-3	0.000000E+0	-113.355000E+0	54.545000E+0	0.000000E+0	NaN
	08/11/2022 11:21:11	-30.440000E-3	14.100000E-9	3.620000E-9	4.996000E-9	2.095000E-6	1.411100E-3	0.000000E+0	-113.467000E+0	54.657000E+0	0.000000E+0	NaN
	08/11/2022 11:21:20	-30.145000E-3	14.200000E-9	3.630000E-9	4.996000E-9	2.095000E-6	1.405000E-3	0.000000E+0	-113.467000E+0	54.657000E+0	0.000000E+0	NaN
	08/11/2022 11:21:30	-30.810000E-3	14.300000E-9	3.650000E-9	4.996000E-9	2.095000E-6	1.415300E-3	0.000000E+0	-113.355000E+0	54.657000E+0	0.000000E+0	NaN
	08/11/2022 11:21:39	-31.748000E-3	14.300000E-9	3.660000E-9	4.996000E-9	2.095000E-6	1.401300E-3	0.000000E+0	-113.467000E+0	54.657000E+0	0.000000E+0	NaN
	08/11/2022 11:21:48	-30.467000E-3	14.200000E-9	3.650000E-9	4.996000E-9	2.095000E-6	1.376600E-3	0.000000E+0	-113.467000E+0	54.657000E+0	0.000000E+0	NaN
	08/11/2022 11:21:57	-28.986000E-3	14.200000E-9	3.650000E-9	4.996000E-9	2.095000E-6	1.396400E-3	0.000000E+0	-113.355000E+0	54.545000E+0	0.000000E+0	NaN
	08/11/2022 11:22:06	-30.687000E-3	14.100000E-9	3.630000E-9	4.996000E-9	2.095000E-6	1.405200E-3	0.000000E+0	-113.355000E+0	54.657000E+0	0.000000E+0	NaN
	08/11/2022 11:22:16	-30.416000E-3	14.100000E-9	3.620000E-9	4.996000E-9	2.095000E-6	1.403500E-3	0.000000E+0	-113.131000E+0	54.545000E+0	0.000000E+0	NaN
	08/11/2022 11:22:25	-25.880000E-3	14.300000E-9	3.660000E-9	4.996000E-9	2.095000E-6	1.411600E-3	0.000000E+0	-113.355000E+0	54.657000E+0	0.000000E+0	NaN
	08/11/2022 11:22:34	-30.467000E-3	14.300000E-9	3.660000E-9	4.996000E-9	2.095000E-6	1.408000E-3	0.000000E+0	-113.243000E+0	54.545000E+0	0.000000E+0	NaN
	08/11/2022 11:22:43	-31.081000E-3	14.300000E-9	3.670000E-9	4.996000E-9	2.095000E-6	1.399800E-3	0.000000E+0	-113.355000E+0	54.545000E+0	0.000000E+0	NaN
	08/11/2022 11:22:52	-26.423000E-3	14.200000E-9	3.630000E-9	4.996000E-9	2.095000E-6	1.370700E-3	0.000000E+0	-113.355000E+0	54.545000E+0	0.000000E+0	NaN
	08/11/2022 11:23:02	-30.911000E-3	14.200000E-9	3.650000E-9	4.996000E-9	2.097000E-6	1.409200E-3	0.000000E+0	-113.355000E+0	54.545000E+0	0.000000E+0	NaN
	08/11/2022 11:23:11	-34.928000E-3	14.200000E-9	3.640000E-9	4.996000E-9	2.097000E-6	1.405000E-3	0.000000E+0	-113.355000E+0	54.545000E+0	0.000000E+0	NaN
	08/11/2022 11:23:20	-30.640000E-3	14.100000E-9	3.630000E-9	4.996000E-9	2.097000E-6	1.388200E-3	0.000000E+0	-113.355000E+0	54.770000E+0	0.000000E+0	NaN
	08/11/2022 11:23:29	-26.816000E-3	14.000000E-9	3.590000E-9	4.996000E-9	2.097000E-6	1.393100E-3	0.000000E+0	-113.243000E+0	54.657000E+0	0.000000E+0	NaN
	08/11/2022 11:23:38	-30.047000E-3	14.000000E-9	3.590000E-9	4.996000E-9	2.097000E-6	1.411900E-3	0.000000E+0	-113.355000E+0	54.545000E+0	0.000000E+0	NaN
	08/11/2022 11:23:48	-32.464000E-3	14.000000E-9	3.600000E-9	4.996000E-9	2.097000E-6	1.411600E-3	0.000000E+0	-113.131000E+0	54.657000E+0	0.000000E+0	NaN
	08/11/2022 11:23:57	-29.850000E-3	14.000000E-9	3.610000E-9	4.996000E-9	2.100000E-6	1.390700E-3	0.000000E+0	-113.467000E+0	54.545000E+0	0.000000E+0	NaN
	08/11/2022 11:24:06	-34.386000E-3	14.300000E-9	3.660000E-9	4.996000E-9	2.097000E-6	1.388200E-3	0.000000E+0	-113.243000E+0	54.433000E+0	0.000000E+0	NaN
	08/11/2022 11:24:15	-30.959000E-3	14.600000E-9	3.770000E-9	4.996000E-9	2.097000E-6	1.368500E-3	0.000000E+0	-113.355000E+0	54.545000E+0	0.000000E+0	NaN
	08/11/2022 11:24:24	-30.023000E-3	14.400000E-9	3.710000E-9	4.996000E-9	2.097000E-6	1.395100E-3	0.000000E+0	-113.355000E+0	54.657000E+0	0.000000E+0	NaN
	08/11/2022 11:24:34	-35.051000E-3	14.200000E-9	3.650000E-9	4.996000E-9	2.097000E-6	1.406200E-3	0.000000E+0	-113.355000E+0	54.657000E+0	0.000000E+0	NaN
	08/11/2022 11:24:43	-30.640000E-3	14.200000E-9	3.640000E-9	4.996000E-9	2.097000E-6	1.405200E-3	0.000000E+0	-113.243000E+0	54.657000E+0	0.000000E+0	NaN
	08/11/2022 11:24:52	-29.752000E-3	14.300000E-9	3.670000E-9	4.996000E-9	2.100000E-6	1.393100E-3	0.000000E+0	-113.243000E+0	54.545000E+0	0.000000E+0	NaN
	08/11/2022 11:25:01	-30.515000E-3	14.200000E-9	3.640000E-9	4.996000E-9	2.105000E-6	1.406000E-3	0.000000E+0	-113.355000E+0	54.545000E+0	0.000000E+0	NaN
	08/11/2022 11:25:10	-30.294000E-3	14.200000E-9	3.660000E-9	4.996000E-9	2.105000E-6	1.370200E-3	0.000000E+0	-113.467000E+0	54.545000E+0	0.000000E+0	NaN
	08/11/2022 11:25:19	-26.643000E-3	14.500000E-9	3.720000E-9	4.996000E-9	2.102000E-6	1.411400E-3	0.000000E+0	-113.355000E+0	54.657000E+0	0.000000E+0	NaN
	08/11/2022 11:25:29	-31.057000E-3	14.200000E-9	3.650000E-9	4.996000E-9	2.107000E-6	1.414100E-3	0.000000E+0	-113.580000E+0	54.433000E+0	0.000000E+0	NaN
	08/11/2022 11:25:38	-30.169000E-3	14.000000E-9	3.600000E-9	4.996000E-9	2.107000E-6	1.424700E-3	0.000000E+0	-113.131000E+0	54.545000E+0	0.000000E+0	NaN
	08/11/2022 11:25:47	-29.013000E-3	14.000000E-9	3.590000E-9	4.996000E-9	2.105000E-6	1.454500E-3	0.000000E+0	-113.243000E+0	54.657000E+0	0.000000E+0	NaN
	08/11/2022 11:25:56	-30.416000E-3	14.100000E-9	3.610000E-9	4.996000E-9	2.107000E-6	1.456500E-3	0.000000E+0	-113.355000E+0	54.545000E+0	0.000000E+0	NaN
	08/11/2022 11:26:05	-31.206000E-3	14.100000E-9	3.630000E-9	4.996000E-9	2.107000E-6	1.416100E-3	0.000000E+0	-113.243000E+0	54.433000E+0	0.000000E+0	NaN
	08/11/2022 11:26:15	-30.169000E-3	14.000000E-9	3.590000E-9	4.996000E-9	2.107000E-6	1.445200E-3	0.000000E+0	-113.243000E+0	54.545000E+0	0.000000E+0	NaN
	08/11/2022 11:26:24	-30.121000E-3	14.100000E-9	3.610000E-9	4.996000E-9	2.569000E-6	1.421000E-3	0.000000E+0	-113.243000E+0	54.433000E+0	0.000000E+0	NaN
	08/11/2022 11:26:33	-30.810000E-3	14.000000E-9	3.580000E-9	4.996000E-9	2.348000E-6	1.456300E-3	0.000000E+0	-113.355000E+0	54.545000E+0	0.000000E+0	NaN
	08/11/2022 11:26:42	-29.948000E-3	14.000000E-9	3.590000E-9	4.996000E-9	2.224000E-6	1.432600E-3	0.000000E+0	-113.355000E+0	54.657000E+0	0.000000E+0	NaN
