Live comments	Time	injection 100mbar	Barion_2	Barion_1	DUAL experiment	DUAL insulation	injection 1mbar	helium	T-platinum	T-CERNOX	I_emission	I_grid
	25/11/2022 10:02:34	-65.205000E-3	2.530000E-9	772.000000E-12	4.996000E-9	1.610000E-6	544.970000E-6	0.000000E+0	-112.345000E+0	55.219000E+0	NaN	NaN
	25/11/2022 10:02:41	-65.079000E-3	2.500000E-9	763.000000E-12	4.996000E-9	1.610000E-6	579.740000E-6	0.000000E+0	-112.345000E+0	54.882000E+0	NaN	NaN
	25/11/2022 10:02:48	-65.967000E-3	2.470000E-9	749.000000E-12	4.996000E-9	1.610000E-6	581.230000E-6	0.000000E+0	-112.121000E+0	54.994000E+0	NaN	NaN
	25/11/2022 10:02:56	-65.055000E-3	2.450000E-9	752.000000E-12	4.996000E-9	1.610000E-6	578.760000E-6	0.000000E+0	-112.121000E+0	55.106000E+0	NaN	NaN
	25/11/2022 10:03:03	-64.906000E-3	2.430000E-9	749.000000E-12	4.996000E-9	1.610000E-6	576.530000E-6	0.000000E+0	-112.345000E+0	55.219000E+0	NaN	NaN
	25/11/2022 10:03:10	-65.944000E-3	2.410000E-9	745.000000E-12	4.996000E-9	1.610000E-6	579.740000E-6	0.000000E+0	-112.233000E+0	55.106000E+0	NaN	NaN
	25/11/2022 10:03:17	-65.079000E-3	2.390000E-9	736.000000E-12	4.996000E-9	1.610000E-6	549.910000E-6	0.000000E+0	-112.008000E+0	54.994000E+0	NaN	NaN
	25/11/2022 10:03:24	-65.303000E-3	2.380000E-9	730.000000E-12	4.996000E-9	1.610000E-6	564.220000E-6	0.000000E+0	-112.233000E+0	54.994000E+0	NaN	NaN
	25/11/2022 10:03:32	-65.425000E-3	2.370000E-9	737.000000E-12	4.996000E-9	1.610000E-6	545.710000E-6	0.000000E+0	-112.233000E+0	55.106000E+0	NaN	NaN
	25/11/2022 10:03:39	-64.588000E-3	2.360000E-9	737.000000E-12	4.996000E-9	1.612000E-6	597.000000E-6	0.000000E+0	-112.345000E+0	55.106000E+0	NaN	NaN
	25/11/2022 10:03:46	-65.279000E-3	2.350000E-9	732.000000E-12	4.996000E-9	1.610000E-6	579.980000E-6	0.000000E+0	-112.121000E+0	54.994000E+0	NaN	NaN
	25/11/2022 10:03:53	-65.696000E-3	2.340000E-9	721.000000E-12	4.996000E-9	1.610000E-6	559.270000E-6	0.000000E+0	-112.233000E+0	54.994000E+0	NaN	NaN
	25/11/2022 10:04:00	-64.981000E-3	2.330000E-9	728.000000E-12	4.996000E-9	1.610000E-6	580.490000E-6	0.000000E+0	-112.233000E+0	54.882000E+0	NaN	NaN
	25/11/2022 10:04:07	-65.106000E-3	2.320000E-9	726.000000E-12	4.996000E-9	1.610000E-6	570.120000E-6	0.000000E+0	-112.233000E+0	55.106000E+0	NaN	NaN
	25/11/2022 10:04:15	-64.835000E-3	2.310000E-9	725.000000E-12	4.996000E-9	1.610000E-6	582.460000E-6	0.000000E+0	-112.233000E+0	55.106000E+0	NaN	NaN
	25/11/2022 10:04:22	-65.106000E-3	2.310000E-9	723.000000E-12	4.996000E-9	1.612000E-6	568.900000E-6	0.000000E+0	-112.121000E+0	55.106000E+0	NaN	NaN
	25/11/2022 10:04:29	-65.598000E-3	2.300000E-9	713.000000E-12	4.996000E-9	1.612000E-6	579.240000E-6	0.000000E+0	-112.121000E+0	55.106000E+0	NaN	NaN
	25/11/2022 10:04:36	-65.032000E-3	2.300000E-9	712.000000E-12	4.996000E-9	1.612000E-6	574.080000E-6	0.000000E+0	-112.233000E+0	55.106000E+0	NaN	NaN
	25/11/2022 10:04:43	-69.273000E-3	2.290000E-9	716.000000E-12	4.996000E-9	1.610000E-6	579.510000E-6	0.000000E+0	-112.121000E+0	54.882000E+0	NaN	NaN
	25/11/2022 10:04:51	-65.205000E-3	2.290000E-9	717.000000E-12	4.996000E-9	1.612000E-6	577.030000E-6	0.000000E+0	-112.121000E+0	54.994000E+0	NaN	NaN
	25/11/2022 10:04:58	-65.154000E-3	2.410000E-9	760.000000E-12	4.996000E-9	1.612000E-6	578.020000E-6	0.000000E+0	-112.121000E+0	54.994000E+0	NaN	NaN
	25/11/2022 10:05:05	-65.550000E-3	5.200000E-9	1.470000E-9	4.996000E-9	1.612000E-6	578.020000E-6	0.000000E+0	-112.345000E+0	54.882000E+0	NaN	NaN
	25/11/2022 10:05:12	-65.696000E-3	5.550000E-9	1.540000E-9	4.996000E-9	1.610000E-6	574.830000E-6	0.000000E+0	-112.345000E+0	55.106000E+0	NaN	NaN
	25/11/2022 10:05:19	-65.920000E-3	5.670000E-9	1.560000E-9	4.996000E-9	1.612000E-6	583.200000E-6	0.000000E+0	-112.345000E+0	54.994000E+0	NaN	NaN
	25/11/2022 10:05:27	-65.252000E-3	5.650000E-9	1.550000E-9	4.996000E-9	1.612000E-6	560.760000E-6	0.000000E+0	-112.233000E+0	54.994000E+0	NaN	NaN
	25/11/2022 10:05:34	-65.425000E-3	5.730000E-9	1.570000E-9	4.996000E-9	1.614000E-6	577.780000E-6	0.000000E+0	-112.121000E+0	54.994000E+0	NaN	NaN
	25/11/2022 10:05:41	-65.401000E-3	5.920000E-9	1.620000E-9	4.996000E-9	1.612000E-6	577.030000E-6	0.000000E+0	-112.121000E+0	54.882000E+0	NaN	NaN
	25/11/2022 10:05:48	-65.205000E-3	6.050000E-9	1.640000E-9	4.996000E-9	1.612000E-6	579.740000E-6	0.000000E+0	-112.345000E+0	55.106000E+0	NaN	NaN
	25/11/2022 10:05:55	-65.869000E-3	5.730000E-9	1.550000E-9	4.996000E-9	1.612000E-6	613.270000E-6	0.000000E+0	-112.233000E+0	54.994000E+0	NaN	NaN
	25/11/2022 10:06:02	-65.279000E-3	5.740000E-9	1.570000E-9	4.996000E-9	1.612000E-6	576.790000E-6	0.000000E+0	-112.121000E+0	55.106000E+0	NaN	NaN
	25/11/2022 10:06:10	-65.106000E-3	5.720000E-9	1.560000E-9	4.996000E-9	1.612000E-6	580.970000E-6	0.000000E+0	-112.233000E+0	55.219000E+0	NaN	NaN
	25/11/2022 10:06:17	-65.154000E-3	5.720000E-9	1.560000E-9	4.996000E-9	1.612000E-6	582.700000E-6	0.000000E+0	-112.121000E+0	55.106000E+0	NaN	NaN
	25/11/2022 10:06:24	-65.205000E-3	5.570000E-9	1.520000E-9	4.996000E-9	1.612000E-6	577.540000E-6	0.000000E+0	-112.233000E+0	54.994000E+0	NaN	NaN
	25/11/2022 10:06:31	-65.523000E-3	5.510000E-9	1.500000E-9	4.996000E-9	1.612000E-6	581.950000E-6	0.000000E+0	-112.233000E+0	54.882000E+0	NaN	NaN
	25/11/2022 10:06:38	-64.933000E-3	5.570000E-9	1.520000E-9	4.996000E-9	1.612000E-6	581.950000E-6	0.000000E+0	-112.233000E+0	54.994000E+0	NaN	NaN
	25/11/2022 10:06:46	-65.228000E-3	5.500000E-9	1.500000E-9	4.996000E-9	1.614000E-6	590.590000E-6	0.000000E+0	-112.233000E+0	55.106000E+0	NaN	NaN
	25/11/2022 10:06:53	-65.351000E-3	5.530000E-9	1.510000E-9	4.996000E-9	1.614000E-6	575.540000E-6	0.000000E+0	-112.233000E+0	55.106000E+0	NaN	NaN
	25/11/2022 10:07:00	-65.008000E-3	5.150000E-9	1.410000E-9	4.996000E-9	1.614000E-6	581.230000E-6	0.000000E+0	-112.233000E+0	54.994000E+0	NaN	NaN
	25/11/2022 10:07:07	-64.835000E-3	4.960000E-9	1.360000E-9	4.996000E-9	1.614000E-6	574.830000E-6	0.000000E+0	-112.457000E+0	55.106000E+0	NaN	NaN
	25/11/2022 10:07:14	-64.981000E-3	4.880000E-9	1.340000E-9	4.996000E-9	1.614000E-6	585.910000E-6	0.000000E+0	-112.233000E+0	54.882000E+0	NaN	NaN
	25/11/2022 10:07:21	-65.401000E-3	4.750000E-9	1.310000E-9	4.996000E-9	1.614000E-6	592.320000E-6	0.000000E+0	-112.233000E+0	55.106000E+0	NaN	NaN
	25/11/2022 10:07:28	-65.401000E-3	4.760000E-9	1.310000E-9	4.996000E-9	1.614000E-6	560.250000E-6	0.000000E+0	-112.457000E+0	55.106000E+0	NaN	NaN
	25/11/2022 10:07:36	-65.696000E-3	4.770000E-9	1.320000E-9	4.996000E-9	1.614000E-6	574.560000E-6	0.000000E+0	-112.233000E+0	54.994000E+0	NaN	NaN
	25/11/2022 10:07:43	-65.279000E-3	4.710000E-9	1.300000E-9	4.996000E-9	1.614000E-6	575.070000E-6	0.000000E+0	-112.121000E+0	55.106000E+0	NaN	NaN
	25/11/2022 10:07:50	-65.279000E-3	4.700000E-9	1.310000E-9	4.996000E-9	1.614000E-6	552.620000E-6	0.000000E+0	-112.121000E+0	55.219000E+0	NaN	NaN
	25/11/2022 10:07:57	-65.449000E-3	4.850000E-9	1.330000E-9	4.996000E-9	1.616000E-6	571.850000E-6	0.000000E+0	-112.233000E+0	54.994000E+0	NaN	NaN
	25/11/2022 10:08:04	-65.106000E-3	4.660000E-9	1.280000E-9	4.996000E-9	1.614000E-6	579.980000E-6	0.000000E+0	-112.121000E+0	54.994000E+0	NaN	NaN
	25/11/2022 10:08:12	-65.550000E-3	4.840000E-9	1.320000E-9	4.996000E-9	1.616000E-6	571.100000E-6	0.000000E+0	-112.121000E+0	55.219000E+0	NaN	NaN
	25/11/2022 10:08:19	-65.598000E-3	4.850000E-9	1.330000E-9	4.996000E-9	1.614000E-6	542.520000E-6	0.000000E+0	-112.121000E+0	54.994000E+0	NaN	NaN
	25/11/2022 10:08:26	-65.178000E-3	4.880000E-9	1.340000E-9	4.996000E-9	1.614000E-6	541.030000E-6	0.000000E+0	-112.121000E+0	55.106000E+0	NaN	NaN
	25/11/2022 10:08:33	-65.598000E-3	4.870000E-9	1.340000E-9	4.996000E-9	1.650000E-6	538.560000E-6	0.000000E+0	-112.233000E+0	54.994000E+0	NaN	NaN
	25/11/2022 10:08:40	-64.933000E-3	4.820000E-9	1.320000E-9	4.996000E-9	1.642000E-6	535.610000E-6	0.000000E+0	-112.008000E+0	54.994000E+0	NaN	NaN
	25/11/2022 10:08:47	-65.252000E-3	4.860000E-9	1.340000E-9	4.996000E-9	1.632000E-6	539.810000E-6	0.000000E+0	-112.233000E+0	55.106000E+0	NaN	NaN
	25/11/2022 10:08:55	-65.106000E-3	4.900000E-9	1.340000E-9	4.996000E-9	1.628000E-6	539.300000E-6	0.000000E+0	-112.233000E+0	54.994000E+0	NaN	NaN
	25/11/2022 10:09:02	-64.957000E-3	4.760000E-9	1.310000E-9	4.996000E-9	1.626000E-6	534.390000E-6	0.000000E+0	-112.121000E+0	55.106000E+0	NaN	NaN
	25/11/2022 10:09:09	-65.476000E-3	4.750000E-9	1.300000E-9	4.996000E-9	1.624000E-6	536.590000E-6	0.000000E+0	-112.233000E+0	55.106000E+0	NaN	NaN
	25/11/2022 10:09:16	-65.106000E-3	4.800000E-9	1.320000E-9	4.996000E-9	1.622000E-6	542.520000E-6	0.000000E+0	-112.233000E+0	54.994000E+0	NaN	NaN
	25/11/2022 10:09:23	-65.008000E-3	4.820000E-9	1.320000E-9	4.996000E-9	1.620000E-6	544.490000E-6	0.000000E+0	-112.233000E+0	54.770000E+0	NaN	NaN
	25/11/2022 10:09:30	-65.500000E-3	4.780000E-9	1.300000E-9	4.996000E-9	1.620000E-6	533.640000E-6	0.000000E+0	-112.233000E+0	55.106000E+0	NaN	NaN
	25/11/2022 10:09:38	-65.228000E-3	4.760000E-9	1.300000E-9	4.996000E-9	1.622000E-6	539.810000E-6	0.000000E+0	-112.121000E+0	55.106000E+0	NaN	NaN
	25/11/2022 10:09:45	-65.178000E-3	4.800000E-9	1.320000E-9	4.996000E-9	1.622000E-6	537.340000E-6	0.000000E+0	-112.233000E+0	54.882000E+0	NaN	NaN
	25/11/2022 10:09:52	-65.252000E-3	4.830000E-9	1.330000E-9	4.996000E-9	1.620000E-6	550.660000E-6	0.000000E+0	-112.121000E+0	54.994000E+0	NaN	NaN
	25/11/2022 10:09:59	-65.252000E-3	4.820000E-9	1.320000E-9	4.996000E-9	1.620000E-6	542.250000E-6	0.000000E+0	-112.121000E+0	54.994000E+0	NaN	NaN
	25/11/2022 10:10:06	-65.327000E-3	4.950000E-9	1.350000E-9	4.996000E-9	1.622000E-6	566.930000E-6	0.000000E+0	-111.896000E+0	54.994000E+0	NaN	NaN
	25/11/2022 10:10:13	-65.154000E-3	4.920000E-9	1.350000E-9	4.996000E-9	1.624000E-6	513.670000E-6	0.000000E+0	-112.233000E+0	54.882000E+0	NaN	NaN
	25/11/2022 10:10:21	-65.449000E-3	5.110000E-9	1.380000E-9	4.996000E-9	1.622000E-6	543.270000E-6	0.000000E+0	-112.345000E+0	54.994000E+0	NaN	NaN
	25/11/2022 10:10:28	-65.279000E-3	4.960000E-9	1.360000E-9	4.996000E-9	1.622000E-6	540.790000E-6	0.000000E+0	-112.233000E+0	55.106000E+0	NaN	NaN
	25/11/2022 10:10:35	-65.550000E-3	5.100000E-9	1.390000E-9	4.996000E-9	1.622000E-6	554.350000E-6	0.000000E+0	-112.233000E+0	54.994000E+0	NaN	NaN
	25/11/2022 10:10:42	-64.835000E-3	5.190000E-9	1.400000E-9	4.996000E-9	1.622000E-6	538.560000E-6	0.000000E+0	-112.233000E+0	54.994000E+0	NaN	NaN
	25/11/2022 10:10:49	-64.957000E-3	5.390000E-9	1.440000E-9	4.996000E-9	1.622000E-6	533.400000E-6	0.000000E+0	-112.233000E+0	54.994000E+0	NaN	NaN
	25/11/2022 10:10:56	-65.032000E-3	5.150000E-9	1.390000E-9	4.996000E-9	1.622000E-6	544.730000E-6	0.000000E+0	-112.121000E+0	55.106000E+0	NaN	NaN
	25/11/2022 10:11:04	-65.055000E-3	5.430000E-9	1.460000E-9	4.996000E-9	1.620000E-6	540.550000E-6	0.000000E+0	-112.233000E+0	54.994000E+0	NaN	NaN
	25/11/2022 10:11:11	-64.760000E-3	5.150000E-9	1.400000E-9	4.996000E-9	1.624000E-6	540.790000E-6	0.000000E+0	-112.121000E+0	55.106000E+0	NaN	NaN
	25/11/2022 10:11:18	-64.906000E-3	5.000000E-9	1.360000E-9	4.996000E-9	1.624000E-6	574.320000E-6	0.000000E+0	-112.121000E+0	54.882000E+0	NaN	NaN
	25/11/2022 10:11:25	-65.449000E-3	4.970000E-9	1.350000E-9	4.996000E-9	1.624000E-6	581.950000E-6	0.000000E+0	-112.233000E+0	54.994000E+0	NaN	NaN
	25/11/2022 10:11:32	-65.205000E-3	4.980000E-9	1.350000E-9	4.996000E-9	1.624000E-6	605.880000E-6	0.000000E+0	-112.233000E+0	55.106000E+0	NaN	NaN
	25/11/2022 10:11:40	-65.351000E-3	5.050000E-9	1.370000E-9	4.996000E-9	1.624000E-6	563.470000E-6	0.000000E+0	-112.121000E+0	55.106000E+0	NaN	NaN
	25/11/2022 10:11:47	-65.351000E-3	5.080000E-9	1.380000E-9	4.996000E-9	1.624000E-6	577.540000E-6	0.000000E+0	-112.008000E+0	54.994000E+0	NaN	NaN
	25/11/2022 10:11:54	-64.686000E-3	5.100000E-9	1.380000E-9	4.996000E-9	1.624000E-6	556.560000E-6	0.000000E+0	-112.233000E+0	55.106000E+0	NaN	NaN
	25/11/2022 10:12:01	-65.178000E-3	5.070000E-9	1.370000E-9	4.996000E-9	1.626000E-6	582.960000E-6	0.000000E+0	-112.345000E+0	55.219000E+0	NaN	NaN
	25/11/2022 10:12:08	-65.401000E-3	5.110000E-9	1.380000E-9	4.996000E-9	1.626000E-6	582.460000E-6	0.000000E+0	-112.233000E+0	55.106000E+0	NaN	NaN
	25/11/2022 10:12:15	-65.154000E-3	5.050000E-9	1.360000E-9	4.996000E-9	1.624000E-6	576.790000E-6	0.000000E+0	-112.121000E+0	55.106000E+0	NaN	NaN
	25/11/2022 10:12:23	-65.130000E-3	4.960000E-9	1.340000E-9	4.996000E-9	1.626000E-6	580.250000E-6	0.000000E+0	-112.233000E+0	54.994000E+0	NaN	NaN
	25/11/2022 10:12:30	-65.055000E-3	4.980000E-9	1.340000E-9	4.996000E-9	1.626000E-6	579.510000E-6	0.000000E+0	-112.121000E+0	54.882000E+0	NaN	NaN
	25/11/2022 10:12:37	-65.377000E-3	5.040000E-9	1.370000E-9	4.996000E-9	1.626000E-6	581.950000E-6	0.000000E+0	-112.345000E+0	55.106000E+0	NaN	NaN
	25/11/2022 10:12:44	-65.598000E-3	4.980000E-9	1.350000E-9	4.996000E-9	1.624000E-6	578.250000E-6	0.000000E+0	-112.121000E+0	54.994000E+0	NaN	NaN
	25/11/2022 10:12:51	-64.710000E-3	4.890000E-9	1.330000E-9	4.996000E-9	1.624000E-6	576.290000E-6	0.000000E+0	-112.233000E+0	54.994000E+0	NaN	NaN
	25/11/2022 10:12:58	-65.351000E-3	4.940000E-9	1.350000E-9	4.996000E-9	1.622000E-6	580.970000E-6	0.000000E+0	-112.121000E+0	54.994000E+0	NaN	NaN
	25/11/2022 10:13:06	-65.279000E-3	5.000000E-9	1.350000E-9	4.996000E-9	1.624000E-6	581.950000E-6	0.000000E+0	-112.345000E+0	55.106000E+0	NaN	NaN
	25/11/2022 10:13:13	-65.598000E-3	4.970000E-9	1.350000E-9	4.996000E-9	1.624000E-6	572.090000E-6	0.000000E+0	-112.233000E+0	55.106000E+0	NaN	NaN
	25/11/2022 10:13:20	-64.981000E-3	4.990000E-9	1.350000E-9	4.996000E-9	1.624000E-6	574.320000E-6	0.000000E+0	-112.233000E+0	55.106000E+0	NaN	NaN
	25/11/2022 10:13:27	-65.154000E-3	5.110000E-9	1.380000E-9	4.996000E-9	1.624000E-6	575.300000E-6	0.000000E+0	-112.233000E+0	54.994000E+0	NaN	NaN
	25/11/2022 10:13:34	-65.574000E-3	5.130000E-9	1.380000E-9	4.996000E-9	1.626000E-6	572.830000E-6	0.000000E+0	-112.008000E+0	55.106000E+0	NaN	NaN
	25/11/2022 10:13:41	-65.351000E-3	5.010000E-9	1.350000E-9	4.996000E-9	1.626000E-6	582.220000E-6	0.000000E+0	-112.345000E+0	54.994000E+0	NaN	NaN
	25/11/2022 10:13:49	-65.351000E-3	5.020000E-9	1.350000E-9	4.996000E-9	1.624000E-6	578.250000E-6	0.000000E+0	-112.233000E+0	55.106000E+0	NaN	NaN
	25/11/2022 10:13:56	-65.672000E-3	5.030000E-9	1.360000E-9	4.996000E-9	1.624000E-6	579.000000E-6	0.000000E+0	-112.121000E+0	54.882000E+0	NaN	NaN
	25/11/2022 10:14:03	-65.377000E-3	5.120000E-9	1.380000E-9	4.996000E-9	1.626000E-6	582.700000E-6	0.000000E+0	-112.233000E+0	55.106000E+0	NaN	NaN
	25/11/2022 10:14:10	-65.401000E-3	5.160000E-9	1.380000E-9	4.996000E-9	1.626000E-6	586.390000E-6	0.000000E+0	-112.233000E+0	55.106000E+0	NaN	NaN
	25/11/2022 10:14:17	-65.476000E-3	5.080000E-9	1.360000E-9	4.996000E-9	1.626000E-6	576.050000E-6	0.000000E+0	-112.233000E+0	55.106000E+0	NaN	NaN
	25/11/2022 10:14:24	-65.401000E-3	5.130000E-9	1.370000E-9	4.996000E-9	1.626000E-6	578.520000E-6	0.000000E+0	-112.121000E+0	54.994000E+0	NaN	NaN
	25/11/2022 10:14:32	-65.523000E-3	5.170000E-9	1.380000E-9	4.996000E-9	1.626000E-6	578.020000E-6	0.000000E+0	-112.121000E+0	55.106000E+0	NaN	NaN
	25/11/2022 10:14:39	-65.252000E-3	5.100000E-9	1.370000E-9	4.996000E-9	1.626000E-6	582.460000E-6	0.000000E+0	-112.233000E+0	55.106000E+0	NaN	NaN
	25/11/2022 10:14:46	-65.425000E-3	5.030000E-9	1.360000E-9	4.996000E-9	1.626000E-6	580.250000E-6	0.000000E+0	-112.345000E+0	55.106000E+0	NaN	NaN
	25/11/2022 10:14:53	-65.672000E-3	5.040000E-9	1.360000E-9	4.996000E-9	1.626000E-6	579.980000E-6	0.000000E+0	-112.008000E+0	55.106000E+0	NaN	NaN
	25/11/2022 10:15:00	-65.425000E-3	5.270000E-9	1.420000E-9	4.996000E-9	1.626000E-6	540.290000E-6	0.000000E+0	-112.233000E+0	55.219000E+0	NaN	NaN
	25/11/2022 10:15:07	-64.808000E-3	5.120000E-9	1.370000E-9	4.996000E-9	1.628000E-6	554.110000E-6	0.000000E+0	-112.121000E+0	54.994000E+0	NaN	NaN
	25/11/2022 10:15:15	-65.008000E-3	5.130000E-9	1.380000E-9	4.996000E-9	1.628000E-6	540.290000E-6	0.000000E+0	-112.233000E+0	55.106000E+0	NaN	NaN
	25/11/2022 10:15:22	-65.476000E-3	5.200000E-9	1.400000E-9	4.996000E-9	1.628000E-6	540.290000E-6	0.000000E+0	-112.233000E+0	54.994000E+0	NaN	NaN
	25/11/2022 10:15:29	-65.720000E-3	5.160000E-9	1.380000E-9	4.996000E-9	1.628000E-6	543.740000E-6	0.000000E+0	-112.121000E+0	54.994000E+0	NaN	NaN
	25/11/2022 10:15:36	-65.351000E-3	5.140000E-9	1.380000E-9	4.996000E-9	1.628000E-6	543.000000E-6	0.000000E+0	-112.121000E+0	54.994000E+0	NaN	NaN
	25/11/2022 10:15:43	-65.598000E-3	5.080000E-9	1.360000E-9	4.996000E-9	1.628000E-6	540.550000E-6	0.000000E+0	-112.233000E+0	54.994000E+0	NaN	NaN
	25/11/2022 10:15:50	-65.401000E-3	5.110000E-9	1.370000E-9	4.996000E-9	1.628000E-6	541.270000E-6	0.000000E+0	-112.345000E+0	55.219000E+0	NaN	NaN
	25/11/2022 10:15:58	-65.649000E-3	5.130000E-9	1.380000E-9	4.996000E-9	1.628000E-6	537.840000E-6	0.000000E+0	-112.008000E+0	55.106000E+0	NaN	NaN
	25/11/2022 10:16:05	-65.476000E-3	5.090000E-9	1.370000E-9	4.996000E-9	1.628000E-6	540.790000E-6	0.000000E+0	-112.121000E+0	55.106000E+0	NaN	NaN
	25/11/2022 10:16:12	-65.303000E-3	5.110000E-9	1.380000E-9	4.996000E-9	1.628000E-6	535.610000E-6	0.000000E+0	-112.121000E+0	55.219000E+0	NaN	NaN
	25/11/2022 10:16:19	-65.279000E-3	5.140000E-9	1.380000E-9	4.996000E-9	1.628000E-6	542.250000E-6	0.000000E+0	-112.233000E+0	54.994000E+0	NaN	NaN
	25/11/2022 10:16:26	-65.574000E-3	5.180000E-9	1.390000E-9	4.996000E-9	1.630000E-6	536.350000E-6	0.000000E+0	-112.121000E+0	54.994000E+0	NaN	NaN
	25/11/2022 10:16:34	-65.598000E-3	5.130000E-9	1.380000E-9	4.996000E-9	1.630000E-6	554.110000E-6	0.000000E+0	-112.233000E+0	54.994000E+0	NaN	NaN
	25/11/2022 10:16:41	-65.079000E-3	5.130000E-9	1.370000E-9	4.996000E-9	1.630000E-6	535.130000E-6	0.000000E+0	-112.121000E+0	54.994000E+0	NaN	NaN
	25/11/2022 10:16:48	-65.500000E-3	5.120000E-9	1.370000E-9	4.996000E-9	1.628000E-6	538.560000E-6	0.000000E+0	-112.233000E+0	55.106000E+0	NaN	NaN
	25/11/2022 10:16:55	-65.649000E-3	5.110000E-9	1.370000E-9	4.996000E-9	1.630000E-6	536.590000E-6	0.000000E+0	-112.233000E+0	54.994000E+0	NaN	NaN
	25/11/2022 10:17:02	-65.967000E-3	5.110000E-9	1.360000E-9	4.996000E-9	1.630000E-6	537.840000E-6	0.000000E+0	-112.121000E+0	54.994000E+0	NaN	NaN
	25/11/2022 10:17:09	-65.500000E-3	5.080000E-9	1.350000E-9	4.996000E-9	1.630000E-6	535.850000E-6	0.000000E+0	-112.345000E+0	55.106000E+0	NaN	NaN
	25/11/2022 10:17:17	-65.425000E-3	5.130000E-9	1.360000E-9	4.996000E-9	1.630000E-6	539.810000E-6	0.000000E+0	-112.233000E+0	55.106000E+0	NaN	NaN
	25/11/2022 10:17:24	-65.747000E-3	5.130000E-9	1.360000E-9	4.996000E-9	1.630000E-6	539.060000E-6	0.000000E+0	-112.233000E+0	55.219000E+0	NaN	NaN
	25/11/2022 10:17:31	-65.476000E-3	5.170000E-9	1.380000E-9	4.996000E-9	1.632000E-6	579.740000E-6	0.000000E+0	-112.233000E+0	55.106000E+0	NaN	NaN
	25/11/2022 10:17:38	-65.178000E-3	5.190000E-9	1.380000E-9	4.996000E-9	1.632000E-6	580.970000E-6	0.000000E+0	-112.233000E+0	55.106000E+0	NaN	NaN
	25/11/2022 10:17:45	-64.835000E-3	5.160000E-9	1.370000E-9	4.996000E-9	1.632000E-6	579.000000E-6	0.000000E+0	-112.345000E+0	55.106000E+0	NaN	NaN
	25/11/2022 10:17:52	-65.747000E-3	5.150000E-9	1.370000E-9	4.996000E-9	1.632000E-6	578.760000E-6	0.000000E+0	-112.233000E+0	55.219000E+0	NaN	NaN
	25/11/2022 10:18:00	-65.649000E-3	5.140000E-9	1.370000E-9	4.996000E-9	1.632000E-6	575.540000E-6	0.000000E+0	-112.233000E+0	55.106000E+0	NaN	NaN
	25/11/2022 10:18:07	-65.920000E-3	5.210000E-9	1.380000E-9	4.996000E-9	1.632000E-6	575.540000E-6	0.000000E+0	-112.121000E+0	55.106000E+0	NaN	NaN
	25/11/2022 10:18:14	-65.008000E-3	5.180000E-9	1.380000E-9	4.996000E-9	1.632000E-6	576.530000E-6	0.000000E+0	-112.345000E+0	55.219000E+0	NaN	NaN
	25/11/2022 10:18:21	-65.622000E-3	5.210000E-9	1.390000E-9	4.996000E-9	1.632000E-6	573.340000E-6	0.000000E+0	-112.233000E+0	55.106000E+0	NaN	NaN
	25/11/2022 10:18:28	-65.079000E-3	5.280000E-9	1.400000E-9	4.996000E-9	1.632000E-6	581.230000E-6	0.000000E+0	-112.233000E+0	55.219000E+0	NaN	NaN
	25/11/2022 10:18:35	-65.032000E-3	5.280000E-9	1.400000E-9	4.996000E-9	1.634000E-6	578.760000E-6	0.000000E+0	-112.233000E+0	54.770000E+0	NaN	NaN
	25/11/2022 10:18:43	-65.228000E-3	5.230000E-9	1.390000E-9	4.996000E-9	1.634000E-6	583.200000E-6	0.000000E+0	-112.121000E+0	55.106000E+0	NaN	NaN
	25/11/2022 10:18:50	-64.883000E-3	5.240000E-9	1.390000E-9	4.996000E-9	1.632000E-6	571.100000E-6	0.000000E+0	-112.345000E+0	55.106000E+0	NaN	NaN
	25/11/2022 10:18:57	-65.106000E-3	5.260000E-9	1.390000E-9	4.996000E-9	1.632000E-6	576.050000E-6	0.000000E+0	-112.233000E+0	55.219000E+0	NaN	NaN
	25/11/2022 10:19:04	-64.933000E-3	5.240000E-9	1.390000E-9	4.996000E-9	1.632000E-6	553.850000E-6	0.000000E+0	-112.233000E+0	54.994000E+0	NaN	NaN
	25/11/2022 10:19:11	-65.500000E-3	5.250000E-9	1.400000E-9	4.996000E-9	1.634000E-6	563.470000E-6	0.000000E+0	-112.233000E+0	55.219000E+0	NaN	NaN
	25/11/2022 10:19:18	-65.672000E-3	5.270000E-9	1.400000E-9	4.996000E-9	1.634000E-6	580.730000E-6	0.000000E+0	-112.233000E+0	55.106000E+0	NaN	NaN
	25/11/2022 10:19:26	-65.178000E-3	5.320000E-9	1.420000E-9	4.996000E-9	1.634000E-6	586.900000E-6	0.000000E+0	-112.233000E+0	54.994000E+0	NaN	NaN
	25/11/2022 10:19:33	-65.228000E-3	5.290000E-9	1.410000E-9	4.996000E-9	1.634000E-6	579.980000E-6	0.000000E+0	-112.345000E+0	55.106000E+0	NaN	NaN
	25/11/2022 10:19:40	-65.845000E-3	5.230000E-9	1.400000E-9	4.996000E-9	1.634000E-6	576.530000E-6	0.000000E+0	-112.121000E+0	54.994000E+0	NaN	NaN
	25/11/2022 10:19:47	-65.821000E-3	5.220000E-9	1.390000E-9	4.996000E-9	1.634000E-6	581.710000E-6	0.000000E+0	-112.233000E+0	55.106000E+0	NaN	NaN
	25/11/2022 10:19:54	-65.106000E-3	5.190000E-9	1.390000E-9	4.996000E-9	1.634000E-6	564.220000E-6	0.000000E+0	-112.233000E+0	55.106000E+0	NaN	NaN
	25/11/2022 10:20:01	-65.845000E-3	5.280000E-9	1.440000E-9	4.996000E-9	1.634000E-6	579.980000E-6	0.000000E+0	-112.233000E+0	55.106000E+0	NaN	NaN
	25/11/2022 10:20:09	-65.377000E-3	5.820000E-9	1.540000E-9	4.996000E-9	1.636000E-6	582.700000E-6	0.000000E+0	-112.345000E+0	55.106000E+0	NaN	NaN
	25/11/2022 10:20:16	-65.425000E-3	6.230000E-9	1.650000E-9	4.996000E-9	1.634000E-6	569.640000E-6	0.000000E+0	-112.345000E+0	54.994000E+0	NaN	NaN
	25/11/2022 10:20:23	-65.377000E-3	6.410000E-9	1.690000E-9	4.996000E-9	1.634000E-6	575.300000E-6	0.000000E+0	-112.233000E+0	55.106000E+0	NaN	NaN
	25/11/2022 10:20:30	-65.500000E-3	6.370000E-9	1.680000E-9	4.996000E-9	1.634000E-6	577.540000E-6	0.000000E+0	-112.121000E+0	55.106000E+0	NaN	NaN
	25/11/2022 10:20:37	-65.720000E-3	6.390000E-9	1.680000E-9	4.996000E-9	1.636000E-6	578.760000E-6	0.000000E+0	-112.233000E+0	55.106000E+0	NaN	NaN
	25/11/2022 10:20:45	-65.279000E-3	6.310000E-9	1.660000E-9	4.996000E-9	1.634000E-6	565.950000E-6	0.000000E+0	-112.233000E+0	55.219000E+0	NaN	NaN
	25/11/2022 10:20:52	-65.449000E-3	6.300000E-9	1.660000E-9	4.996000E-9	1.636000E-6	578.520000E-6	0.000000E+0	-112.233000E+0	54.994000E+0	NaN	NaN
	25/11/2022 10:20:59	-65.869000E-3	6.360000E-9	1.670000E-9	4.996000E-9	1.638000E-6	594.290000E-6	0.000000E+0	-112.233000E+0	54.994000E+0	NaN	NaN
	25/11/2022 10:21:06	-65.622000E-3	5.950000E-9	1.540000E-9	4.996000E-9	1.636000E-6	576.790000E-6	0.000000E+0	-112.345000E+0	54.994000E+0	NaN	NaN
	25/11/2022 10:21:13	-65.771000E-3	5.120000E-9	1.380000E-9	4.996000E-9	1.638000E-6	582.220000E-6	0.000000E+0	-112.233000E+0	55.106000E+0	NaN	NaN
	25/11/2022 10:21:20	-65.303000E-3	5.030000E-9	1.370000E-9	4.996000E-9	1.640000E-6	578.760000E-6	0.000000E+0	-112.233000E+0	54.994000E+0	NaN	NaN
	25/11/2022 10:21:28	-65.425000E-3	4.940000E-9	1.340000E-9	4.996000E-9	1.640000E-6	584.190000E-6	0.000000E+0	-112.008000E+0	55.219000E+0	NaN	NaN
	25/11/2022 10:21:35	-65.672000E-3	4.910000E-9	1.340000E-9	4.996000E-9	1.642000E-6	584.190000E-6	0.000000E+0	-112.233000E+0	55.219000E+0	NaN	NaN
	25/11/2022 10:21:42	-64.981000E-3	4.870000E-9	1.330000E-9	4.996000E-9	1.640000E-6	580.730000E-6	0.000000E+0	-112.233000E+0	55.106000E+0	NaN	NaN
	25/11/2022 10:21:49	-65.550000E-3	4.870000E-9	1.330000E-9	4.996000E-9	1.640000E-6	559.270000E-6	0.000000E+0	-112.121000E+0	54.994000E+0	NaN	NaN
	25/11/2022 10:21:56	-65.550000E-3	4.870000E-9	1.330000E-9	4.996000E-9	1.642000E-6	575.300000E-6	0.000000E+0	-112.233000E+0	55.106000E+0	NaN	NaN
	25/11/2022 10:22:04	-65.795000E-3	4.850000E-9	1.330000E-9	4.996000E-9	1.642000E-6	583.200000E-6	0.000000E+0	-112.233000E+0	55.106000E+0	NaN	NaN
	25/11/2022 10:22:11	-65.523000E-3	4.820000E-9	1.320000E-9	4.996000E-9	1.678000E-6	573.580000E-6	0.000000E+0	-112.121000E+0	55.106000E+0	NaN	NaN
	25/11/2022 10:22:18	-65.008000E-3	4.780000E-9	1.310000E-9	4.996000E-9	1.668000E-6	577.030000E-6	0.000000E+0	-112.233000E+0	55.106000E+0	NaN	NaN
	25/11/2022 10:22:25	-65.476000E-3	4.700000E-9	1.280000E-9	4.996000E-9	1.664000E-6	575.300000E-6	0.000000E+0	-112.121000E+0	55.106000E+0	NaN	NaN
	25/11/2022 10:22:32	-65.622000E-3	4.710000E-9	1.290000E-9	4.996000E-9	1.662000E-6	577.030000E-6	0.000000E+0	-112.121000E+0	55.106000E+0	NaN	NaN
	25/11/2022 10:22:40	-65.967000E-3	4.720000E-9	1.290000E-9	4.996000E-9	1.660000E-6	565.680000E-6	0.000000E+0	-112.233000E+0	55.106000E+0	NaN	NaN
	25/11/2022 10:22:47	-65.500000E-3	4.630000E-9	1.270000E-9	4.996000E-9	1.656000E-6	576.530000E-6	0.000000E+0	-112.233000E+0	54.994000E+0	NaN	NaN
	25/11/2022 10:22:54	-65.523000E-3	4.700000E-9	1.290000E-9	4.996000E-9	1.650000E-6	572.090000E-6	0.000000E+0	-112.121000E+0	55.106000E+0	NaN	NaN
	25/11/2022 10:23:01	-65.425000E-3	4.700000E-9	1.290000E-9	4.996000E-9	1.650000E-6	581.470000E-6	0.000000E+0	-112.233000E+0	55.106000E+0	NaN	NaN
	25/11/2022 10:23:08	-64.883000E-3	4.690000E-9	1.290000E-9	4.996000E-9	1.648000E-6	573.810000E-6	0.000000E+0	-112.233000E+0	54.994000E+0	NaN	NaN
	25/11/2022 10:23:15	-65.845000E-3	4.710000E-9	1.290000E-9	4.996000E-9	1.648000E-6	600.930000E-6	0.000000E+0	-112.345000E+0	54.994000E+0	NaN	NaN
	25/11/2022 10:23:23	-65.032000E-3	4.730000E-9	1.290000E-9	4.996000E-9	1.648000E-6	577.540000E-6	0.000000E+0	-112.233000E+0	55.219000E+0	NaN	NaN
	25/11/2022 10:23:30	-65.523000E-3	4.760000E-9	1.300000E-9	4.996000E-9	1.648000E-6	575.540000E-6	0.000000E+0	-112.345000E+0	55.106000E+0	NaN	NaN
	25/11/2022 10:23:37	-65.500000E-3	4.770000E-9	1.310000E-9	4.996000E-9	1.648000E-6	571.850000E-6	0.000000E+0	-112.121000E+0	54.994000E+0	NaN	NaN
	25/11/2022 10:23:44	-65.154000E-3	4.810000E-9	1.320000E-9	4.996000E-9	1.648000E-6	577.270000E-6	0.000000E+0	-112.345000E+0	54.994000E+0	NaN	NaN
	25/11/2022 10:23:51	-65.401000E-3	4.800000E-9	1.320000E-9	4.996000E-9	1.648000E-6	569.880000E-6	0.000000E+0	-112.233000E+0	55.106000E+0	NaN	NaN
	25/11/2022 10:23:58	-65.574000E-3	4.800000E-9	1.310000E-9	4.996000E-9	1.648000E-6	578.020000E-6	0.000000E+0	-112.121000E+0	54.994000E+0	NaN	NaN
	25/11/2022 10:24:06	-65.106000E-3	4.840000E-9	1.320000E-9	4.996000E-9	1.648000E-6	579.510000E-6	0.000000E+0	-112.233000E+0	55.106000E+0	NaN	NaN
	25/11/2022 10:24:13	-65.696000E-3	4.860000E-9	1.330000E-9	4.996000E-9	1.648000E-6	578.520000E-6	0.000000E+0	-112.121000E+0	55.106000E+0	NaN	NaN
	25/11/2022 10:24:20	-65.008000E-3	4.850000E-9	1.320000E-9	4.996000E-9	1.650000E-6	576.530000E-6	0.000000E+0	-112.345000E+0	54.994000E+0	NaN	NaN
	25/11/2022 10:24:27	-65.178000E-3	4.870000E-9	1.330000E-9	4.996000E-9	1.652000E-6	569.880000E-6	0.000000E+0	-112.121000E+0	54.994000E+0	NaN	NaN
	25/11/2022 10:24:34	-65.079000E-3	4.870000E-9	1.340000E-9	4.996000E-9	1.650000E-6	576.530000E-6	0.000000E+0	-112.121000E+0	55.106000E+0	NaN	NaN
	25/11/2022 10:24:42	-64.784000E-3	4.860000E-9	1.330000E-9	4.996000E-9	1.652000E-6	578.520000E-6	0.000000E+0	-112.345000E+0	55.219000E+0	NaN	NaN
	25/11/2022 10:24:49	-65.106000E-3	4.830000E-9	1.320000E-9	4.996000E-9	1.656000E-6	574.830000E-6	0.000000E+0	-112.233000E+0	54.994000E+0	NaN	NaN
	25/11/2022 10:24:56	-65.079000E-3	4.770000E-9	1.310000E-9	4.996000E-9	1.660000E-6	578.020000E-6	0.000000E+0	-112.121000E+0	54.882000E+0	NaN	NaN
	25/11/2022 10:25:03	-65.279000E-3	4.770000E-9	1.310000E-9	4.996000E-9	1.658000E-6	578.250000E-6	0.000000E+0	-112.345000E+0	54.994000E+0	NaN	NaN
	25/11/2022 10:25:10	-64.662000E-3	4.690000E-9	1.280000E-9	4.996000E-9	1.658000E-6	569.880000E-6	0.000000E+0	-112.233000E+0	55.106000E+0	NaN	NaN
	25/11/2022 10:25:18	-65.205000E-3	4.700000E-9	1.290000E-9	4.996000E-9	1.660000E-6	582.960000E-6	0.000000E+0	-112.345000E+0	54.994000E+0	NaN	NaN
	25/11/2022 10:25:25	-65.327000E-3	4.710000E-9	1.290000E-9	4.996000E-9	1.662000E-6	585.410000E-6	0.000000E+0	-112.345000E+0	55.106000E+0	NaN	NaN
	25/11/2022 10:25:32	-65.550000E-3	4.750000E-9	1.300000E-9	4.996000E-9	1.660000E-6	579.510000E-6	0.000000E+0	-112.233000E+0	54.994000E+0	NaN	NaN
	25/11/2022 10:25:39	-65.228000E-3	4.740000E-9	1.290000E-9	4.996000E-9	1.660000E-6	587.370000E-6	0.000000E+0	-112.008000E+0	55.106000E+0	NaN	NaN
	25/11/2022 10:25:46	-65.106000E-3	4.770000E-9	1.300000E-9	4.996000E-9	1.662000E-6	580.970000E-6	0.000000E+0	-112.345000E+0	54.994000E+0	NaN	NaN
	25/11/2022 10:25:53	-65.672000E-3	4.780000E-9	1.300000E-9	4.996000E-9	1.660000E-6	578.760000E-6	0.000000E+0	-112.345000E+0	55.106000E+0	NaN	NaN
	25/11/2022 10:26:01	-65.967000E-3	4.800000E-9	1.310000E-9	4.996000E-9	1.660000E-6	575.300000E-6	0.000000E+0	-112.345000E+0	55.106000E+0	NaN	NaN
	25/11/2022 10:26:08	-65.351000E-3	4.810000E-9	1.310000E-9	4.996000E-9	1.660000E-6	568.390000E-6	0.000000E+0	-112.233000E+0	54.882000E+0	NaN	NaN
	25/11/2022 10:26:15	-65.008000E-3	4.740000E-9	1.290000E-9	4.996000E-9	1.660000E-6	601.950000E-6	0.000000E+0	-112.233000E+0	55.106000E+0	NaN	NaN
	25/11/2022 10:26:22	-65.771000E-3	4.730000E-9	1.300000E-9	4.996000E-9	1.662000E-6	577.540000E-6	0.000000E+0	-112.233000E+0	54.994000E+0	NaN	NaN
	25/11/2022 10:26:29	-65.425000E-3	4.750000E-9	1.300000E-9	4.996000E-9	1.662000E-6	576.290000E-6	0.000000E+0	-112.233000E+0	55.106000E+0	NaN	NaN
	25/11/2022 10:26:37	-64.883000E-3	4.750000E-9	1.300000E-9	4.996000E-9	1.662000E-6	577.780000E-6	0.000000E+0	-112.233000E+0	54.994000E+0	NaN	NaN
	25/11/2022 10:26:44	-65.032000E-3	4.730000E-9	1.300000E-9	4.996000E-9	1.662000E-6	542.760000E-6	0.000000E+0	-112.233000E+0	55.106000E+0	NaN	NaN
	25/11/2022 10:26:51	-65.008000E-3	4.890000E-9	1.370000E-9	4.996000E-9	1.660000E-6	579.980000E-6	0.000000E+0	-112.233000E+0	55.106000E+0	NaN	NaN
	25/11/2022 10:26:58	-65.351000E-3	5.750000E-9	1.530000E-9	4.996000E-9	1.662000E-6	564.460000E-6	0.000000E+0	-112.233000E+0	54.994000E+0	NaN	NaN
	25/11/2022 10:27:05	-65.500000E-3	5.880000E-9	1.560000E-9	4.996000E-9	1.662000E-6	569.370000E-6	0.000000E+0	-112.233000E+0	55.106000E+0	NaN	NaN
	25/11/2022 10:27:13	-65.178000E-3	5.900000E-9	1.560000E-9	4.996000E-9	1.662000E-6	581.470000E-6	0.000000E+0	-112.345000E+0	55.106000E+0	NaN	NaN
	25/11/2022 10:27:20	-65.672000E-3	5.920000E-9	1.560000E-9	4.996000E-9	1.662000E-6	584.660000E-6	0.000000E+0	-112.345000E+0	55.219000E+0	NaN	NaN
	25/11/2022 10:27:27	-65.252000E-3	5.930000E-9	1.570000E-9	4.996000E-9	1.662000E-6	578.520000E-6	0.000000E+0	-112.345000E+0	55.106000E+0	NaN	NaN
	25/11/2022 10:27:34	-65.401000E-3	5.940000E-9	1.570000E-9	4.996000E-9	1.662000E-6	580.250000E-6	0.000000E+0	-112.121000E+0	55.106000E+0	NaN	NaN
	25/11/2022 10:27:41	-65.130000E-3	5.940000E-9	1.570000E-9	4.996000E-9	1.662000E-6	579.000000E-6	0.000000E+0	-112.345000E+0	54.994000E+0	NaN	NaN
	25/11/2022 10:27:48	-65.550000E-3	5.980000E-9	1.560000E-9	4.996000E-9	1.664000E-6	591.100000E-6	0.000000E+0	-112.233000E+0	55.106000E+0	NaN	NaN
	25/11/2022 10:27:56	-65.845000E-3	5.970000E-9	1.570000E-9	4.996000E-9	1.662000E-6	576.790000E-6	0.000000E+0	-112.345000E+0	55.106000E+0	NaN	NaN
	25/11/2022 10:28:03	-65.327000E-3	6.020000E-9	1.570000E-9	4.996000E-9	1.662000E-6	584.420000E-6	0.000000E+0	-112.121000E+0	55.106000E+0	NaN	NaN
	25/11/2022 10:28:10	-65.228000E-3	6.010000E-9	1.590000E-9	4.996000E-9	1.664000E-6	583.440000E-6	0.000000E+0	-112.121000E+0	55.106000E+0	NaN	NaN
	25/11/2022 10:28:17	-65.154000E-3	5.970000E-9	1.560000E-9	4.996000E-9	1.664000E-6	581.710000E-6	0.000000E+0	-112.233000E+0	55.219000E+0	NaN	NaN
	25/11/2022 10:28:24	-65.303000E-3	6.040000E-9	1.580000E-9	4.996000E-9	1.662000E-6	611.070000E-6	0.000000E+0	-112.233000E+0	55.106000E+0	NaN	NaN
	25/11/2022 10:28:32	-65.649000E-3	6.050000E-9	1.580000E-9	4.996000E-9	1.664000E-6	583.950000E-6	0.000000E+0	-112.345000E+0	54.994000E+0	NaN	NaN
	25/11/2022 10:28:39	-65.550000E-3	6.040000E-9	1.580000E-9	4.996000E-9	1.664000E-6	574.830000E-6	0.000000E+0	-112.233000E+0	54.994000E+0	NaN	NaN
	25/11/2022 10:28:46	-65.252000E-3	6.060000E-9	1.580000E-9	4.996000E-9	1.664000E-6	578.760000E-6	0.000000E+0	-112.345000E+0	54.994000E+0	NaN	NaN
	25/11/2022 10:28:53	-64.710000E-3	6.110000E-9	1.600000E-9	4.996000E-9	1.664000E-6	580.490000E-6	0.000000E+0	-112.121000E+0	54.994000E+0	NaN	NaN
	25/11/2022 10:29:00	-65.771000E-3	6.160000E-9	1.600000E-9	4.996000E-9	1.664000E-6	578.250000E-6	0.000000E+0	-112.233000E+0	54.882000E+0	NaN	NaN
	25/11/2022 10:29:07	-65.696000E-3	6.140000E-9	1.600000E-9	4.996000E-9	1.664000E-6	575.300000E-6	0.000000E+0	-112.345000E+0	54.994000E+0	NaN	NaN
	25/11/2022 10:29:14	-65.252000E-3	6.060000E-9	1.590000E-9	4.996000E-9	1.664000E-6	576.790000E-6	0.000000E+0	-112.121000E+0	55.219000E+0	NaN	NaN
	25/11/2022 10:29:22	-65.205000E-3	6.110000E-9	1.600000E-9	4.996000E-9	1.664000E-6	594.050000E-6	0.000000E+0	-112.233000E+0	54.994000E+0	NaN	NaN
	25/11/2022 10:29:29	-65.550000E-3	6.050000E-9	1.580000E-9	4.996000E-9	1.664000E-6	579.240000E-6	0.000000E+0	-112.345000E+0	54.994000E+0	NaN	NaN
	25/11/2022 10:29:36	-65.279000E-3	6.140000E-9	1.610000E-9	4.996000E-9	1.664000E-6	579.510000E-6	0.000000E+0	-112.345000E+0	55.106000E+0	NaN	NaN
	25/11/2022 10:29:43	-65.205000E-3	6.170000E-9	1.610000E-9	4.996000E-9	1.664000E-6	577.270000E-6	0.000000E+0	-112.233000E+0	54.994000E+0	NaN	NaN
	25/11/2022 10:29:50	-65.130000E-3	6.190000E-9	1.620000E-9	4.996000E-9	1.664000E-6	574.320000E-6	0.000000E+0	-112.233000E+0	54.994000E+0	NaN	NaN
	25/11/2022 10:29:58	-64.981000E-3	6.190000E-9	1.620000E-9	4.996000E-9	1.666000E-6	579.240000E-6	0.000000E+0	-112.121000E+0	55.219000E+0	NaN	NaN
	25/11/2022 10:30:05	-65.622000E-3	6.160000E-9	1.610000E-9	4.996000E-9	1.664000E-6	579.980000E-6	0.000000E+0	-112.121000E+0	55.106000E+0	NaN	NaN
	25/11/2022 10:30:12	-65.377000E-3	6.190000E-9	1.620000E-9	4.996000E-9	1.664000E-6	581.230000E-6	0.000000E+0	-112.345000E+0	55.106000E+0	NaN	NaN
	25/11/2022 10:30:19	-65.476000E-3	6.400000E-9	1.670000E-9	4.996000E-9	1.664000E-6	576.530000E-6	0.000000E+0	-112.121000E+0	54.994000E+0	NaN	NaN
	25/11/2022 10:30:26	-64.808000E-3	6.470000E-9	1.680000E-9	4.996000E-9	1.664000E-6	597.980000E-6	0.000000E+0	-112.233000E+0	54.882000E+0	NaN	NaN
	25/11/2022 10:30:33	-65.178000E-3	6.420000E-9	1.680000E-9	4.996000E-9	1.664000E-6	583.200000E-6	0.000000E+0	-112.345000E+0	55.106000E+0	NaN	NaN
	25/11/2022 10:30:41	-64.760000E-3	6.470000E-9	1.680000E-9	4.996000E-9	1.664000E-6	580.730000E-6	0.000000E+0	-112.233000E+0	55.106000E+0	NaN	NaN
	25/11/2022 10:30:48	-65.279000E-3	6.440000E-9	1.670000E-9	4.996000E-9	1.666000E-6	580.250000E-6	0.000000E+0	-112.233000E+0	55.106000E+0	NaN	NaN
	25/11/2022 10:30:55	-65.205000E-3	6.410000E-9	1.670000E-9	4.996000E-9	1.666000E-6	577.270000E-6	0.000000E+0	-112.233000E+0	55.219000E+0	NaN	NaN
	25/11/2022 10:31:02	-65.523000E-3	6.430000E-9	1.670000E-9	4.996000E-9	1.666000E-6	574.560000E-6	0.000000E+0	-112.121000E+0	54.994000E+0	NaN	NaN
	25/11/2022 10:31:09	-65.500000E-3	6.390000E-9	1.650000E-9	4.996000E-9	1.666000E-6	582.460000E-6	0.000000E+0	-112.345000E+0	54.994000E+0	NaN	NaN
	25/11/2022 10:31:16	-65.205000E-3	6.340000E-9	1.640000E-9	4.996000E-9	1.666000E-6	579.980000E-6	0.000000E+0	-112.233000E+0	54.994000E+0	NaN	NaN
	25/11/2022 10:31:24	-65.672000E-3	6.430000E-9	1.660000E-9	4.996000E-9	1.666000E-6	576.790000E-6	0.000000E+0	-112.121000E+0	55.106000E+0	NaN	NaN
	25/11/2022 10:31:31	-65.550000E-3	6.400000E-9	1.650000E-9	4.996000E-9	1.666000E-6	569.880000E-6	0.000000E+0	-112.233000E+0	54.994000E+0	NaN	NaN
	25/11/2022 10:31:38	-65.351000E-3	6.460000E-9	1.670000E-9	4.996000E-9	1.666000E-6	575.070000E-6	0.000000E+0	-112.121000E+0	55.219000E+0	NaN	NaN
	25/11/2022 10:31:45	-65.523000E-3	6.350000E-9	1.640000E-9	4.996000E-9	1.666000E-6	587.880000E-6	0.000000E+0	-112.233000E+0	54.994000E+0	NaN	NaN
	25/11/2022 10:31:52	-65.008000E-3	6.330000E-9	1.640000E-9	4.996000E-9	1.666000E-6	561.740000E-6	0.000000E+0	-112.345000E+0	54.994000E+0	NaN	NaN
	25/11/2022 10:32:00	-65.303000E-3	6.350000E-9	1.650000E-9	4.996000E-9	1.672000E-6	576.790000E-6	0.000000E+0	-112.233000E+0	55.106000E+0	NaN	NaN
	25/11/2022 10:32:07	-65.303000E-3	6.380000E-9	1.650000E-9	4.996000E-9	1.670000E-6	576.530000E-6	0.000000E+0	-112.121000E+0	54.994000E+0	NaN	NaN
	25/11/2022 10:32:14	-65.130000E-3	6.450000E-9	1.670000E-9	4.996000E-9	1.668000E-6	583.200000E-6	0.000000E+0	-112.233000E+0	54.994000E+0	NaN	NaN
	25/11/2022 10:32:21	-65.106000E-3	6.410000E-9	1.660000E-9	4.996000E-9	1.672000E-6	576.050000E-6	0.000000E+0	-112.233000E+0	55.106000E+0	NaN	NaN
	25/11/2022 10:32:28	-65.205000E-3	6.480000E-9	1.680000E-9	4.996000E-9	1.668000E-6	578.020000E-6	0.000000E+0	-112.233000E+0	55.106000E+0	NaN	NaN
	25/11/2022 10:32:36	-65.449000E-3	6.420000E-9	1.670000E-9	4.996000E-9	1.668000E-6	581.470000E-6	0.000000E+0	-112.345000E+0	55.106000E+0	NaN	NaN
	25/11/2022 10:32:43	-65.449000E-3	6.530000E-9	1.700000E-9	4.996000E-9	1.672000E-6	576.050000E-6	0.000000E+0	-112.233000E+0	55.106000E+0	NaN	NaN
	25/11/2022 10:32:50	-65.649000E-3	6.580000E-9	1.710000E-9	4.996000E-9	1.670000E-6	579.510000E-6	0.000000E+0	-112.233000E+0	55.106000E+0	NaN	NaN
	25/11/2022 10:32:57	-65.079000E-3	6.530000E-9	1.680000E-9	4.996000E-9	1.672000E-6	578.760000E-6	0.000000E+0	-112.008000E+0	54.994000E+0	NaN	NaN
	25/11/2022 10:33:04	-65.205000E-3	6.520000E-9	1.690000E-9	4.996000E-9	1.674000E-6	574.560000E-6	0.000000E+0	-112.345000E+0	54.994000E+0	NaN	NaN
	25/11/2022 10:33:12	-65.008000E-3	6.530000E-9	1.690000E-9	4.996000E-9	1.672000E-6	572.090000E-6	0.000000E+0	-112.233000E+0	54.994000E+0	NaN	NaN
	25/11/2022 10:33:19	-65.449000E-3	6.630000E-9	1.720000E-9	4.996000E-9	1.674000E-6	576.050000E-6	0.000000E+0	-112.121000E+0	55.106000E+0	NaN	NaN
	25/11/2022 10:33:26	-65.205000E-3	6.710000E-9	1.740000E-9	4.996000E-9	1.674000E-6	586.660000E-6	0.000000E+0	-112.233000E+0	54.994000E+0	NaN	NaN
	25/11/2022 10:33:33	-65.032000E-3	6.700000E-9	1.730000E-9	4.996000E-9	1.674000E-6	579.980000E-6	0.000000E+0	-112.345000E+0	55.219000E+0	NaN	NaN
	25/11/2022 10:33:40	-64.760000E-3	6.680000E-9	1.720000E-9	4.996000E-9	1.672000E-6	586.390000E-6	0.000000E+0	-112.121000E+0	55.106000E+0	NaN	NaN
	25/11/2022 10:33:47	-65.252000E-3	6.640000E-9	1.710000E-9	4.996000E-9	1.674000E-6	576.050000E-6	0.000000E+0	-112.233000E+0	55.106000E+0	NaN	NaN
	25/11/2022 10:33:55	-65.598000E-3	6.680000E-9	1.730000E-9	4.996000E-9	1.674000E-6	578.520000E-6	0.000000E+0	-112.233000E+0	54.994000E+0	NaN	NaN
	25/11/2022 10:34:02	-65.327000E-3	6.700000E-9	1.740000E-9	4.996000E-9	1.674000E-6	581.950000E-6	0.000000E+0	-112.345000E+0	55.219000E+0	NaN	NaN
	25/11/2022 10:34:09	-65.205000E-3	6.760000E-9	1.750000E-9	4.996000E-9	1.674000E-6	573.100000E-6	0.000000E+0	-112.345000E+0	54.994000E+0	NaN	NaN
	25/11/2022 10:34:16	-65.845000E-3	6.820000E-9	1.770000E-9	4.996000E-9	1.674000E-6	578.520000E-6	0.000000E+0	-112.233000E+0	54.994000E+0	NaN	NaN
	25/11/2022 10:34:23	-65.672000E-3	6.840000E-9	1.770000E-9	4.996000E-9	1.676000E-6	586.150000E-6	0.000000E+0	-112.233000E+0	54.994000E+0	NaN	NaN
	25/11/2022 10:34:30	-65.747000E-3	6.850000E-9	1.760000E-9	4.996000E-9	1.676000E-6	584.930000E-6	0.000000E+0	-112.345000E+0	54.994000E+0	NaN	NaN
	25/11/2022 10:34:38	-65.303000E-3	6.850000E-9	1.760000E-9	4.996000E-9	1.674000E-6	577.540000E-6	0.000000E+0	-112.233000E+0	55.106000E+0	NaN	NaN
	25/11/2022 10:34:45	-65.598000E-3	6.760000E-9	1.740000E-9	4.996000E-9	1.676000E-6	586.660000E-6	0.000000E+0	-112.233000E+0	55.106000E+0	NaN	NaN
	25/11/2022 10:34:52	-65.771000E-3	6.820000E-9	1.760000E-9	4.996000E-9	1.676000E-6	540.290000E-6	0.000000E+0	-112.233000E+0	55.219000E+0	NaN	NaN
	25/11/2022 10:34:59	-64.737000E-3	6.860000E-9	1.770000E-9	4.996000E-9	1.674000E-6	542.760000E-6	0.000000E+0	-112.345000E+0	54.994000E+0	NaN	NaN
	25/11/2022 10:35:06	-64.981000E-3	6.740000E-9	1.740000E-9	4.996000E-9	1.676000E-6	543.740000E-6	0.000000E+0	-112.121000E+0	55.106000E+0	NaN	NaN
	25/11/2022 10:35:13	-65.279000E-3	6.740000E-9	1.740000E-9	4.996000E-9	1.676000E-6	550.390000E-6	0.000000E+0	-112.233000E+0	54.882000E+0	NaN	NaN
	25/11/2022 10:35:21	-65.550000E-3	6.740000E-9	1.730000E-9	4.996000E-9	1.676000E-6	538.080000E-6	0.000000E+0	-112.457000E+0	55.106000E+0	NaN	NaN
	25/11/2022 10:35:28	-65.649000E-3	6.680000E-9	1.720000E-9	4.996000E-9	1.676000E-6	537.100000E-6	0.000000E+0	-112.121000E+0	54.994000E+0	NaN	NaN
	25/11/2022 10:35:35	-65.079000E-3	6.680000E-9	1.710000E-9	4.996000E-9	1.676000E-6	534.860000E-6	0.000000E+0	-112.233000E+0	55.106000E+0	NaN	NaN
	25/11/2022 10:35:42	-65.327000E-3	6.590000E-9	1.690000E-9	4.996000E-9	1.676000E-6	537.100000E-6	0.000000E+0	-112.121000E+0	54.882000E+0	NaN	NaN
	25/11/2022 10:35:49	-65.401000E-3	6.570000E-9	1.690000E-9	4.996000E-9	1.676000E-6	536.590000E-6	0.000000E+0	-112.345000E+0	54.994000E+0	NaN	NaN
	25/11/2022 10:35:57	-65.598000E-3	6.620000E-9	1.710000E-9	4.996000E-9	1.678000E-6	571.610000E-6	0.000000E+0	-112.233000E+0	55.219000E+0	NaN	NaN
	25/11/2022 10:36:04	-65.303000E-3	6.750000E-9	1.740000E-9	4.996000E-9	1.678000E-6	545.230000E-6	0.000000E+0	-112.233000E+0	55.106000E+0	NaN	NaN
	25/11/2022 10:36:11	-65.377000E-3	6.630000E-9	1.710000E-9	4.996000E-9	1.678000E-6	566.660000E-6	0.000000E+0	-112.233000E+0	54.882000E+0	NaN	NaN
	25/11/2022 10:36:18	-65.771000E-3	6.580000E-9	1.690000E-9	4.996000E-9	1.678000E-6	538.560000E-6	0.000000E+0	-112.345000E+0	55.106000E+0	NaN	NaN
	25/11/2022 10:36:25	-65.008000E-3	6.600000E-9	1.690000E-9	4.996000E-9	1.678000E-6	534.390000E-6	0.000000E+0	-112.121000E+0	54.994000E+0	NaN	NaN
	25/11/2022 10:36:32	-65.327000E-3	6.590000E-9	1.700000E-9	4.996000E-9	1.678000E-6	572.590000E-6	0.000000E+0	-112.233000E+0	55.106000E+0	NaN	NaN
	25/11/2022 10:36:39	-65.279000E-3	6.680000E-9	1.720000E-9	4.996000E-9	1.678000E-6	535.130000E-6	0.000000E+0	-112.233000E+0	54.994000E+0	NaN	NaN
	25/11/2022 10:36:47	-65.228000E-3	6.690000E-9	1.720000E-9	4.996000E-9	1.678000E-6	539.810000E-6	0.000000E+0	-112.233000E+0	55.106000E+0	NaN	NaN
	25/11/2022 10:36:54	-65.696000E-3	6.670000E-9	1.720000E-9	4.996000E-9	1.678000E-6	563.470000E-6	0.000000E+0	-112.121000E+0	55.106000E+0	NaN	NaN
	25/11/2022 10:37:01	-65.279000E-3	6.740000E-9	1.740000E-9	4.996000E-9	1.678000E-6	539.060000E-6	0.000000E+0	-112.233000E+0	55.106000E+0	NaN	NaN
	25/11/2022 10:37:08	-65.008000E-3	6.770000E-9	1.750000E-9	4.996000E-9	1.678000E-6	553.100000E-6	0.000000E+0	-112.233000E+0	55.106000E+0	NaN	NaN
	25/11/2022 10:37:15	-65.523000E-3	6.810000E-9	1.750000E-9	4.996000E-9	1.680000E-6	561.740000E-6	0.000000E+0	-112.233000E+0	54.882000E+0	NaN	NaN
	25/11/2022 10:37:23	-65.523000E-3	6.820000E-9	1.750000E-9	4.996000E-9	1.680000E-6	533.880000E-6	0.000000E+0	-112.345000E+0	54.994000E+0	NaN	NaN
	25/11/2022 10:37:30	-65.449000E-3	6.780000E-9	1.740000E-9	4.996000E-9	1.678000E-6	534.620000E-6	0.000000E+0	-112.233000E+0	55.219000E+0	NaN	NaN
	25/11/2022 10:37:37	-65.920000E-3	6.800000E-9	1.750000E-9	4.996000E-9	1.680000E-6	540.290000E-6	0.000000E+0	-112.233000E+0	54.994000E+0	NaN	NaN
	25/11/2022 10:37:44	-65.795000E-3	6.800000E-9	1.750000E-9	4.996000E-9	1.680000E-6	533.400000E-6	0.000000E+0	-112.121000E+0	54.994000E+0	NaN	NaN
	25/11/2022 10:37:51	-65.130000E-3	6.830000E-9	1.750000E-9	4.996000E-9	1.680000E-6	538.320000E-6	0.000000E+0	-112.121000E+0	55.106000E+0	NaN	NaN
	25/11/2022 10:37:58	-65.500000E-3	6.680000E-9	1.710000E-9	4.996000E-9	1.680000E-6	542.520000E-6	0.000000E+0	-112.233000E+0	54.994000E+0	NaN	NaN
	25/11/2022 10:38:06	-65.476000E-3	6.620000E-9	1.690000E-9	4.996000E-9	1.680000E-6	538.560000E-6	0.000000E+0	-112.233000E+0	55.106000E+0	NaN	NaN
	25/11/2022 10:38:13	-65.279000E-3	6.630000E-9	1.700000E-9	4.996000E-9	1.682000E-6	537.570000E-6	0.000000E+0	-112.121000E+0	55.106000E+0	NaN	NaN
	25/11/2022 10:38:20	-65.425000E-3	6.670000E-9	1.720000E-9	4.996000E-9	1.682000E-6	539.810000E-6	0.000000E+0	-112.233000E+0	54.994000E+0	NaN	NaN
	25/11/2022 10:38:27	-65.771000E-3	6.760000E-9	1.740000E-9	4.996000E-9	1.682000E-6	546.690000E-6	0.000000E+0	-112.345000E+0	55.106000E+0	NaN	NaN
	25/11/2022 10:38:34	-65.550000E-3	6.850000E-9	1.770000E-9	4.996000E-9	1.682000E-6	535.850000E-6	0.000000E+0	-112.121000E+0	54.994000E+0	NaN	NaN
	25/11/2022 10:38:41	-65.055000E-3	6.790000E-9	1.740000E-9	4.996000E-9	1.682000E-6	538.830000E-6	0.000000E+0	-112.233000E+0	55.106000E+0	NaN	NaN
	25/11/2022 10:38:49	-65.845000E-3	6.800000E-9	1.730000E-9	4.996000E-9	1.684000E-6	537.340000E-6	0.000000E+0	-112.121000E+0	55.106000E+0	NaN	NaN
	25/11/2022 10:38:56	-65.425000E-3	6.630000E-9	1.680000E-9	4.996000E-9	1.682000E-6	536.350000E-6	0.000000E+0	-112.233000E+0	55.106000E+0	NaN	NaN
	25/11/2022 10:39:03	-65.279000E-3	5.860000E-9	1.540000E-9	4.996000E-9	1.682000E-6	564.960000E-6	0.000000E+0	-112.233000E+0	55.219000E+0	NaN	NaN
	25/11/2022 10:39:10	-65.178000E-3	5.770000E-9	1.520000E-9	4.996000E-9	1.684000E-6	546.690000E-6	0.000000E+0	-112.233000E+0	55.106000E+0	NaN	NaN
	25/11/2022 10:39:17	-64.981000E-3	5.720000E-9	1.500000E-9	4.996000E-9	1.684000E-6	539.300000E-6	0.000000E+0	-112.121000E+0	55.106000E+0	NaN	NaN
	25/11/2022 10:39:24	-65.205000E-3	5.680000E-9	1.500000E-9	4.996000E-9	1.684000E-6	542.250000E-6	0.000000E+0	-112.008000E+0	55.219000E+0	NaN	NaN
	25/11/2022 10:39:32	-65.523000E-3	5.670000E-9	1.500000E-9	4.996000E-9	1.684000E-6	540.050000E-6	0.000000E+0	-112.345000E+0	54.994000E+0	NaN	NaN
	25/11/2022 10:39:39	-65.154000E-3	5.640000E-9	1.490000E-9	4.996000E-9	1.684000E-6	536.830000E-6	0.000000E+0	-112.345000E+0	54.994000E+0	NaN	NaN
	25/11/2022 10:39:46	-65.500000E-3	5.600000E-9	1.480000E-9	4.996000E-9	1.684000E-6	541.540000E-6	0.000000E+0	-112.008000E+0	55.106000E+0	NaN	NaN
	25/11/2022 10:39:53	-65.425000E-3	5.600000E-9	1.480000E-9	4.996000E-9	1.686000E-6	541.270000E-6	0.000000E+0	-112.121000E+0	54.994000E+0	NaN	NaN
	25/11/2022 10:40:00	-65.401000E-3	5.620000E-9	1.480000E-9	4.996000E-9	1.684000E-6	562.970000E-6	0.000000E+0	-112.345000E+0	54.994000E+0	NaN	NaN
	25/11/2022 10:40:08	-65.821000E-3	5.640000E-9	1.480000E-9	4.996000E-9	1.686000E-6	537.340000E-6	0.000000E+0	-112.457000E+0	55.106000E+0	NaN	NaN
	25/11/2022 10:40:15	-65.425000E-3	5.630000E-9	1.480000E-9	4.996000E-9	1.684000E-6	538.830000E-6	0.000000E+0	-112.233000E+0	54.994000E+0	NaN	NaN
	25/11/2022 10:40:22	-65.178000E-3	5.590000E-9	1.470000E-9	4.996000E-9	1.686000E-6	544.970000E-6	0.000000E+0	-112.233000E+0	55.106000E+0	NaN	NaN
	25/11/2022 10:40:29	-65.154000E-3	5.530000E-9	1.460000E-9	4.996000E-9	1.686000E-6	541.270000E-6	0.000000E+0	-112.233000E+0	55.106000E+0	NaN	NaN
	25/11/2022 10:40:36	-65.869000E-3	5.550000E-9	1.470000E-9	4.996000E-9	1.686000E-6	537.100000E-6	0.000000E+0	-112.233000E+0	55.219000E+0	NaN	NaN
	25/11/2022 10:40:44	-65.425000E-3	5.600000E-9	1.480000E-9	4.996000E-9	1.686000E-6	535.850000E-6	0.000000E+0	-112.233000E+0	54.994000E+0	NaN	NaN
	25/11/2022 10:40:51	-65.523000E-3	5.600000E-9	1.480000E-9	4.996000E-9	1.688000E-6	580.490000E-6	0.000000E+0	-112.121000E+0	54.994000E+0	NaN	NaN
	25/11/2022 10:40:58	-65.178000E-3	5.560000E-9	1.480000E-9	4.996000E-9	1.688000E-6	579.510000E-6	0.000000E+0	-112.233000E+0	55.106000E+0	NaN	NaN
	25/11/2022 10:41:05	-65.327000E-3	5.540000E-9	1.470000E-9	4.996000E-9	1.688000E-6	581.230000E-6	0.000000E+0	-112.008000E+0	55.106000E+0	NaN	NaN
	25/11/2022 10:41:12	-65.747000E-3	5.540000E-9	1.470000E-9	4.996000E-9	1.688000E-6	589.370000E-6	0.000000E+0	-112.121000E+0	54.882000E+0	NaN	NaN
	25/11/2022 10:41:19	-65.795000E-3	5.540000E-9	1.460000E-9	4.996000E-9	1.688000E-6	572.830000E-6	0.000000E+0	-112.345000E+0	54.994000E+0	NaN	NaN
	25/11/2022 10:41:27	-64.906000E-3	5.520000E-9	1.460000E-9	4.996000E-9	1.690000E-6	607.370000E-6	0.000000E+0	-112.233000E+0	54.882000E+0	NaN	NaN
	25/11/2022 10:41:34	-65.032000E-3	5.430000E-9	1.430000E-9	4.996000E-9	1.688000E-6	579.000000E-6	0.000000E+0	-112.233000E+0	55.106000E+0	NaN	NaN
	25/11/2022 10:41:41	-65.893000E-3	5.460000E-9	1.440000E-9	4.996000E-9	1.688000E-6	581.950000E-6	0.000000E+0	-112.233000E+0	54.994000E+0	NaN	NaN
	25/11/2022 10:41:48	-65.154000E-3	5.460000E-9	1.430000E-9	4.996000E-9	1.690000E-6	577.270000E-6	0.000000E+0	-112.345000E+0	55.219000E+0	NaN	NaN
	25/11/2022 10:41:55	-64.859000E-3	5.450000E-9	1.430000E-9	4.996000E-9	1.690000E-6	575.540000E-6	0.000000E+0	-112.233000E+0	54.994000E+0	NaN	NaN
	25/11/2022 10:42:03	-65.425000E-3	5.430000E-9	1.430000E-9	4.996000E-9	1.688000E-6	580.490000E-6	0.000000E+0	-112.345000E+0	55.106000E+0	NaN	NaN
	25/11/2022 10:42:10	-65.228000E-3	5.430000E-9	1.430000E-9	4.996000E-9	1.690000E-6	579.740000E-6	0.000000E+0	-112.233000E+0	55.219000E+0	NaN	NaN
	25/11/2022 10:42:17	-65.327000E-3	5.450000E-9	1.440000E-9	4.996000E-9	1.690000E-6	578.520000E-6	0.000000E+0	-112.233000E+0	55.219000E+0	NaN	NaN
	25/11/2022 10:42:24	-65.649000E-3	5.560000E-9	1.460000E-9	4.996000E-9	1.690000E-6	577.780000E-6	0.000000E+0	-112.345000E+0	54.994000E+0	NaN	NaN
	25/11/2022 10:42:31	-65.008000E-3	5.640000E-9	1.490000E-9	4.996000E-9	1.690000E-6	577.780000E-6	0.000000E+0	-112.233000E+0	55.106000E+0	NaN	NaN
	25/11/2022 10:42:39	-65.303000E-3	5.740000E-9	1.520000E-9	4.996000E-9	1.692000E-6	594.790000E-6	0.000000E+0	-112.121000E+0	54.994000E+0	NaN	NaN
	25/11/2022 10:42:46	-65.425000E-3	16.000000E-9	15.700000E-9	7.145000E-9	1.690000E-6	571.610000E-6	0.000000E+0	-112.121000E+0	55.219000E+0	NaN	NaN
	25/11/2022 10:42:53	-65.228000E-3	6.570000E-9	1.910000E-9	4.996000E-9	1.690000E-6	578.520000E-6	0.000000E+0	-112.233000E+0	54.994000E+0	NaN	NaN
	25/11/2022 10:43:00	-65.649000E-3	6.480000E-9	1.830000E-9	4.996000E-9	1.690000E-6	572.090000E-6	0.000000E+0	-112.345000E+0	55.219000E+0	NaN	NaN
	25/11/2022 10:43:07	-65.821000E-3	6.500000E-9	1.820000E-9	4.996000E-9	1.692000E-6	582.220000E-6	0.000000E+0	-112.233000E+0	54.994000E+0	NaN	NaN
	25/11/2022 10:43:14	-64.981000E-3	6.560000E-9	1.800000E-9	4.996000E-9	1.692000E-6	578.250000E-6	0.000000E+0	-112.345000E+0	55.219000E+0	NaN	NaN
	25/11/2022 10:43:22	-65.550000E-3	6.500000E-9	1.790000E-9	4.996000E-9	1.692000E-6	574.830000E-6	0.000000E+0	-112.345000E+0	55.106000E+0	NaN	NaN
	25/11/2022 10:43:29	-65.228000E-3	6.600000E-9	1.800000E-9	4.996000E-9	1.692000E-6	613.270000E-6	0.000000E+0	-112.233000E+0	54.994000E+0	NaN	NaN
	25/11/2022 10:43:36	-66.093000E-3	6.570000E-9	1.810000E-9	4.996000E-9	1.692000E-6	620.190000E-6	0.000000E+0	-112.233000E+0	54.994000E+0	NaN	NaN
	25/11/2022 10:43:43	-65.351000E-3	6.450000E-9	1.770000E-9	4.996000E-9	1.692000E-6	575.540000E-6	0.000000E+0	-112.233000E+0	55.219000E+0	NaN	NaN
	25/11/2022 10:43:50	-65.154000E-3	6.460000E-9	1.770000E-9	4.996000E-9	1.692000E-6	583.680000E-6	0.000000E+0	-112.233000E+0	54.994000E+0	NaN	NaN
	25/11/2022 10:43:57	-65.178000E-3	6.570000E-9	1.800000E-9	4.996000E-9	1.692000E-6	589.610000E-6	0.000000E+0	-112.345000E+0	54.994000E+0	NaN	NaN
	25/11/2022 10:44:05	-65.327000E-3	6.740000E-9	1.840000E-9	4.996000E-9	1.694000E-6	573.580000E-6	0.000000E+0	-112.008000E+0	54.994000E+0	NaN	NaN
	25/11/2022 10:44:12	-65.476000E-3	6.590000E-9	1.800000E-9	4.996000E-9	1.694000E-6	578.520000E-6	0.000000E+0	-112.121000E+0	55.106000E+0	NaN	NaN
	25/11/2022 10:44:19	-65.672000E-3	6.620000E-9	1.810000E-9	4.996000E-9	1.694000E-6	615.510000E-6	0.000000E+0	-112.233000E+0	54.994000E+0	NaN	NaN
	25/11/2022 10:44:26	-65.920000E-3	6.830000E-9	1.860000E-9	4.996000E-9	1.694000E-6	582.700000E-6	0.000000E+0	-112.233000E+0	54.994000E+0	NaN	NaN
	25/11/2022 10:44:33	-65.622000E-3	7.070000E-9	1.920000E-9	4.996000E-9	1.694000E-6	581.470000E-6	0.000000E+0	-112.233000E+0	54.994000E+0	NaN	NaN
	25/11/2022 10:44:41	-65.106000E-3	7.060000E-9	1.920000E-9	4.996000E-9	1.796000E-6	599.240000E-6	0.000000E+0	-112.233000E+0	55.106000E+0	NaN	NaN
	25/11/2022 10:44:48	-65.622000E-3	6.990000E-9	1.890000E-9	4.996000E-9	1.771000E-6	576.530000E-6	0.000000E+0	-112.121000E+0	55.106000E+0	NaN	NaN
	25/11/2022 10:44:55	-64.957000E-3	6.840000E-9	1.850000E-9	4.996000E-9	1.748000E-6	580.730000E-6	0.000000E+0	-112.345000E+0	55.106000E+0	NaN	NaN
	25/11/2022 10:45:02	-65.327000E-3	6.620000E-9	1.790000E-9	4.996000E-9	1.731000E-6	580.490000E-6	0.000000E+0	-112.233000E+0	54.994000E+0	NaN	NaN
	25/11/2022 10:45:09	-65.622000E-3	6.570000E-9	1.790000E-9	4.996000E-9	1.729000E-6	588.630000E-6	0.000000E+0	-112.233000E+0	55.106000E+0	NaN	NaN
	25/11/2022 10:45:17	-65.205000E-3	6.500000E-9	1.760000E-9	4.996000E-9	1.727000E-6	580.490000E-6	0.000000E+0	-112.345000E+0	55.106000E+0	NaN	NaN
	25/11/2022 10:45:24	-65.106000E-3	6.520000E-9	1.760000E-9	4.996000E-9	1.718000E-6	543.000000E-6	0.000000E+0	-112.121000E+0	54.994000E+0	NaN	NaN
	25/11/2022 10:45:31	-65.327000E-3	6.490000E-9	1.740000E-9	4.996000E-9	1.712000E-6	536.110000E-6	0.000000E+0	-112.233000E+0	55.219000E+0	NaN	NaN
	25/11/2022 10:45:38	-65.449000E-3	6.400000E-9	1.730000E-9	4.996000E-9	1.710000E-6	531.910000E-6	0.000000E+0	-112.233000E+0	54.994000E+0	NaN	NaN
	25/11/2022 10:45:45	-65.425000E-3	6.490000E-9	1.750000E-9	4.996000E-9	1.710000E-6	547.680000E-6	0.000000E+0	-112.345000E+0	55.106000E+0	NaN	NaN
	25/11/2022 10:45:52	-65.154000E-3	6.440000E-9	1.730000E-9	4.996000E-9	1.710000E-6	536.830000E-6	0.000000E+0	-112.345000E+0	55.219000E+0	NaN	NaN
	25/11/2022 10:46:00	-65.351000E-3	6.410000E-9	1.730000E-9	4.996000E-9	1.710000E-6	533.640000E-6	0.000000E+0	-112.233000E+0	54.882000E+0	NaN	NaN
	25/11/2022 10:46:07	-65.032000E-3	6.360000E-9	1.710000E-9	4.996000E-9	1.710000E-6	531.910000E-6	0.000000E+0	-112.345000E+0	54.994000E+0	NaN	NaN
	25/11/2022 10:46:14	-65.449000E-3	6.380000E-9	1.710000E-9	4.996000E-9	1.710000E-6	540.550000E-6	0.000000E+0	-112.345000E+0	54.994000E+0	NaN	NaN
	25/11/2022 10:46:21	-65.869000E-3	6.290000E-9	1.690000E-9	4.996000E-9	1.710000E-6	545.980000E-6	0.000000E+0	-112.233000E+0	55.106000E+0	NaN	NaN
	25/11/2022 10:46:28	-65.622000E-3	6.310000E-9	1.700000E-9	4.996000E-9	1.710000E-6	534.620000E-6	0.000000E+0	-112.345000E+0	55.106000E+0	NaN	NaN
	25/11/2022 10:46:36	-65.967000E-3	6.320000E-9	1.710000E-9	4.996000E-9	1.710000E-6	557.070000E-6	0.000000E+0	-112.233000E+0	55.106000E+0	NaN	NaN
	25/11/2022 10:46:43	-65.303000E-3	6.340000E-9	1.700000E-9	4.996000E-9	1.710000E-6	536.830000E-6	0.000000E+0	-112.457000E+0	54.994000E+0	NaN	NaN
	25/11/2022 10:46:50	-65.598000E-3	6.310000E-9	1.700000E-9	4.996000E-9	1.727000E-6	544.730000E-6	0.000000E+0	-112.345000E+0	55.106000E+0	NaN	NaN
	25/11/2022 10:46:57	-65.377000E-3	6.350000E-9	1.700000E-9	4.996000E-9	1.727000E-6	567.910000E-6	0.000000E+0	-112.008000E+0	54.994000E+0	NaN	NaN
	25/11/2022 10:47:04	-65.425000E-3	6.330000E-9	1.700000E-9	4.996000E-9	1.727000E-6	544.490000E-6	0.000000E+0	-112.233000E+0	55.106000E+0	NaN	NaN
	25/11/2022 10:47:11	-65.845000E-3	6.340000E-9	1.710000E-9	4.996000E-9	1.725000E-6	536.830000E-6	0.000000E+0	-112.345000E+0	55.219000E+0	NaN	NaN
	25/11/2022 10:47:19	-65.500000E-3	6.330000E-9	1.700000E-9	4.996000E-9	1.725000E-6	541.030000E-6	0.000000E+0	-112.233000E+0	55.106000E+0	NaN	NaN
	25/11/2022 10:47:26	-64.906000E-3	6.340000E-9	1.700000E-9	4.996000E-9	1.712000E-6	529.200000E-6	0.000000E+0	-112.121000E+0	55.219000E+0	NaN	NaN
	25/11/2022 10:47:33	-65.079000E-3	6.400000E-9	1.720000E-9	4.996000E-9	1.712000E-6	535.130000E-6	0.000000E+0	-112.345000E+0	54.994000E+0	NaN	NaN
	25/11/2022 10:47:40	-66.093000E-3	6.370000E-9	1.710000E-9	4.996000E-9	1.712000E-6	553.610000E-6	0.000000E+0	-112.121000E+0	55.219000E+0	NaN	NaN
	25/11/2022 10:47:47	-65.377000E-3	6.340000E-9	1.700000E-9	4.996000E-9	1.712000E-6	566.660000E-6	0.000000E+0	-112.233000E+0	54.882000E+0	NaN	NaN
	25/11/2022 10:47:54	-65.598000E-3	6.360000E-9	1.700000E-9	4.996000E-9	1.712000E-6	535.130000E-6	0.000000E+0	-112.121000E+0	55.106000E+0	NaN	NaN
	25/11/2022 10:48:02	-64.981000E-3	6.350000E-9	1.690000E-9	4.996000E-9	1.712000E-6	536.830000E-6	0.000000E+0	-112.233000E+0	55.106000E+0	NaN	NaN
	25/11/2022 10:48:09	-64.981000E-3	6.350000E-9	1.690000E-9	4.996000E-9	1.714000E-6	546.960000E-6	0.000000E+0	-112.233000E+0	54.994000E+0	NaN	NaN
	25/11/2022 10:48:16	-64.737000E-3	6.360000E-9	1.690000E-9	4.996000E-9	1.712000E-6	533.640000E-6	0.000000E+0	-112.233000E+0	55.106000E+0	NaN	NaN
	25/11/2022 10:48:23	-65.476000E-3	6.400000E-9	1.700000E-9	4.996000E-9	1.720000E-6	542.760000E-6	0.000000E+0	-112.345000E+0	55.106000E+0	NaN	NaN
	25/11/2022 10:48:30	-65.795000E-3	6.430000E-9	1.710000E-9	4.996000E-9	1.712000E-6	547.950000E-6	0.000000E+0	-112.233000E+0	55.106000E+0	NaN	NaN
	25/11/2022 10:48:38	-65.523000E-3	6.470000E-9	1.730000E-9	4.996000E-9	1.712000E-6	543.500000E-6	0.000000E+0	-112.345000E+0	55.106000E+0	NaN	NaN
	25/11/2022 10:48:45	-65.523000E-3	6.450000E-9	1.730000E-9	4.996000E-9	1.712000E-6	538.560000E-6	0.000000E+0	-112.233000E+0	54.994000E+0	NaN	NaN
	25/11/2022 10:48:52	-65.598000E-3	6.510000E-9	1.750000E-9	4.996000E-9	1.712000E-6	539.060000E-6	0.000000E+0	-112.345000E+0	54.994000E+0	NaN	NaN
	25/11/2022 10:48:59	-65.303000E-3	6.550000E-9	1.740000E-9	4.996000E-9	1.710000E-6	542.010000E-6	0.000000E+0	-112.345000E+0	54.994000E+0	NaN	NaN
	25/11/2022 10:49:06	-65.622000E-3	6.370000E-9	1.700000E-9	4.996000E-9	1.710000E-6	578.020000E-6	0.000000E+0	-112.121000E+0	54.994000E+0	NaN	NaN
	25/11/2022 10:49:13	-65.574000E-3	6.600000E-9	1.750000E-9	4.996000E-9	1.710000E-6	557.540000E-6	0.000000E+0	-112.233000E+0	54.994000E+0	NaN	NaN
	25/11/2022 10:49:21	-65.377000E-3	6.560000E-9	1.740000E-9	4.996000E-9	1.710000E-6	555.340000E-6	0.000000E+0	-112.233000E+0	54.994000E+0	NaN	NaN
	25/11/2022 10:49:28	-65.672000E-3	6.410000E-9	1.710000E-9	4.996000E-9	1.710000E-6	537.570000E-6	0.000000E+0	-112.345000E+0	54.994000E+0	NaN	NaN
	25/11/2022 10:49:35	-64.784000E-3	6.410000E-9	1.700000E-9	4.996000E-9	1.710000E-6	536.830000E-6	0.000000E+0	-112.121000E+0	55.106000E+0	NaN	NaN
	25/11/2022 10:49:42	-65.747000E-3	6.440000E-9	1.700000E-9	4.996000E-9	1.710000E-6	561.740000E-6	0.000000E+0	-112.345000E+0	54.882000E+0	NaN	NaN
	25/11/2022 10:49:49	-65.425000E-3	6.390000E-9	1.690000E-9	4.996000E-9	1.710000E-6	553.850000E-6	0.000000E+0	-112.345000E+0	54.882000E+0	NaN	NaN
	25/11/2022 10:49:57	-65.574000E-3	6.400000E-9	1.700000E-9	4.996000E-9	1.710000E-6	540.790000E-6	0.000000E+0	-112.121000E+0	54.882000E+0	NaN	NaN
	25/11/2022 10:50:04	-65.720000E-3	6.530000E-9	1.730000E-9	4.996000E-9	1.710000E-6	532.420000E-6	0.000000E+0	-112.121000E+0	55.106000E+0	NaN	NaN
	25/11/2022 10:50:11	-65.500000E-3	6.480000E-9	1.720000E-9	4.996000E-9	1.710000E-6	537.840000E-6	0.000000E+0	-112.233000E+0	54.994000E+0	NaN	NaN
	25/11/2022 10:50:18	-65.425000E-3	6.680000E-9	1.770000E-9	4.996000E-9	1.710000E-6	547.200000E-6	0.000000E+0	-112.233000E+0	55.219000E+0	NaN	NaN
	25/11/2022 10:50:25	-65.303000E-3	6.650000E-9	1.760000E-9	4.996000E-9	1.710000E-6	551.400000E-6	0.000000E+0	-112.121000E+0	54.994000E+0	NaN	NaN
	25/11/2022 10:50:33	-64.957000E-3	6.630000E-9	1.770000E-9	4.996000E-9	1.710000E-6	542.010000E-6	0.000000E+0	-112.233000E+0	55.219000E+0	NaN	NaN
	25/11/2022 10:50:40	-65.425000E-3	6.740000E-9	1.780000E-9	4.996000E-9	1.710000E-6	534.390000E-6	0.000000E+0	-112.121000E+0	54.994000E+0	NaN	NaN
	25/11/2022 10:50:47	-65.821000E-3	6.830000E-9	1.820000E-9	4.996000E-9	1.710000E-6	533.400000E-6	0.000000E+0	-112.345000E+0	54.994000E+0	NaN	NaN
	25/11/2022 10:50:54	-65.500000E-3	6.780000E-9	1.800000E-9	4.996000E-9	1.712000E-6	539.810000E-6	0.000000E+0	-112.457000E+0	54.994000E+0	NaN	NaN
	25/11/2022 10:51:01	-65.303000E-3	6.690000E-9	1.770000E-9	4.996000E-9	1.712000E-6	542.760000E-6	0.000000E+0	-112.345000E+0	54.994000E+0	NaN	NaN
	25/11/2022 10:51:09	-65.795000E-3	6.610000E-9	1.760000E-9	4.996000E-9	1.710000E-6	544.970000E-6	0.000000E+0	-112.345000E+0	54.994000E+0	NaN	NaN
	25/11/2022 10:51:16	-65.351000E-3	6.600000E-9	1.740000E-9	4.996000E-9	1.712000E-6	540.290000E-6	0.000000E+0	-112.121000E+0	55.106000E+0	NaN	NaN
	25/11/2022 10:51:23	-65.771000E-3	6.610000E-9	1.750000E-9	4.996000E-9	1.710000E-6	559.270000E-6	0.000000E+0	-112.233000E+0	55.106000E+0	NaN	NaN
	25/11/2022 10:51:30	-65.500000E-3	8.120000E-9	2.110000E-9	5.331000E-9	1.712000E-6	574.320000E-6	0.000000E+0	-112.233000E+0	54.882000E+0	NaN	NaN
	25/11/2022 10:51:37	-65.252000E-3	8.330000E-9	2.140000E-9	5.376000E-9	1.712000E-6	534.860000E-6	0.000000E+0	-112.345000E+0	54.994000E+0	NaN	NaN
	25/11/2022 10:51:44	-66.066000E-3	8.440000E-9	2.160000E-9	5.427000E-9	1.712000E-6	539.540000E-6	0.000000E+0	-112.121000E+0	55.106000E+0	NaN	NaN
	25/11/2022 10:51:51	-65.720000E-3	8.440000E-9	2.160000E-9	5.421000E-9	1.712000E-6	551.130000E-6	0.000000E+0	-112.233000E+0	54.994000E+0	NaN	NaN
	25/11/2022 10:51:59	-65.845000E-3	8.620000E-9	2.200000E-9	5.460000E-9	1.712000E-6	572.590000E-6	0.000000E+0	-112.233000E+0	54.994000E+0	NaN	NaN
	25/11/2022 10:52:06	-65.720000E-3	8.670000E-9	2.210000E-9	5.519000E-9	1.710000E-6	538.560000E-6	0.000000E+0	-112.233000E+0	55.106000E+0	NaN	NaN
	25/11/2022 10:52:13	-65.771000E-3	8.760000E-9	2.220000E-9	5.519000E-9	1.710000E-6	540.290000E-6	0.000000E+0	-112.345000E+0	55.219000E+0	NaN	NaN
	25/11/2022 10:52:20	-65.771000E-3	8.520000E-9	2.160000E-9	5.440000E-9	1.712000E-6	537.100000E-6	0.000000E+0	-112.345000E+0	54.882000E+0	NaN	NaN
	25/11/2022 10:52:27	-65.425000E-3	8.560000E-9	2.170000E-9	5.473000E-9	1.712000E-6	560.760000E-6	0.000000E+0	-112.233000E+0	54.882000E+0	NaN	NaN
	25/11/2022 10:52:35	-65.401000E-3	8.440000E-9	2.140000E-9	5.434000E-9	1.712000E-6	564.960000E-6	0.000000E+0	-112.121000E+0	54.994000E+0	NaN	NaN
	25/11/2022 10:52:42	-66.042000E-3	8.530000E-9	2.170000E-9	5.486000E-9	1.712000E-6	571.850000E-6	0.000000E+0	-112.233000E+0	54.994000E+0	NaN	NaN
	25/11/2022 10:52:49	-64.686000E-3	8.510000E-9	2.170000E-9	5.467000E-9	1.712000E-6	551.880000E-6	0.000000E+0	-112.233000E+0	55.106000E+0	NaN	NaN
	25/11/2022 10:52:56	-65.550000E-3	8.610000E-9	2.200000E-9	5.421000E-9	1.712000E-6	535.370000E-6	0.000000E+0	-112.345000E+0	54.994000E+0	NaN	NaN
	25/11/2022 10:53:03	-65.523000E-3	8.560000E-9	2.180000E-9	5.473000E-9	1.718000E-6	532.900000E-6	0.000000E+0	-112.345000E+0	55.106000E+0	NaN	NaN
	25/11/2022 10:53:10	-65.944000E-3	8.590000E-9	2.180000E-9	5.513000E-9	1.716000E-6	538.830000E-6	0.000000E+0	-112.345000E+0	55.106000E+0	NaN	NaN
	25/11/2022 10:53:18	-65.327000E-3	8.600000E-9	2.200000E-9	5.566000E-9	1.725000E-6	542.010000E-6	0.000000E+0	-112.233000E+0	55.106000E+0	NaN	NaN
	25/11/2022 10:53:25	-65.523000E-3	8.770000E-9	2.220000E-9	5.654000E-9	1.725000E-6	549.410000E-6	0.000000E+0	-112.121000E+0	54.994000E+0	NaN	NaN
	25/11/2022 10:53:32	-65.205000E-3	8.640000E-9	2.170000E-9	5.473000E-9	1.727000E-6	570.860000E-6	0.000000E+0	-112.121000E+0	55.106000E+0	NaN	NaN
	25/11/2022 10:53:39	-65.205000E-3	8.510000E-9	2.160000E-9	5.467000E-9	1.720000E-6	533.400000E-6	0.000000E+0	-112.233000E+0	54.994000E+0	NaN	NaN
	25/11/2022 10:53:46	-65.672000E-3	8.510000E-9	2.170000E-9	5.460000E-9	1.725000E-6	539.810000E-6	0.000000E+0	-112.233000E+0	54.994000E+0	NaN	NaN
	25/11/2022 10:53:53	-65.327000E-3	8.530000E-9	2.170000E-9	5.486000E-9	1.727000E-6	536.590000E-6	0.000000E+0	-112.345000E+0	55.106000E+0	NaN	NaN
	25/11/2022 10:54:01	-65.327000E-3	8.500000E-9	2.160000E-9	5.434000E-9	1.727000E-6	558.050000E-6	0.000000E+0	-112.233000E+0	55.106000E+0	NaN	NaN
	25/11/2022 10:54:08	-65.821000E-3	8.000000E-9	2.010000E-9	4.996000E-9	1.727000E-6	539.060000E-6	0.000000E+0	-112.233000E+0	55.219000E+0	NaN	NaN
	25/11/2022 10:54:15	-65.500000E-3	5.960000E-9	1.500000E-9	4.996000E-9	1.727000E-6	576.530000E-6	0.000000E+0	-112.233000E+0	55.106000E+0	NaN	NaN
	25/11/2022 10:54:22	-65.351000E-3	5.520000E-9	1.410000E-9	4.996000E-9	1.727000E-6	539.300000E-6	0.000000E+0	-112.345000E+0	54.994000E+0	NaN	NaN
	25/11/2022 10:54:29	-65.771000E-3	5.340000E-9	1.380000E-9	4.996000E-9	1.727000E-6	536.590000E-6	0.000000E+0	-112.121000E+0	55.106000E+0	NaN	NaN
	25/11/2022 10:54:36	-65.672000E-3	5.300000E-9	1.360000E-9	4.996000E-9	1.727000E-6	541.270000E-6	0.000000E+0	-112.233000E+0	54.994000E+0	NaN	NaN
	25/11/2022 10:54:44	-65.795000E-3	5.220000E-9	1.340000E-9	4.996000E-9	1.727000E-6	537.840000E-6	0.000000E+0	-112.345000E+0	55.106000E+0	NaN	NaN
	25/11/2022 10:54:51	-65.425000E-3	5.150000E-9	1.320000E-9	4.996000E-9	1.727000E-6	533.400000E-6	0.000000E+0	-112.345000E+0	55.106000E+0	NaN	NaN
	25/11/2022 10:54:58	-65.869000E-3	5.080000E-9	1.300000E-9	4.996000E-9	1.727000E-6	549.670000E-6	0.000000E+0	-112.233000E+0	55.219000E+0	NaN	NaN
	25/11/2022 10:55:05	-64.737000E-3	5.030000E-9	1.300000E-9	4.996000E-9	1.727000E-6	535.130000E-6	0.000000E+0	-112.345000E+0	54.994000E+0	NaN	NaN
	25/11/2022 10:55:12	-65.523000E-3	4.970000E-9	1.290000E-9	4.996000E-9	1.727000E-6	539.540000E-6	0.000000E+0	-112.233000E+0	54.994000E+0	NaN	NaN
