Live comments	Time	100mbar inj	Barion_2	Barion_1	DUAL experiment	DUAL insulation	1mbar inj	helium	T-platinum	T-CERNOX	V_heater	DUAL inj line	I_emission	I_grid
	07/06/2023 11:51:35	107.030000E-3	7.610000E-9	2.980000E-9	4.996000E-9	445.800000E-9	300.000000E-3	253.000000E+0	-1.571000E+0	4.280118E+3	5.488000E-6	7.600000E-6	0.000000E+0	NaN
	07/06/2023 11:51:45	107.010000E-3	7.610000E-9	2.970000E-9	4.996000E-9	445.800000E-9	300.000000E-3	253.000000E+0	-1.459000E+0	4.279669E+3	6.271000E-6	7.590000E-6	0.000000E+0	NaN
	07/06/2023 11:51:56	106.980000E-3	7.550000E-9	2.960000E-9	4.996000E-9	445.800000E-9	299.990000E-3	253.000000E+0	-1.571000E+0	4.280118E+3	5.823000E-6	7.600000E-6	0.000000E+0	NaN
	07/06/2023 11:52:07	107.300000E-3	7.580000E-9	2.950000E-9	4.996000E-9	445.200000E-9	299.970000E-3	253.000000E+0	-1.683000E+0	4.279220E+3	6.719000E-6	7.600000E-6	0.000000E+0	NaN
	07/06/2023 11:52:17	107.670000E-3	7.500000E-9	2.940000E-9	4.996000E-9	445.200000E-9	299.960000E-3	253.000000E+0	-1.571000E+0	4.279332E+3	5.711000E-6	7.600000E-6	0.000000E+0	NaN
	07/06/2023 11:52:28	107.130000E-3	7.440000E-9	2.930000E-9	4.996000E-9	445.200000E-9	299.960000E-3	253.000000E+0	-1.459000E+0	4.279107E+3	6.271000E-6	7.590000E-6	0.000000E+0	NaN
	07/06/2023 11:52:38	107.350000E-3	7.500000E-9	2.920000E-9	4.996000E-9	444.700000E-9	299.960000E-3	253.000000E+0	-1.683000E+0	4.279781E+3	5.376000E-6	7.590000E-6	0.000000E+0	NaN
	07/06/2023 11:52:49	107.080000E-3	7.400000E-9	2.910000E-9	4.996000E-9	444.700000E-9	299.960000E-3	253.000000E+0	-1.571000E+0	4.279332E+3	6.495000E-6	7.590000E-6	0.000000E+0	NaN
	07/06/2023 11:52:59	106.910000E-3	7.490000E-9	2.910000E-9	4.996000E-9	443.100000E-9	299.970000E-3	253.000000E+0	-1.571000E+0	4.279556E+3	6.271000E-6	7.610000E-6	0.000000E+0	NaN
	07/06/2023 11:53:10	106.690000E-3	7.460000E-9	2.900000E-9	4.996000E-9	442.500000E-9	299.960000E-3	253.000000E+0	-1.347000E+0	4.279332E+3	6.607000E-6	7.600000E-6	0.000000E+0	NaN
	07/06/2023 11:53:21	107.200000E-3	7.490000E-9	2.900000E-9	4.996000E-9	442.000000E-9	299.970000E-3	253.000000E+0	-1.683000E+0	4.279556E+3	5.711000E-6	7.600000E-6	0.000000E+0	NaN
	07/06/2023 11:53:31	107.300000E-3	7.320000E-9	2.890000E-9	4.996000E-9	442.000000E-9	299.930000E-3	253.000000E+0	-1.571000E+0	4.279107E+3	6.271000E-6	7.600000E-6	0.000000E+0	NaN
	07/06/2023 11:53:42	107.350000E-3	7.390000E-9	2.880000E-9	4.996000E-9	441.500000E-9	299.930000E-3	253.000000E+0	-1.571000E+0	4.278546E+3	6.271000E-6	7.600000E-6	0.000000E+0	NaN
	07/06/2023 11:53:52	107.250000E-3	7.320000E-9	2.880000E-9	4.996000E-9	440.900000E-9	299.920000E-3	252.000000E+0	-1.459000E+0	4.279444E+3	5.264000E-6	7.600000E-6	0.000000E+0	NaN
	07/06/2023 11:54:03	107.130000E-3	7.330000E-9	2.880000E-9	4.996000E-9	440.900000E-9	299.930000E-3	252.000000E+0	-1.683000E+0	4.278210E+3	5.935000E-6	7.600000E-6	0.000000E+0	NaN
	07/06/2023 11:54:14	107.010000E-3	7.340000E-9	2.870000E-9	4.996000E-9	439.900000E-9	299.920000E-3	252.000000E+0	-1.683000E+0	4.278995E+3	5.376000E-6	7.600000E-6	0.000000E+0	NaN
	07/06/2023 11:54:24	107.380000E-3	7.400000E-9	2.870000E-9	4.996000E-9	439.900000E-9	299.910000E-3	252.000000E+0	-1.683000E+0	4.278210E+3	4.816000E-6	7.600000E-6	0.000000E+0	NaN
	07/06/2023 11:54:35	106.960000E-3	7.240000E-9	2.860000E-9	4.996000E-9	439.400000E-9	299.890000E-3	252.000000E+0	-1.571000E+0	4.277985E+3	5.711000E-6	7.600000E-6	0.000000E+0	NaN
	07/06/2023 11:54:45	107.080000E-3	7.230000E-9	2.850000E-9	4.996000E-9	439.400000E-9	299.880000E-3	252.000000E+0	-1.683000E+0	4.278210E+3	5.376000E-6	7.600000E-6	0.000000E+0	NaN
	07/06/2023 11:54:56	106.980000E-3	7.190000E-9	2.850000E-9	4.996000E-9	438.800000E-9	299.920000E-3	252.000000E+0	-1.571000E+0	4.278210E+3	6.607000E-6	7.600000E-6	0.000000E+0	NaN
	07/06/2023 11:55:06	106.910000E-3	7.230000E-9	2.840000E-9	4.996000E-9	438.300000E-9	299.890000E-3	251.000000E+0	-1.347000E+0	4.277985E+3	5.152000E-6	7.600000E-6	0.000000E+0	NaN
	07/06/2023 11:55:17	107.520000E-3	7.230000E-9	2.840000E-9	4.996000E-9	437.800000E-9	299.880000E-3	252.000000E+0	-1.571000E+0	4.277873E+3	5.711000E-6	7.600000E-6	0.000000E+0	NaN
	07/06/2023 11:55:28	107.130000E-3	7.150000E-9	2.830000E-9	4.996000E-9	436.700000E-9	299.880000E-3	251.000000E+0	-1.571000E+0	4.277536E+3	5.488000E-6	7.600000E-6	0.000000E+0	NaN
	07/06/2023 11:55:38	107.350000E-3	7.210000E-9	2.820000E-9	4.996000E-9	436.700000E-9	299.880000E-3	251.000000E+0	-1.571000E+0	4.277873E+3	5.711000E-6	7.590000E-6	0.000000E+0	NaN
	07/06/2023 11:55:49	106.840000E-3	7.160000E-9	2.810000E-9	4.996000E-9	436.200000E-9	299.890000E-3	251.000000E+0	-1.571000E+0	4.277873E+3	5.488000E-6	7.600000E-6	0.000000E+0	NaN
	07/06/2023 11:55:59	106.740000E-3	7.280000E-9	2.810000E-9	4.996000E-9	435.700000E-9	299.870000E-3	252.000000E+0	-1.683000E+0	4.277199E+3	5.040000E-6	7.590000E-6	0.000000E+0	NaN
	07/06/2023 11:56:10	107.110000E-3	7.200000E-9	2.800000E-9	4.996000E-9	434.100000E-9	299.860000E-3	251.000000E+0	-1.571000E+0	4.277648E+3	5.040000E-6	7.590000E-6	0.000000E+0	NaN
	07/06/2023 11:56:21	106.980000E-3	7.220000E-9	2.800000E-9	4.996000E-9	434.100000E-9	299.850000E-3	251.000000E+0	-1.347000E+0	4.276751E+3	4.704000E-6	7.590000E-6	0.000000E+0	NaN
	07/06/2023 11:56:31	107.330000E-3	7.200000E-9	2.790000E-9	4.996000E-9	433.600000E-9	299.840000E-3	251.000000E+0	-1.683000E+0	4.276638E+3	5.488000E-6	7.590000E-6	0.000000E+0	NaN
	07/06/2023 11:56:42	107.670000E-3	7.090000E-9	2.780000E-9	4.996000E-9	433.600000E-9	299.850000E-3	251.000000E+0	-1.571000E+0	4.277312E+3	5.040000E-6	7.590000E-6	0.000000E+0	NaN
	07/06/2023 11:56:52	107.250000E-3	7.050000E-9	2.780000E-9	4.996000E-9	433.600000E-9	299.850000E-3	251.000000E+0	-1.683000E+0	4.276751E+3	6.047000E-6	7.590000E-6	0.000000E+0	NaN
	07/06/2023 11:57:03	107.330000E-3	7.090000E-9	2.770000E-9	4.996000E-9	433.600000E-9	299.840000E-3	249.000000E+0	-1.571000E+0	4.276526E+3	5.711000E-6	7.590000E-6	0.000000E+0	NaN
	07/06/2023 11:57:14	106.610000E-3	7.000000E-9	2.770000E-9	4.996000E-9	433.600000E-9	299.840000E-3	251.000000E+0	-1.683000E+0	4.276751E+3	6.831000E-6	7.590000E-6	0.000000E+0	NaN
	07/06/2023 11:57:24	107.480000E-3	7.020000E-9	2.760000E-9	4.996000E-9	433.600000E-9	299.840000E-3	250.000000E+0	-1.571000E+0	4.276302E+3	5.935000E-6	7.590000E-6	0.000000E+0	NaN
	07/06/2023 11:57:35	107.110000E-3	7.120000E-9	2.760000E-9	4.996000E-9	433.100000E-9	299.840000E-3	251.000000E+0	-1.459000E+0	4.276077E+3	4.480000E-6	7.590000E-6	0.000000E+0	NaN
	07/06/2023 11:57:45	107.130000E-3	7.100000E-9	2.750000E-9	4.996000E-9	433.100000E-9	299.840000E-3	251.000000E+0	-1.459000E+0	4.276077E+3	5.599000E-6	7.590000E-6	0.000000E+0	NaN
	07/06/2023 11:57:56	107.380000E-3	7.010000E-9	2.750000E-9	4.996000E-9	433.100000E-9	299.840000E-3	251.000000E+0	-1.571000E+0	4.275516E+3	5.935000E-6	7.590000E-6	0.000000E+0	NaN
	07/06/2023 11:58:07	107.110000E-3	6.970000E-9	2.750000E-9	4.996000E-9	433.100000E-9	299.840000E-3	248.000000E+0	-1.459000E+0	4.276189E+3	6.271000E-6	7.590000E-6	0.000000E+0	NaN
	07/06/2023 11:58:17	107.280000E-3	6.990000E-9	2.740000E-9	4.996000E-9	429.400000E-9	299.830000E-3	249.000000E+0	-1.459000E+0	4.275740E+3	6.383000E-6	7.590000E-6	0.000000E+0	NaN
	07/06/2023 11:58:28	106.780000E-3	6.920000E-9	2.730000E-9	4.996000E-9	429.400000E-9	299.840000E-3	250.000000E+0	-1.459000E+0	4.275740E+3	6.383000E-6	7.590000E-6	0.000000E+0	NaN
	07/06/2023 11:58:38	106.590000E-3	6.950000E-9	2.730000E-9	4.996000E-9	429.400000E-9	299.840000E-3	249.000000E+0	-1.459000E+0	4.275853E+3	6.047000E-6	7.590000E-6	0.000000E+0	NaN
	07/06/2023 11:58:49	106.930000E-3	6.960000E-9	2.730000E-9	4.996000E-9	429.400000E-9	299.840000E-3	249.000000E+0	-1.571000E+0	4.274730E+3	5.711000E-6	7.590000E-6	0.000000E+0	NaN
	07/06/2023 11:58:59	106.960000E-3	6.970000E-9	2.730000E-9	4.996000E-9	428.900000E-9	299.840000E-3	249.000000E+0	-1.683000E+0	4.274843E+3	5.711000E-6	7.590000E-6	0.000000E+0	NaN
	07/06/2023 11:59:10	107.060000E-3	6.950000E-9	2.730000E-9	4.996000E-9	428.900000E-9	299.800000E-3	248.000000E+0	-1.683000E+0	4.274618E+3	6.495000E-6	7.580000E-6	0.000000E+0	NaN
	07/06/2023 11:59:21	106.880000E-3	6.850000E-9	2.720000E-9	4.996000E-9	429.400000E-9	299.830000E-3	250.000000E+0	-1.459000E+0	4.275179E+3	6.047000E-6	7.590000E-6	0.000000E+0	NaN
	07/06/2023 11:59:31	106.370000E-3	6.920000E-9	2.720000E-9	4.996000E-9	428.900000E-9	299.800000E-3	248.000000E+0	-1.459000E+0	4.275179E+3	5.040000E-6	7.590000E-6	0.000000E+0	NaN
	07/06/2023 11:59:42	107.520000E-3	6.850000E-9	2.710000E-9	4.996000E-9	428.900000E-9	299.820000E-3	246.000000E+0	-1.347000E+0	4.274955E+3	5.935000E-6	7.590000E-6	0.000000E+0	NaN
	07/06/2023 11:59:53	106.860000E-3	6.820000E-9	2.700000E-9	4.996000E-9	428.900000E-9	299.820000E-3	248.000000E+0	-1.683000E+0	4.274169E+3	5.152000E-6	7.590000E-6	0.000000E+0	NaN
	07/06/2023 12:00:03	107.180000E-3	6.770000E-9	2.700000E-9	4.996000E-9	428.900000E-9	299.800000E-3	249.000000E+0	-1.459000E+0	4.273832E+3	6.831000E-6	7.590000E-6	0.000000E+0	NaN
	07/06/2023 12:00:14	107.230000E-3	6.870000E-9	2.700000E-9	4.996000E-9	428.900000E-9	299.800000E-3	247.000000E+0	-1.571000E+0	4.273608E+3	6.271000E-6	7.590000E-6	0.000000E+0	NaN
	07/06/2023 12:00:24	107.330000E-3	6.870000E-9	2.690000E-9	4.996000E-9	428.900000E-9	299.800000E-3	246.000000E+0	-1.459000E+0	4.274057E+3	6.271000E-6	7.590000E-6	0.000000E+0	NaN
	07/06/2023 12:00:35	106.490000E-3	6.830000E-9	2.680000E-9	4.996000E-9	428.900000E-9	299.800000E-3	247.000000E+0	-1.347000E+0	4.273608E+3	6.943000E-6	7.590000E-6	0.000000E+0	NaN
	07/06/2023 12:00:45	107.030000E-3	6.820000E-9	2.670000E-9	4.996000E-9	428.900000E-9	299.810000E-3	247.000000E+0	-1.459000E+0	4.273720E+3	6.495000E-6	7.590000E-6	0.000000E+0	NaN
	07/06/2023 12:00:56	106.660000E-3	6.770000E-9	2.670000E-9	4.996000E-9	428.900000E-9	299.800000E-3	248.000000E+0	-1.571000E+0	4.273159E+3	6.495000E-6	7.590000E-6	0.000000E+0	NaN
	07/06/2023 12:01:07	106.640000E-3	6.870000E-9	2.670000E-9	4.996000E-9	428.900000E-9	299.800000E-3	247.000000E+0	-1.571000E+0	4.273608E+3	6.271000E-6	7.590000E-6	0.000000E+0	NaN
	07/06/2023 12:01:18	106.980000E-3	6.820000E-9	2.670000E-9	4.996000E-9	428.900000E-9	299.800000E-3	247.000000E+0	-1.571000E+0	4.273384E+3	6.943000E-6	7.590000E-6	0.000000E+0	NaN
	07/06/2023 12:01:29	106.710000E-3	6.800000E-9	2.660000E-9	4.996000E-9	428.900000E-9	299.800000E-3	245.000000E+0	-1.571000E+0	4.273384E+3	6.495000E-6	7.590000E-6	0.000000E+0	NaN
	07/06/2023 12:01:39	106.810000E-3	6.690000E-9	2.650000E-9	4.996000E-9	428.900000E-9	299.800000E-3	248.000000E+0	-1.459000E+0	4.272822E+3	7.167000E-6	7.590000E-6	0.000000E+0	NaN
	07/06/2023 12:01:50	107.300000E-3	6.740000E-9	2.660000E-9	4.996000E-9	428.900000E-9	299.780000E-3	245.000000E+0	-1.459000E+0	4.272598E+3	6.607000E-6	7.590000E-6	0.000000E+0	NaN
	07/06/2023 12:02:01	107.030000E-3	6.750000E-9	2.660000E-9	4.996000E-9	428.900000E-9	299.780000E-3	247.000000E+0	-1.459000E+0	4.272598E+3	6.943000E-6	7.590000E-6	0.000000E+0	NaN
	07/06/2023 12:02:19	106.840000E-3	6.730000E-9	2.650000E-9	4.996000E-9	428.900000E-9	299.760000E-3	247.000000E+0	-1.347000E+0	4.271925E+3	5.823000E-6	7.590000E-6	0.000000E+0	NaN
	07/06/2023 12:02:30	106.190000E-3	6.680000E-9	2.630000E-9	4.996000E-9	435.700000E-9	299.790000E-3	247.000000E+0	-1.571000E+0	4.272373E+3	6.159000E-6	7.590000E-6	0.000000E+0	NaN
	07/06/2023 12:02:40	106.660000E-3	6.670000E-9	2.640000E-9	4.996000E-9	434.100000E-9	299.790000E-3	246.000000E+0	-1.571000E+0	4.272261E+3	6.383000E-6	7.590000E-6	0.000000E+0	NaN
	07/06/2023 12:02:51	107.130000E-3	6.660000E-9	2.630000E-9	4.996000E-9	433.600000E-9	299.760000E-3	244.000000E+0	-1.459000E+0	4.272261E+3	7.055000E-6	7.590000E-6	0.000000E+0	NaN
	07/06/2023 12:03:01	106.860000E-3	6.600000E-9	2.620000E-9	4.996000E-9	433.600000E-9	299.760000E-3	246.000000E+0	-1.571000E+0	4.271812E+3	5.935000E-6	7.590000E-6	0.000000E+0	NaN
	07/06/2023 12:03:12	106.590000E-3	6.660000E-9	2.630000E-9	4.996000E-9	433.100000E-9	299.760000E-3	246.000000E+0	-1.459000E+0	4.271139E+3	7.279000E-6	7.590000E-6	0.000000E+0	NaN
	07/06/2023 12:03:23	106.490000E-3	6.630000E-9	2.620000E-9	4.996000E-9	433.100000E-9	299.770000E-3	245.000000E+0	-1.571000E+0	4.271925E+3	6.831000E-6	7.590000E-6	0.000000E+0	NaN
	07/06/2023 12:03:33	106.440000E-3	6.730000E-9	2.610000E-9	4.996000E-9	433.100000E-9	299.750000E-3	245.000000E+0	-1.459000E+0	4.271476E+3	6.831000E-6	7.600000E-6	0.000000E+0	NaN
	07/06/2023 12:03:44	107.110000E-3	6.630000E-9	2.620000E-9	4.996000E-9	433.100000E-9	299.760000E-3	246.000000E+0	-1.571000E+0	4.271812E+3	7.615000E-6	7.600000E-6	0.000000E+0	NaN
	07/06/2023 12:03:54	106.760000E-3	6.610000E-9	2.600000E-9	4.996000E-9	433.100000E-9	299.760000E-3	245.000000E+0	-1.235000E+0	4.271251E+3	7.839000E-6	7.590000E-6	0.000000E+0	NaN
	07/06/2023 12:04:05	106.740000E-3	6.530000E-9	2.600000E-9	4.996000E-9	433.100000E-9	299.760000E-3	245.000000E+0	-1.571000E+0	4.271027E+3	6.719000E-6	7.600000E-6	0.000000E+0	NaN
	07/06/2023 12:04:15	107.300000E-3	6.560000E-9	2.600000E-9	4.996000E-9	433.100000E-9	299.760000E-3	245.000000E+0	-1.459000E+0	4.271476E+3	7.727000E-6	7.600000E-6	0.000000E+0	NaN
	07/06/2023 12:04:26	106.660000E-3	6.560000E-9	2.590000E-9	4.996000E-9	433.600000E-9	299.760000E-3	244.000000E+0	-1.459000E+0	4.271251E+3	7.055000E-6	7.600000E-6	0.000000E+0	NaN
	07/06/2023 12:04:37	106.960000E-3	6.580000E-9	2.580000E-9	4.996000E-9	433.600000E-9	299.760000E-3	243.000000E+0	-1.683000E+0	4.271363E+3	7.279000E-6	7.600000E-6	0.000000E+0	NaN
	07/06/2023 12:04:47	107.180000E-3	6.520000E-9	2.590000E-9	4.996000E-9	433.600000E-9	299.750000E-3	243.000000E+0	-1.571000E+0	4.270690E+3	7.951000E-6	7.600000E-6	0.000000E+0	NaN
	07/06/2023 12:04:58	106.810000E-3	6.550000E-9	2.570000E-9	4.996000E-9	434.100000E-9	299.760000E-3	244.000000E+0	-1.459000E+0	4.270241E+3	7.615000E-6	7.600000E-6	0.000000E+0	NaN
	07/06/2023 12:05:08	107.010000E-3	6.540000E-9	2.570000E-9	4.996000E-9	434.600000E-9	299.790000E-3	244.000000E+0	-1.347000E+0	4.270914E+3	8.175000E-6	7.600000E-6	0.000000E+0	NaN
	07/06/2023 12:05:19	106.510000E-3	6.470000E-9	2.580000E-9	4.996000E-9	436.200000E-9	299.760000E-3	244.000000E+0	-1.459000E+0	4.270017E+3	7.839000E-6	7.600000E-6	0.000000E+0	NaN
	07/06/2023 12:05:30	106.760000E-3	6.580000E-9	2.580000E-9	4.996000E-9	436.200000E-9	299.790000E-3	244.000000E+0	-1.459000E+0	4.270690E+3	7.615000E-6	7.600000E-6	0.000000E+0	NaN
	07/06/2023 12:05:40	106.270000E-3	6.480000E-9	2.570000E-9	4.996000E-9	436.700000E-9	299.750000E-3	243.000000E+0	-1.571000E+0	4.270578E+3	7.503000E-6	7.600000E-6	0.000000E+0	NaN
	07/06/2023 12:05:51	106.240000E-3	6.470000E-9	2.570000E-9	4.996000E-9	437.300000E-9	299.790000E-3	244.000000E+0	-1.571000E+0	4.270017E+3	7.279000E-6	7.600000E-6	0.000000E+0	NaN
	07/06/2023 12:06:01	106.440000E-3	6.480000E-9	2.560000E-9	4.996000E-9	437.300000E-9	299.770000E-3	245.000000E+0	-1.683000E+0	4.269680E+3	8.287000E-6	7.600000E-6	0.000000E+0	NaN
	07/06/2023 12:06:12	106.840000E-3	6.430000E-9	2.550000E-9	4.996000E-9	437.800000E-9	299.790000E-3	244.000000E+0	-1.571000E+0	4.269455E+3	8.735000E-6	7.600000E-6	0.000000E+0	NaN
	07/06/2023 12:06:23	106.810000E-3	6.500000E-9	2.550000E-9	4.996000E-9	437.800000E-9	299.770000E-3	242.000000E+0	-1.347000E+0	4.269904E+3	8.287000E-6	7.600000E-6	0.000000E+0	NaN
	07/06/2023 12:06:33	106.590000E-3	6.450000E-9	2.550000E-9	4.996000E-9	437.800000E-9	299.790000E-3	243.000000E+0	-1.347000E+0	4.269455E+3	8.847000E-6	7.600000E-6	0.000000E+0	NaN
	07/06/2023 12:06:44	106.490000E-3	6.490000E-9	2.540000E-9	4.996000E-9	438.300000E-9	299.800000E-3	243.000000E+0	-1.571000E+0	4.269680E+3	8.287000E-6	7.600000E-6	0.000000E+0	NaN
	07/06/2023 12:06:54	106.690000E-3	6.490000E-9	2.540000E-9	4.996000E-9	438.300000E-9	299.800000E-3	243.000000E+0	-1.459000E+0	4.270017E+3	9.519000E-6	7.600000E-6	0.000000E+0	NaN
	07/06/2023 12:07:05	106.760000E-3	6.500000E-9	2.540000E-9	4.996000E-9	438.800000E-9	299.800000E-3	243.000000E+0	-1.683000E+0	4.269119E+3	9.183000E-6	7.600000E-6	0.000000E+0	NaN
	07/06/2023 12:07:15	106.470000E-3	6.490000E-9	2.540000E-9	4.996000E-9	439.400000E-9	299.800000E-3	243.000000E+0	-1.459000E+0	4.269006E+3	8.623000E-6	7.600000E-6	0.000000E+0	NaN
	07/06/2023 12:07:26	107.060000E-3	6.470000E-9	2.530000E-9	4.996000E-9	439.900000E-9	299.800000E-3	241.000000E+0	-1.459000E+0	4.269680E+3	9.071000E-6	7.600000E-6	0.000000E+0	NaN
	07/06/2023 12:07:37	106.320000E-3	6.450000E-9	2.520000E-9	4.996000E-9	440.400000E-9	299.810000E-3	242.000000E+0	-1.571000E+0	4.269455E+3	8.959000E-6	7.600000E-6	0.000000E+0	NaN
	07/06/2023 12:07:47	106.840000E-3	6.460000E-9	2.530000E-9	4.996000E-9	440.400000E-9	299.790000E-3	242.000000E+0	-1.683000E+0	4.268782E+3	8.399000E-6	7.600000E-6	0.000000E+0	NaN
	07/06/2023 12:07:58	106.640000E-3	6.450000E-9	2.520000E-9	4.996000E-9	440.900000E-9	299.800000E-3	242.000000E+0	-1.683000E+0	4.268670E+3	9.071000E-6	7.600000E-6	0.000000E+0	NaN
	07/06/2023 12:08:09	106.490000E-3	6.420000E-9	2.510000E-9	4.996000E-9	442.000000E-9	299.800000E-3	242.000000E+0	-1.459000E+0	4.269006E+3	7.503000E-6	7.600000E-6	0.000000E+0	NaN
	07/06/2023 12:08:20	106.760000E-3	6.410000E-9	2.500000E-9	4.996000E-9	442.000000E-9	299.800000E-3	242.000000E+0	-1.459000E+0	4.268782E+3	8.959000E-6	7.600000E-6	0.000000E+0	NaN
	07/06/2023 12:08:30	107.010000E-3	6.420000E-9	2.510000E-9	4.996000E-9	442.500000E-9	299.810000E-3	242.000000E+0	-1.459000E+0	4.269455E+3	9.407000E-6	7.600000E-6	0.000000E+0	NaN
	07/06/2023 12:08:41	106.610000E-3	6.390000E-9	2.510000E-9	4.996000E-9	444.700000E-9	299.820000E-3	242.000000E+0	-1.683000E+0	4.268782E+3	9.407000E-6	7.600000E-6	0.000000E+0	NaN
	07/06/2023 12:08:51	106.760000E-3	6.380000E-9	2.500000E-9	4.996000E-9	444.700000E-9	299.810000E-3	241.000000E+0	-1.459000E+0	4.268782E+3	9.407000E-6	7.600000E-6	0.000000E+0	NaN
	07/06/2023 12:09:02	106.440000E-3	6.380000E-9	2.490000E-9	4.996000E-9	445.200000E-9	299.820000E-3	241.000000E+0	-1.459000E+0	4.268670E+3	9.855000E-6	7.600000E-6	0.000000E+0	NaN
	07/06/2023 12:09:13	106.760000E-3	6.370000E-9	2.500000E-9	4.996000E-9	445.200000E-9	299.830000E-3	241.000000E+0	-1.459000E+0	4.268894E+3	10.079000E-6	7.600000E-6	0.000000E+0	NaN
	07/06/2023 12:09:23	106.590000E-3	6.370000E-9	2.490000E-9	4.996000E-9	445.800000E-9	299.830000E-3	241.000000E+0	-1.459000E+0	4.268558E+3	9.519000E-6	7.600000E-6	0.000000E+0	NaN
	07/06/2023 12:09:34	106.100000E-3	6.340000E-9	2.480000E-9	4.996000E-9	445.800000E-9	299.830000E-3	241.000000E+0	-1.347000E+0	4.269006E+3	9.743000E-6	7.600000E-6	0.000000E+0	NaN
	07/06/2023 12:09:44	106.440000E-3	6.320000E-9	2.470000E-9	4.996000E-9	445.800000E-9	299.840000E-3	241.000000E+0	-1.571000E+0	4.268782E+3	10.415000E-6	7.600000E-6	0.000000E+0	NaN
	07/06/2023 12:09:55	106.590000E-3	6.330000E-9	2.480000E-9	4.996000E-9	446.300000E-9	299.830000E-3	240.000000E+0	-1.571000E+0	4.269006E+3	8.511000E-6	7.600000E-6	0.000000E+0	NaN
	07/06/2023 12:10:06	106.780000E-3	6.320000E-9	2.480000E-9	4.996000E-9	446.300000E-9	299.830000E-3	241.000000E+0	-1.347000E+0	4.268333E+3	8.735000E-6	7.600000E-6	0.000000E+0	NaN
	07/06/2023 12:10:16	106.020000E-3	6.300000E-9	2.470000E-9	4.996000E-9	449.500000E-9	299.830000E-3	240.000000E+0	-1.459000E+0	4.268333E+3	8.847000E-6	7.600000E-6	0.000000E+0	NaN
	07/06/2023 12:10:27	106.560000E-3	6.290000E-9	2.460000E-9	4.996000E-9	450.000000E-9	299.840000E-3	240.000000E+0	-1.571000E+0	4.268445E+3	8.959000E-6	7.610000E-6	0.000000E+0	NaN
	07/06/2023 12:10:37	106.960000E-3	6.280000E-9	2.460000E-9	4.996000E-9	450.000000E-9	299.830000E-3	240.000000E+0	-1.683000E+0	4.268670E+3	9.407000E-6	7.610000E-6	0.000000E+0	NaN
	07/06/2023 12:10:48	106.440000E-3	6.270000E-9	2.460000E-9	4.996000E-9	450.600000E-9	299.870000E-3	240.000000E+0	-1.347000E+0	4.268558E+3	9.967000E-6	7.610000E-6	0.000000E+0	NaN
	07/06/2023 12:10:58	106.270000E-3	6.260000E-9	2.460000E-9	4.996000E-9	450.600000E-9	299.860000E-3	241.000000E+0	-1.459000E+0	4.268333E+3	9.743000E-6	7.610000E-6	0.000000E+0	NaN
	07/06/2023 12:11:09	106.220000E-3	6.260000E-9	2.450000E-9	4.996000E-9	451.100000E-9	299.870000E-3	240.000000E+0	-1.347000E+0	4.268894E+3	8.735000E-6	7.610000E-6	0.000000E+0	NaN
	07/06/2023 12:11:20	107.010000E-3	6.230000E-9	2.440000E-9	4.996000E-9	451.100000E-9	299.870000E-3	240.000000E+0	-1.459000E+0	4.268445E+3	9.295000E-6	7.610000E-6	0.000000E+0	NaN
	07/06/2023 12:11:30	106.640000E-3	6.240000E-9	2.450000E-9	4.996000E-9	452.200000E-9	299.870000E-3	240.000000E+0	-1.235000E+0	4.268894E+3	10.527000E-6	7.610000E-6	0.000000E+0	NaN
	07/06/2023 12:11:41	106.420000E-3	6.210000E-9	2.450000E-9	4.996000E-9	454.900000E-9	299.870000E-3	240.000000E+0	-1.459000E+0	4.269006E+3	10.191000E-6	7.610000E-6	0.000000E+0	NaN
	07/06/2023 12:11:51	106.910000E-3	6.230000E-9	2.440000E-9	4.996000E-9	454.900000E-9	299.870000E-3	239.000000E+0	-1.459000E+0	4.268782E+3	9.183000E-6	7.610000E-6	0.000000E+0	NaN
	07/06/2023 12:12:02	106.440000E-3	6.200000E-9	2.430000E-9	4.996000E-9	455.500000E-9	299.870000E-3	239.000000E+0	-1.459000E+0	4.268670E+3	10.079000E-6	7.610000E-6	0.000000E+0	NaN
	07/06/2023 12:12:13	106.510000E-3	6.190000E-9	2.430000E-9	4.996000E-9	456.000000E-9	299.880000E-3	239.000000E+0	-1.459000E+0	4.268333E+3	9.967000E-6	7.610000E-6	0.000000E+0	NaN
	07/06/2023 12:12:23	106.100000E-3	6.170000E-9	2.420000E-9	4.996000E-9	457.100000E-9	299.920000E-3	239.000000E+0	-1.571000E+0	4.268558E+3	10.639000E-6	7.610000E-6	0.000000E+0	NaN
	07/06/2023 12:12:34	106.590000E-3	6.170000E-9	2.420000E-9	4.996000E-9	457.700000E-9	299.910000E-3	239.000000E+0	-1.571000E+0	4.268445E+3	11.199000E-6	7.610000E-6	0.000000E+0	NaN
	07/06/2023 12:12:44	106.760000E-3	6.170000E-9	2.420000E-9	4.996000E-9	457.700000E-9	299.910000E-3	239.000000E+0	-1.347000E+0	4.268109E+3	10.191000E-6	7.610000E-6	0.000000E+0	NaN
	07/06/2023 12:12:55	109.420000E-3	6.150000E-9	2.420000E-9	4.996000E-9	458.200000E-9	299.910000E-3	238.000000E+0	-1.459000E+0	4.268782E+3	9.855000E-6	7.610000E-6	0.000000E+0	NaN
	07/06/2023 12:13:05	106.270000E-3	6.140000E-9	2.410000E-9	4.996000E-9	458.800000E-9	299.910000E-3	239.000000E+0	-1.571000E+0	4.268221E+3	10.303000E-6	7.610000E-6	0.000000E+0	NaN
	07/06/2023 12:13:16	106.540000E-3	6.130000E-9	2.410000E-9	4.996000E-9	458.800000E-9	299.920000E-3	239.000000E+0	-1.459000E+0	4.268894E+3	10.303000E-6	7.610000E-6	0.000000E+0	NaN
	07/06/2023 12:13:27	106.640000E-3	6.140000E-9	2.400000E-9	4.996000E-9	459.300000E-9	299.920000E-3	238.000000E+0	-1.459000E+0	4.268670E+3	9.631000E-6	7.610000E-6	0.000000E+0	NaN
	07/06/2023 12:13:38	106.190000E-3	6.110000E-9	2.390000E-9	4.996000E-9	459.900000E-9	299.940000E-3	238.000000E+0	-1.459000E+0	4.268558E+3	10.079000E-6	7.610000E-6	0.000000E+0	NaN
	07/06/2023 12:13:48	106.290000E-3	6.100000E-9	2.400000E-9	4.996000E-9	462.100000E-9	299.950000E-3	238.000000E+0	-1.459000E+0	4.268333E+3	9.407000E-6	7.610000E-6	0.000000E+0	NaN
	07/06/2023 12:13:59	106.240000E-3	6.080000E-9	2.400000E-9	4.996000E-9	462.600000E-9	299.950000E-3	238.000000E+0	-1.459000E+0	4.268894E+3	10.527000E-6	7.610000E-6	0.000000E+0	NaN
	07/06/2023 12:14:09	109.520000E-3	6.100000E-9	2.400000E-9	4.996000E-9	463.200000E-9	299.950000E-3	237.000000E+0	-1.459000E+0	4.269006E+3	10.191000E-6	7.610000E-6	0.000000E+0	NaN
	07/06/2023 12:14:20	106.540000E-3	6.080000E-9	2.390000E-9	4.996000E-9	463.200000E-9	299.950000E-3	238.000000E+0	-1.459000E+0	4.268894E+3	10.639000E-6	7.610000E-6	0.000000E+0	NaN
	07/06/2023 12:14:31	106.440000E-3	6.060000E-9	2.380000E-9	4.996000E-9	463.800000E-9	299.950000E-3	237.000000E+0	-1.459000E+0	4.268782E+3	10.303000E-6	7.610000E-6	0.000000E+0	NaN
	07/06/2023 12:14:41	106.710000E-3	6.040000E-9	2.380000E-9	4.996000E-9	467.700000E-9	299.950000E-3	238.000000E+0	-1.571000E+0	4.268894E+3	10.639000E-6	7.610000E-6	0.000000E+0	NaN
	07/06/2023 12:14:52	106.140000E-3	6.050000E-9	2.380000E-9	4.996000E-9	467.700000E-9	299.980000E-3	237.000000E+0	-1.459000E+0	4.268109E+3	10.863000E-6	7.610000E-6	0.000000E+0	NaN
	07/06/2023 12:15:02	106.690000E-3	6.020000E-9	2.380000E-9	4.996000E-9	468.200000E-9	299.990000E-3	237.000000E+0	-1.347000E+0	4.268445E+3	11.087000E-6	7.610000E-6	0.000000E+0	NaN
	07/06/2023 12:15:13	106.610000E-3	6.030000E-9	2.380000E-9	4.996000E-9	468.200000E-9	300.000000E-3	237.000000E+0	-1.459000E+0	4.268445E+3	10.079000E-6	7.620000E-6	0.000000E+0	NaN
	07/06/2023 12:15:24	106.100000E-3	6.010000E-9	2.370000E-9	4.996000E-9	468.200000E-9	299.990000E-3	237.000000E+0	-1.571000E+0	4.268558E+3	9.295000E-6	7.610000E-6	0.000000E+0	NaN
	07/06/2023 12:15:34	106.270000E-3	6.020000E-9	2.360000E-9	4.996000E-9	469.300000E-9	299.990000E-3	237.000000E+0	-1.571000E+0	4.268670E+3	9.855000E-6	7.620000E-6	0.000000E+0	NaN
	07/06/2023 12:15:45	106.740000E-3	6.000000E-9	2.350000E-9	4.996000E-9	471.000000E-9	299.990000E-3	237.000000E+0	-1.347000E+0	4.269231E+3	10.639000E-6	7.620000E-6	0.000000E+0	NaN
	07/06/2023 12:15:55	106.170000E-3	5.970000E-9	2.360000E-9	4.996000E-9	471.600000E-9	299.990000E-3	237.000000E+0	-1.571000E+0	4.268670E+3	10.303000E-6	7.620000E-6	0.000000E+0	NaN
	07/06/2023 12:16:06	106.050000E-3	5.980000E-9	2.350000E-9	4.996000E-9	472.800000E-9	299.980000E-3	236.000000E+0	-1.459000E+0	4.269231E+3	9.743000E-6	7.620000E-6	0.000000E+0	NaN
	07/06/2023 12:16:17	106.540000E-3	5.970000E-9	2.350000E-9	4.996000E-9	473.300000E-9	299.990000E-3	236.000000E+0	-1.571000E+0	4.269006E+3	10.415000E-6	7.620000E-6	0.000000E+0	NaN
	07/06/2023 12:16:27	105.990000E-3	5.950000E-9	2.340000E-9	4.996000E-9	473.900000E-9	299.990000E-3	236.000000E+0	-1.459000E+0	4.268558E+3	11.983000E-6	7.620000E-6	0.000000E+0	NaN
	07/06/2023 12:16:38	106.840000E-3	5.960000E-9	2.350000E-9	4.996000E-9	475.600000E-9	300.010000E-3	236.000000E+0	-1.571000E+0	4.268558E+3	11.087000E-6	7.620000E-6	0.000000E+0	NaN
	07/06/2023 12:16:48	105.990000E-3	5.940000E-9	2.340000E-9	4.996000E-9	476.200000E-9	300.040000E-3	236.000000E+0	-1.459000E+0	4.268670E+3	10.863000E-6	7.620000E-6	0.000000E+0	NaN
	07/06/2023 12:16:59	105.990000E-3	5.920000E-9	2.330000E-9	4.996000E-9	477.300000E-9	300.030000E-3	236.000000E+0	-1.347000E+0	4.268558E+3	10.751000E-6	7.620000E-6	0.000000E+0	NaN
	07/06/2023 12:17:09	106.020000E-3	5.920000E-9	2.330000E-9	4.996000E-9	477.900000E-9	300.030000E-3	236.000000E+0	-1.459000E+0	4.269231E+3	10.191000E-6	7.620000E-6	0.000000E+0	NaN
	07/06/2023 12:17:20	106.220000E-3	5.930000E-9	2.330000E-9	4.996000E-9	480.200000E-9	300.030000E-3	236.000000E+0	-1.459000E+0	4.268670E+3	10.863000E-6	7.620000E-6	0.000000E+0	NaN
	07/06/2023 12:17:31	106.340000E-3	5.900000E-9	2.330000E-9	4.996000E-9	480.800000E-9	300.040000E-3	235.000000E+0	-1.571000E+0	4.268782E+3	10.639000E-6	7.620000E-6	0.000000E+0	NaN
	07/06/2023 12:17:42	106.220000E-3	5.880000E-9	2.310000E-9	4.996000E-9	481.300000E-9	300.040000E-3	235.000000E+0	-1.571000E+0	4.269343E+3	10.639000E-6	7.620000E-6	0.000000E+0	NaN
	07/06/2023 12:17:52	106.610000E-3	5.900000E-9	2.320000E-9	4.996000E-9	481.900000E-9	300.060000E-3	235.000000E+0	-1.459000E+0	4.268782E+3	10.639000E-6	7.620000E-6	0.000000E+0	NaN
	07/06/2023 12:18:03	105.970000E-3	5.870000E-9	2.320000E-9	4.996000E-9	486.000000E-9	300.070000E-3	235.000000E+0	-1.459000E+0	4.269119E+3	10.751000E-6	7.620000E-6	0.000000E+0	NaN
	07/06/2023 12:18:13	106.100000E-3	5.850000E-9	2.310000E-9	4.996000E-9	486.000000E-9	300.060000E-3	235.000000E+0	-1.571000E+0	4.269119E+3	11.199000E-6	7.620000E-6	0.000000E+0	NaN
	07/06/2023 12:18:24	106.320000E-3	5.880000E-9	2.300000E-9	4.996000E-9	486.600000E-9	300.080000E-3	234.000000E+0	-1.459000E+0	4.268782E+3	11.423000E-6	7.620000E-6	0.000000E+0	NaN
	07/06/2023 12:18:35	106.340000E-3	5.840000E-9	2.310000E-9	4.996000E-9	486.600000E-9	300.080000E-3	235.000000E+0	-1.571000E+0	4.269231E+3	10.863000E-6	7.620000E-6	0.000000E+0	NaN
	07/06/2023 12:18:45	106.420000E-3	5.830000E-9	2.300000E-9	4.996000E-9	487.200000E-9	300.070000E-3	234.000000E+0	-1.571000E+0	4.269231E+3	11.087000E-6	7.620000E-6	0.000000E+0	NaN
	07/06/2023 12:18:56	106.020000E-3	5.820000E-9	2.300000E-9	4.996000E-9	487.700000E-9	300.100000E-3	234.000000E+0	-1.459000E+0	4.269231E+3	10.639000E-6	7.620000E-6	0.000000E+0	NaN
	07/06/2023 12:19:06	106.070000E-3	5.830000E-9	2.300000E-9	4.996000E-9	489.500000E-9	300.110000E-3	234.000000E+0	-1.571000E+0	4.269006E+3	10.975000E-6	7.620000E-6	0.000000E+0	NaN
	07/06/2023 12:19:17	106.290000E-3	5.810000E-9	2.290000E-9	4.996000E-9	489.500000E-9	300.110000E-3	234.000000E+0	-1.571000E+0	4.269343E+3	10.863000E-6	7.620000E-6	0.000000E+0	NaN
	07/06/2023 12:19:28	106.050000E-3	5.820000E-9	2.300000E-9	4.996000E-9	491.900000E-9	300.110000E-3	234.000000E+0	-1.459000E+0	4.269006E+3	10.527000E-6	7.620000E-6	0.000000E+0	NaN
	07/06/2023 12:19:38	106.190000E-3	5.800000E-9	2.280000E-9	4.996000E-9	491.300000E-9	300.110000E-3	234.000000E+0	-1.683000E+0	4.269006E+3	10.527000E-6	7.620000E-6	0.000000E+0	NaN
	07/06/2023 12:19:49	106.100000E-3	5.770000E-9	2.280000E-9	4.996000E-9	491.900000E-9	300.110000E-3	234.000000E+0	-1.347000E+0	4.269119E+3	10.863000E-6	7.620000E-6	0.000000E+0	NaN
	07/06/2023 12:20:00	105.380000E-3	5.790000E-9	2.290000E-9	4.996000E-9	491.900000E-9	300.110000E-3	234.000000E+0	-1.459000E+0	4.268782E+3	11.311000E-6	7.620000E-6	0.000000E+0	NaN
	07/06/2023 12:20:10	106.640000E-3	5.770000E-9	2.280000E-9	4.996000E-9	492.400000E-9	300.110000E-3	234.000000E+0	-1.347000E+0	4.269343E+3	10.863000E-6	7.620000E-6	0.000000E+0	NaN
	07/06/2023 12:20:21	106.540000E-3	5.750000E-9	2.270000E-9	4.996000E-9	491.900000E-9	300.150000E-3	233.000000E+0	-1.459000E+0	4.269119E+3	10.639000E-6	7.620000E-6	0.000000E+0	NaN
	07/06/2023 12:20:31	106.190000E-3	5.760000E-9	2.270000E-9	4.996000E-9	492.400000E-9	300.150000E-3	234.000000E+0	-1.571000E+0	4.268894E+3	11.311000E-6	7.620000E-6	0.000000E+0	NaN
	07/06/2023 12:20:42	106.270000E-3	5.740000E-9	2.270000E-9	4.996000E-9	493.100000E-9	300.150000E-3	233.000000E+0	-1.459000E+0	4.269231E+3	10.975000E-6	7.620000E-6	0.000000E+0	NaN
	07/06/2023 12:20:53	106.370000E-3	5.740000E-9	2.270000E-9	4.996000E-9	493.600000E-9	300.150000E-3	233.000000E+0	-1.571000E+0	4.269568E+3	10.415000E-6	7.620000E-6	0.000000E+0	NaN
	07/06/2023 12:21:03	106.740000E-3	5.720000E-9	2.270000E-9	4.996000E-9	494.200000E-9	300.160000E-3	234.000000E+0	-1.571000E+0	4.269343E+3	10.975000E-6	7.630000E-6	0.000000E+0	NaN
	07/06/2023 12:21:14	106.560000E-3	5.720000E-9	2.270000E-9	4.996000E-9	494.800000E-9	300.180000E-3	232.000000E+0	-1.571000E+0	4.269343E+3	12.207000E-6	7.620000E-6	0.000000E+0	NaN
	07/06/2023 12:21:24	105.990000E-3	5.700000E-9	2.260000E-9	4.996000E-9	494.800000E-9	300.170000E-3	232.000000E+0	-1.571000E+0	4.269455E+3	11.199000E-6	7.620000E-6	0.000000E+0	NaN
	07/06/2023 12:21:35	106.170000E-3	5.710000E-9	2.260000E-9	4.996000E-9	494.800000E-9	300.190000E-3	232.000000E+0	-1.459000E+0	4.270017E+3	10.639000E-6	7.630000E-6	0.000000E+0	NaN
	07/06/2023 12:21:45	106.660000E-3	5.700000E-9	2.260000E-9	4.996000E-9	494.800000E-9	300.170000E-3	233.000000E+0	-1.347000E+0	4.269568E+3	11.311000E-6	7.620000E-6	0.000000E+0	NaN
	07/06/2023 12:21:56	105.770000E-3	5.690000E-9	2.250000E-9	4.996000E-9	496.000000E-9	300.160000E-3	232.000000E+0	-1.683000E+0	4.270017E+3	10.303000E-6	7.620000E-6	0.000000E+0	NaN
	07/06/2023 12:22:07	109.670000E-3	5.670000E-9	2.250000E-9	4.996000E-9	496.600000E-9	300.160000E-3	232.000000E+0	-1.459000E+0	4.269680E+3	10.191000E-6	7.620000E-6	0.000000E+0	NaN
	07/06/2023 12:22:17	106.690000E-3	5.660000E-9	2.240000E-9	4.996000E-9	499.000000E-9	300.180000E-3	232.000000E+0	-1.459000E+0	4.269568E+3	10.639000E-6	7.620000E-6	0.000000E+0	NaN
	07/06/2023 12:22:28	105.920000E-3	5.660000E-9	2.230000E-9	4.996000E-9	499.000000E-9	300.190000E-3	232.000000E+0	-1.571000E+0	4.270129E+3	10.863000E-6	7.620000E-6	0.000000E+0	NaN
	07/06/2023 12:22:39	106.440000E-3	5.640000E-9	2.230000E-9	4.996000E-9	499.600000E-9	300.190000E-3	231.000000E+0	-1.459000E+0	4.269680E+3	10.639000E-6	7.620000E-6	0.000000E+0	NaN
	07/06/2023 12:22:50	106.470000E-3	5.630000E-9	2.230000E-9	4.996000E-9	500.200000E-9	300.190000E-3	231.000000E+0	-1.571000E+0	4.270129E+3	11.199000E-6	7.620000E-6	0.000000E+0	NaN
	07/06/2023 12:23:00	106.270000E-3	5.630000E-9	2.230000E-9	4.996000E-9	500.200000E-9	300.190000E-3	231.000000E+0	-1.571000E+0	4.269568E+3	10.863000E-6	7.620000E-6	0.000000E+0	NaN
	07/06/2023 12:23:11	105.990000E-3	5.620000E-9	2.220000E-9	4.996000E-9	500.200000E-9	300.190000E-3	231.000000E+0	-1.571000E+0	4.270241E+3	10.415000E-6	7.620000E-6	0.000000E+0	NaN
	07/06/2023 12:23:21	106.320000E-3	5.610000E-9	2.220000E-9	4.996000E-9	500.800000E-9	300.200000E-3	231.000000E+0	-1.347000E+0	4.270353E+3	10.527000E-6	7.620000E-6	0.000000E+0	NaN
	07/06/2023 12:23:32	106.240000E-3	5.610000E-9	2.210000E-9	4.996000E-9	500.800000E-9	300.190000E-3	230.000000E+0	-1.235000E+0	4.269904E+3	10.303000E-6	7.620000E-6	0.000000E+0	NaN
	07/06/2023 12:23:43	106.270000E-3	5.610000E-9	2.210000E-9	4.996000E-9	500.800000E-9	300.190000E-3	230.000000E+0	-1.459000E+0	4.270241E+3	10.079000E-6	7.620000E-6	0.000000E+0	NaN
	07/06/2023 12:23:53	106.140000E-3	5.580000E-9	2.210000E-9	4.996000E-9	504.400000E-9	300.230000E-3	230.000000E+0	-1.459000E+0	4.270017E+3	10.639000E-6	7.620000E-6	0.000000E+0	NaN
	07/06/2023 12:24:04	106.220000E-3	5.590000E-9	2.210000E-9	4.996000E-9	505.000000E-9	300.200000E-3	231.000000E+0	-1.459000E+0	4.270466E+3	10.863000E-6	7.620000E-6	0.000000E+0	NaN
	07/06/2023 12:24:14	106.290000E-3	5.570000E-9	2.210000E-9	4.996000E-9	505.000000E-9	300.210000E-3	230.000000E+0	-1.347000E+0	4.269792E+3	11.199000E-6	7.620000E-6	0.000000E+0	NaN
	07/06/2023 12:24:25	106.590000E-3	5.550000E-9	2.210000E-9	4.996000E-9	505.000000E-9	300.230000E-3	231.000000E+0	-1.459000E+0	4.270129E+3	9.855000E-6	7.620000E-6	0.000000E+0	NaN
	07/06/2023 12:24:36	106.490000E-3	5.580000E-9	2.210000E-9	4.996000E-9	505.000000E-9	300.220000E-3	230.000000E+0	-1.459000E+0	4.270017E+3	10.639000E-6	7.620000E-6	0.000000E+0	NaN
	07/06/2023 12:24:46	106.540000E-3	5.550000E-9	2.200000E-9	4.996000E-9	505.000000E-9	300.220000E-3	230.000000E+0	-1.683000E+0	4.270129E+3	11.087000E-6	7.620000E-6	0.000000E+0	NaN
	07/06/2023 12:24:57	106.020000E-3	5.560000E-9	2.200000E-9	4.996000E-9	505.000000E-9	300.230000E-3	230.000000E+0	-1.571000E+0	4.270241E+3	10.751000E-6	7.620000E-6	0.000000E+0	NaN
	07/06/2023 12:25:08	106.070000E-3	5.530000E-9	2.190000E-9	4.996000E-9	505.000000E-9	300.220000E-3	230.000000E+0	-1.571000E+0	4.270241E+3	10.751000E-6	7.620000E-6	0.000000E+0	NaN
	07/06/2023 12:25:18	106.270000E-3	5.530000E-9	2.190000E-9	4.996000E-9	505.000000E-9	300.220000E-3	230.000000E+0	-1.459000E+0	4.270241E+3	10.975000E-6	7.620000E-6	0.000000E+0	NaN
	07/06/2023 12:25:29	106.240000E-3	5.510000E-9	2.190000E-9	4.996000E-9	505.000000E-9	300.220000E-3	230.000000E+0	-1.459000E+0	4.270017E+3	10.527000E-6	7.620000E-6	0.000000E+0	NaN
	07/06/2023 12:25:39	105.990000E-3	5.510000E-9	2.190000E-9	4.996000E-9	505.000000E-9	300.230000E-3	230.000000E+0	-1.235000E+0	4.270241E+3	10.303000E-6	7.620000E-6	0.000000E+0	NaN
	07/06/2023 12:25:50	106.190000E-3	5.500000E-9	2.190000E-9	4.996000E-9	505.000000E-9	300.230000E-3	229.000000E+0	-1.459000E+0	4.270466E+3	10.751000E-6	7.620000E-6	0.000000E+0	NaN
	07/06/2023 12:26:01	106.740000E-3	5.510000E-9	2.190000E-9	4.996000E-9	505.000000E-9	300.220000E-3	229.000000E+0	-1.459000E+0	4.270353E+3	10.639000E-6	7.620000E-6	0.000000E+0	NaN
	07/06/2023 12:26:11	106.290000E-3	5.490000E-9	2.180000E-9	4.996000E-9	505.000000E-9	300.230000E-3	229.000000E+0	-1.347000E+0	4.270914E+3	11.311000E-6	7.610000E-6	0.000000E+0	NaN
	07/06/2023 12:26:22	105.950000E-3	5.490000E-9	2.180000E-9	4.996000E-9	505.000000E-9	300.230000E-3	229.000000E+0	-1.459000E+0	4.270690E+3	10.079000E-6	7.620000E-6	0.000000E+0	NaN
	07/06/2023 12:26:32	106.290000E-3	5.470000E-9	2.180000E-9	4.996000E-9	505.000000E-9	300.230000E-3	229.000000E+0	-1.235000E+0	4.270802E+3	10.751000E-6	7.620000E-6	0.000000E+0	NaN
	07/06/2023 12:26:43	105.850000E-3	5.460000E-9	2.170000E-9	4.996000E-9	505.000000E-9	300.230000E-3	228.000000E+0	-1.571000E+0	4.270690E+3	9.631000E-6	7.620000E-6	0.000000E+0	NaN
	07/06/2023 12:26:53	106.120000E-3	5.450000E-9	2.170000E-9	4.996000E-9	505.600000E-9	300.230000E-3	228.000000E+0	-1.347000E+0	4.270802E+3	11.199000E-6	7.620000E-6	0.000000E+0	NaN
	07/06/2023 12:27:04	106.390000E-3	5.450000E-9	2.160000E-9	4.996000E-9	505.600000E-9	300.230000E-3	229.000000E+0	-1.459000E+0	4.271027E+3	10.079000E-6	7.610000E-6	0.000000E+0	NaN
	07/06/2023 12:27:14	106.390000E-3	5.440000E-9	2.160000E-9	4.996000E-9	506.200000E-9	300.220000E-3	228.000000E+0	-1.459000E+0	4.271027E+3	10.415000E-6	7.610000E-6	0.000000E+0	NaN
	07/06/2023 12:27:25	106.490000E-3	5.440000E-9	2.160000E-9	4.996000E-9	506.200000E-9	300.230000E-3	228.000000E+0	-1.571000E+0	4.270914E+3	10.751000E-6	7.620000E-6	0.000000E+0	NaN
	07/06/2023 12:27:36	106.100000E-3	5.410000E-9	2.160000E-9	4.996000E-9	506.200000E-9	300.230000E-3	229.000000E+0	-1.347000E+0	4.271476E+3	11.199000E-6	7.610000E-6	0.000000E+0	NaN
	07/06/2023 12:27:46	106.020000E-3	5.410000E-9	2.150000E-9	4.996000E-9	506.200000E-9	300.230000E-3	228.000000E+0	-1.459000E+0	4.271027E+3	10.639000E-6	7.610000E-6	0.000000E+0	NaN
	07/06/2023 12:27:57	106.420000E-3	5.420000E-9	2.150000E-9	4.996000E-9	506.200000E-9	300.230000E-3	228.000000E+0	-1.459000E+0	4.271588E+3	10.079000E-6	7.610000E-6	0.000000E+0	NaN
	07/06/2023 12:28:07	106.120000E-3	5.400000E-9	2.150000E-9	4.996000E-9	506.200000E-9	300.230000E-3	228.000000E+0	-1.347000E+0	4.271476E+3	10.527000E-6	7.620000E-6	0.000000E+0	NaN
	07/06/2023 12:28:18	106.320000E-3	5.390000E-9	2.140000E-9	4.996000E-9	506.200000E-9	300.230000E-3	227.000000E+0	-1.683000E+0	4.271363E+3	9.631000E-6	7.610000E-6	0.000000E+0	NaN
	07/06/2023 12:28:29	106.170000E-3	5.380000E-9	2.130000E-9	4.996000E-9	506.800000E-9	300.230000E-3	227.000000E+0	-1.235000E+0	4.271700E+3	10.303000E-6	7.610000E-6	0.000000E+0	NaN
	07/06/2023 12:28:39	106.810000E-3	5.360000E-9	2.130000E-9	4.996000E-9	507.500000E-9	300.230000E-3	227.000000E+0	-1.459000E+0	4.271476E+3	10.303000E-6	7.610000E-6	0.000000E+0	NaN
	07/06/2023 12:28:50	106.540000E-3	5.360000E-9	2.130000E-9	4.996000E-9	508.700000E-9	300.220000E-3	227.000000E+0	-1.459000E+0	4.271588E+3	10.303000E-6	7.610000E-6	0.000000E+0	NaN
	07/06/2023 12:29:00	106.370000E-3	5.350000E-9	2.130000E-9	4.996000E-9	508.700000E-9	300.230000E-3	227.000000E+0	-1.683000E+0	4.271588E+3	9.631000E-6	7.610000E-6	0.000000E+0	NaN
	07/06/2023 12:29:11	106.540000E-3	5.340000E-9	2.130000E-9	4.996000E-9	508.700000E-9	300.230000E-3	227.000000E+0	-1.459000E+0	4.271812E+3	10.303000E-6	7.610000E-6	0.000000E+0	NaN
	07/06/2023 12:29:22	106.190000E-3	5.330000E-9	2.120000E-9	4.996000E-9	509.900000E-9	300.230000E-3	227.000000E+0	-1.571000E+0	4.272037E+3	10.639000E-6	7.610000E-6	0.000000E+0	NaN
	07/06/2023 12:29:32	106.470000E-3	5.320000E-9	2.130000E-9	4.996000E-9	510.500000E-9	300.230000E-3	227.000000E+0	-1.459000E+0	4.271588E+3	9.407000E-6	7.610000E-6	0.000000E+0	NaN
	07/06/2023 12:29:43	106.340000E-3	5.340000E-9	2.110000E-9	4.996000E-9	510.500000E-9	300.230000E-3	227.000000E+0	-1.683000E+0	4.272373E+3	9.631000E-6	7.610000E-6	0.000000E+0	NaN
	07/06/2023 12:29:53	106.660000E-3	5.320000E-9	2.110000E-9	4.996000E-9	510.500000E-9	300.230000E-3	226.000000E+0	-1.459000E+0	4.271925E+3	9.631000E-6	7.610000E-6	0.000000E+0	NaN
	07/06/2023 12:30:04	106.880000E-3	5.320000E-9	2.120000E-9	4.996000E-9	510.500000E-9	300.230000E-3	226.000000E+0	-1.683000E+0	4.272037E+3	10.079000E-6	7.610000E-6	0.000000E+0	NaN
	07/06/2023 12:30:14	106.420000E-3	5.300000E-9	2.120000E-9	4.996000E-9	510.500000E-9	300.230000E-3	227.000000E+0	-1.459000E+0	4.272598E+3	9.631000E-6	7.610000E-6	0.000000E+0	NaN
	07/06/2023 12:30:25	106.860000E-3	5.310000E-9	2.110000E-9	4.996000E-9	509.900000E-9	300.220000E-3	226.000000E+0	-1.347000E+0	4.272373E+3	9.183000E-6	7.610000E-6	0.000000E+0	NaN
	07/06/2023 12:30:36	107.010000E-3	5.290000E-9	2.100000E-9	4.996000E-9	509.900000E-9	300.220000E-3	225.000000E+0	-1.459000E+0	4.272373E+3	10.415000E-6	7.610000E-6	0.000000E+0	NaN
	07/06/2023 12:30:46	106.370000E-3	5.280000E-9	2.090000E-9	4.996000E-9	510.500000E-9	300.230000E-3	226.000000E+0	-1.459000E+0	4.271925E+3	9.071000E-6	7.610000E-6	0.000000E+0	NaN
	07/06/2023 12:30:57	106.290000E-3	5.270000E-9	2.090000E-9	4.996000E-9	511.100000E-9	300.230000E-3	225.000000E+0	-1.571000E+0	4.272261E+3	9.855000E-6	7.610000E-6	0.000000E+0	NaN
	07/06/2023 12:31:07	106.560000E-3	5.290000E-9	2.100000E-9	4.996000E-9	511.100000E-9	300.230000E-3	226.000000E+0	-1.571000E+0	4.272261E+3	9.743000E-6	7.610000E-6	0.000000E+0	NaN
	07/06/2023 12:31:18	106.120000E-3	5.260000E-9	2.100000E-9	4.996000E-9	511.100000E-9	300.230000E-3	226.000000E+0	-1.347000E+0	4.272486E+3	10.751000E-6	7.610000E-6	0.000000E+0	NaN
	07/06/2023 12:31:29	105.720000E-3	5.250000E-9	2.090000E-9	4.996000E-9	511.100000E-9	300.200000E-3	225.000000E+0	-1.459000E+0	4.272822E+3	10.079000E-6	7.610000E-6	0.000000E+0	NaN
	07/06/2023 12:31:39	106.290000E-3	5.250000E-9	2.080000E-9	4.996000E-9	511.700000E-9	300.190000E-3	225.000000E+0	-1.459000E+0	4.272261E+3	10.527000E-6	7.610000E-6	0.000000E+0	NaN
	07/06/2023 12:31:50	106.140000E-3	5.260000E-9	2.080000E-9	4.996000E-9	511.100000E-9	300.190000E-3	225.000000E+0	-1.347000E+0	4.272710E+3	9.519000E-6	7.610000E-6	0.000000E+0	NaN
	07/06/2023 12:32:00	106.220000E-3	5.220000E-9	2.080000E-9	4.996000E-9	511.700000E-9	300.190000E-3	225.000000E+0	-1.571000E+0	4.272373E+3	9.855000E-6	7.610000E-6	0.000000E+0	NaN
	07/06/2023 12:32:11	106.810000E-3	5.220000E-9	2.090000E-9	4.996000E-9	511.100000E-9	300.190000E-3	225.000000E+0	-1.459000E+0	4.273159E+3	9.631000E-6	7.610000E-6	0.000000E+0	NaN
	07/06/2023 12:32:22	106.610000E-3	5.240000E-9	2.080000E-9	4.996000E-9	511.700000E-9	300.190000E-3	225.000000E+0	-1.347000E+0	4.272710E+3	9.743000E-6	7.610000E-6	0.000000E+0	NaN
	07/06/2023 12:32:32	106.610000E-3	5.200000E-9	2.070000E-9	4.996000E-9	511.700000E-9	300.190000E-3	225.000000E+0	-1.459000E+0	4.273047E+3	9.519000E-6	7.610000E-6	0.000000E+0	NaN
	07/06/2023 12:32:43	106.660000E-3	5.200000E-9	2.070000E-9	4.996000E-9	512.300000E-9	300.190000E-3	225.000000E+0	-1.459000E+0	4.273047E+3	9.407000E-6	7.610000E-6	0.000000E+0	NaN
	07/06/2023 12:32:53	106.270000E-3	5.200000E-9	2.060000E-9	4.996000E-9	512.300000E-9	300.190000E-3	225.000000E+0	-1.571000E+0	4.272710E+3	9.967000E-6	7.610000E-6	0.000000E+0	NaN
	07/06/2023 12:33:04	106.050000E-3	5.210000E-9	2.060000E-9	4.996000E-9	512.300000E-9	300.190000E-3	224.000000E+0	-1.571000E+0	4.272935E+3	9.855000E-6	7.610000E-6	0.000000E+0	NaN
	07/06/2023 12:33:15	106.810000E-3	5.180000E-9	2.060000E-9	4.996000E-9	513.000000E-9	300.190000E-3	225.000000E+0	-1.347000E+0	4.273159E+3	9.855000E-6	7.610000E-6	0.000000E+0	NaN
	07/06/2023 12:33:25	106.020000E-3	5.180000E-9	2.060000E-9	4.996000E-9	513.600000E-9	300.200000E-3	223.000000E+0	-1.683000E+0	4.272822E+3	9.967000E-6	7.610000E-6	0.000000E+0	NaN
	07/06/2023 12:33:36	106.240000E-3	5.160000E-9	2.070000E-9	4.996000E-9	513.600000E-9	300.190000E-3	224.000000E+0	-1.571000E+0	4.272822E+3	9.519000E-6	7.610000E-6	0.000000E+0	NaN
	07/06/2023 12:33:46	106.690000E-3	5.160000E-9	2.060000E-9	4.996000E-9	513.600000E-9	300.180000E-3	224.000000E+0	-1.571000E+0	4.273047E+3	9.071000E-6	7.610000E-6	0.000000E+0	NaN
	07/06/2023 12:33:57	106.340000E-3	5.160000E-9	2.060000E-9	4.996000E-9	513.600000E-9	300.180000E-3	224.000000E+0	-1.347000E+0	4.273496E+3	9.295000E-6	7.600000E-6	0.000000E+0	NaN
	07/06/2023 12:34:07	106.490000E-3	5.160000E-9	2.050000E-9	4.996000E-9	513.600000E-9	300.150000E-3	223.000000E+0	-1.571000E+0	4.273496E+3	10.527000E-6	7.600000E-6	0.000000E+0	NaN
	07/06/2023 12:34:18	106.710000E-3	5.140000E-9	2.040000E-9	4.996000E-9	513.600000E-9	300.150000E-3	223.000000E+0	-1.347000E+0	4.273159E+3	9.519000E-6	7.610000E-6	0.000000E+0	NaN
	07/06/2023 12:34:29	106.220000E-3	5.130000E-9	2.040000E-9	4.996000E-9	513.600000E-9	300.150000E-3	223.000000E+0	-1.459000E+0	4.273047E+3	9.855000E-6	7.600000E-6	0.000000E+0	NaN
	07/06/2023 12:34:39	107.010000E-3	5.130000E-9	2.030000E-9	4.996000E-9	514.200000E-9	300.150000E-3	223.000000E+0	-1.459000E+0	4.273384E+3	10.079000E-6	7.600000E-6	0.000000E+0	NaN
	07/06/2023 12:34:50	106.840000E-3	5.130000E-9	2.040000E-9	4.996000E-9	514.200000E-9	300.150000E-3	222.000000E+0	-1.347000E+0	4.273608E+3	9.743000E-6	7.600000E-6	0.000000E+0	NaN
	07/06/2023 12:35:00	106.610000E-3	5.100000E-9	2.040000E-9	4.996000E-9	514.200000E-9	300.150000E-3	223.000000E+0	-1.683000E+0	4.273832E+3	9.743000E-6	7.600000E-6	0.000000E+0	NaN
	07/06/2023 12:35:11	106.780000E-3	5.120000E-9	2.040000E-9	4.996000E-9	513.600000E-9	300.150000E-3	223.000000E+0	-1.571000E+0	4.273720E+3	10.639000E-6	7.600000E-6	0.000000E+0	NaN
	07/06/2023 12:35:22	106.540000E-3	5.100000E-9	2.040000E-9	4.996000E-9	513.000000E-9	300.160000E-3	223.000000E+0	-1.571000E+0	4.273384E+3	9.071000E-6	7.600000E-6	0.000000E+0	NaN
	07/06/2023 12:35:32	106.860000E-3	5.100000E-9	2.030000E-9	4.996000E-9	511.700000E-9	300.130000E-3	223.000000E+0	-1.459000E+0	4.274057E+3	9.967000E-6	7.600000E-6	0.000000E+0	NaN
	07/06/2023 12:35:43	106.710000E-3	5.080000E-9	2.030000E-9	4.996000E-9	512.300000E-9	300.150000E-3	222.000000E+0	-1.459000E+0	4.273720E+3	10.191000E-6	7.600000E-6	0.000000E+0	NaN
	07/06/2023 12:35:53	106.140000E-3	5.070000E-9	2.020000E-9	4.996000E-9	511.700000E-9	300.130000E-3	222.000000E+0	-1.571000E+0	4.273832E+3	9.295000E-6	7.600000E-6	0.000000E+0	NaN
	07/06/2023 12:36:04	106.170000E-3	5.070000E-9	2.020000E-9	4.996000E-9	511.700000E-9	300.120000E-3	222.000000E+0	-1.571000E+0	4.274169E+3	9.967000E-6	7.600000E-6	0.000000E+0	NaN
	07/06/2023 12:36:14	106.220000E-3	5.070000E-9	2.020000E-9	4.996000E-9	511.700000E-9	300.120000E-3	222.000000E+0	-1.571000E+0	4.273832E+3	8.959000E-6	7.600000E-6	0.000000E+0	NaN
	07/06/2023 12:36:25	106.140000E-3	5.050000E-9	2.010000E-9	4.996000E-9	513.000000E-9	300.120000E-3	222.000000E+0	-1.459000E+0	4.274394E+3	10.415000E-6	7.600000E-6	0.000000E+0	NaN
	07/06/2023 12:36:36	106.140000E-3	5.050000E-9	2.010000E-9	4.996000E-9	513.600000E-9	300.110000E-3	222.000000E+0	-1.571000E+0	4.274169E+3	9.295000E-6	7.600000E-6	0.000000E+0	NaN
	07/06/2023 12:36:46	106.320000E-3	5.050000E-9	2.010000E-9	4.996000E-9	514.200000E-9	300.120000E-3	222.000000E+0	-1.459000E+0	4.273945E+3	9.407000E-6	7.600000E-6	0.000000E+0	NaN
	07/06/2023 12:36:57	107.180000E-3	5.030000E-9	2.010000E-9	4.996000E-9	516.100000E-9	300.120000E-3	221.000000E+0	-1.571000E+0	4.274057E+3	8.959000E-6	7.600000E-6	0.000000E+0	NaN
	07/06/2023 12:37:08	107.030000E-3	5.040000E-9	2.010000E-9	4.996000E-9	516.100000E-9	300.110000E-3	222.000000E+0	-1.571000E+0	4.274394E+3	9.855000E-6	7.600000E-6	0.000000E+0	NaN
	07/06/2023 12:37:18	106.810000E-3	5.030000E-9	2.000000E-9	4.996000E-9	515.400000E-9	300.090000E-3	222.000000E+0	-1.683000E+0	4.274057E+3	9.295000E-6	7.600000E-6	0.000000E+0	NaN
	07/06/2023 12:37:29	106.270000E-3	5.010000E-9	2.010000E-9	4.996000E-9	514.800000E-9	300.110000E-3	221.000000E+0	-1.459000E+0	4.274057E+3	10.303000E-6	7.600000E-6	0.000000E+0	NaN
	07/06/2023 12:37:40	106.390000E-3	5.020000E-9	2.000000E-9	4.996000E-9	513.600000E-9	300.100000E-3	221.000000E+0	-1.459000E+0	4.274506E+3	10.527000E-6	7.600000E-6	0.000000E+0	NaN
	07/06/2023 12:37:50	106.560000E-3	5.010000E-9	1.990000E-9	4.996000E-9	513.600000E-9	300.100000E-3	221.000000E+0	-1.459000E+0	4.274394E+3	9.519000E-6	7.600000E-6	0.000000E+0	NaN
	07/06/2023 12:38:01	106.880000E-3	4.990000E-9	1.990000E-9	4.996000E-9	513.000000E-9	300.070000E-3	221.000000E+0	-1.347000E+0	4.274394E+3	9.519000E-6	7.600000E-6	0.000000E+0	NaN
	07/06/2023 12:38:11	106.740000E-3	4.980000E-9	1.990000E-9	4.996000E-9	513.000000E-9	300.070000E-3	221.000000E+0	-1.571000E+0	4.274281E+3	10.191000E-6	7.600000E-6	0.000000E+0	NaN
	07/06/2023 12:38:22	106.840000E-3	4.990000E-9	1.990000E-9	4.996000E-9	513.000000E-9	300.070000E-3	220.000000E+0	-1.571000E+0	4.274618E+3	9.407000E-6	7.600000E-6	0.000000E+0	NaN
	07/06/2023 12:38:32	106.320000E-3	4.980000E-9	1.980000E-9	4.996000E-9	511.700000E-9	300.070000E-3	220.000000E+0	-1.571000E+0	4.274730E+3	8.847000E-6	7.600000E-6	0.000000E+0	NaN
	07/06/2023 12:38:43	107.010000E-3	4.970000E-9	1.980000E-9	4.996000E-9	513.000000E-9	300.080000E-3	220.000000E+0	-1.683000E+0	4.274843E+3	9.519000E-6	7.600000E-6	0.000000E+0	NaN
	07/06/2023 12:38:54	106.270000E-3	4.970000E-9	1.980000E-9	4.996000E-9	513.000000E-9	300.070000E-3	220.000000E+0	-1.459000E+0	4.275067E+3	9.183000E-6	7.600000E-6	0.000000E+0	NaN
	07/06/2023 12:39:04	106.640000E-3	4.940000E-9	1.980000E-9	4.996000E-9	513.000000E-9	300.050000E-3	220.000000E+0	-1.571000E+0	4.275179E+3	9.071000E-6	7.600000E-6	0.000000E+0	NaN
	07/06/2023 12:39:15	106.240000E-3	4.940000E-9	1.980000E-9	4.996000E-9	513.600000E-9	300.070000E-3	220.000000E+0	-1.459000E+0	4.275292E+3	10.415000E-6	7.600000E-6	0.000000E+0	NaN
	07/06/2023 12:39:25	106.240000E-3	4.950000E-9	1.980000E-9	4.996000E-9	514.200000E-9	300.070000E-3	220.000000E+0	-1.571000E+0	4.275404E+3	9.743000E-6	7.600000E-6	0.000000E+0	NaN
	07/06/2023 12:39:36	106.560000E-3	4.940000E-9	1.980000E-9	4.996000E-9	514.800000E-9	300.040000E-3	220.000000E+0	-1.683000E+0	4.275516E+3	9.407000E-6	7.600000E-6	0.000000E+0	NaN
	07/06/2023 12:39:47	106.470000E-3	4.940000E-9	1.970000E-9	4.996000E-9	514.200000E-9	300.050000E-3	220.000000E+0	-1.459000E+0	4.275404E+3	9.743000E-6	7.600000E-6	0.000000E+0	NaN
	07/06/2023 12:39:57	106.610000E-3	4.940000E-9	1.970000E-9	4.996000E-9	514.200000E-9	300.070000E-3	220.000000E+0	-1.459000E+0	4.275179E+3	10.303000E-6	7.590000E-6	0.000000E+0	NaN
	07/06/2023 12:40:08	106.640000E-3	4.940000E-9	1.960000E-9	4.996000E-9	514.200000E-9	300.030000E-3	220.000000E+0	-1.571000E+0	4.275067E+3	10.527000E-6	7.600000E-6	0.000000E+0	NaN
	07/06/2023 12:40:18	106.100000E-3	4.910000E-9	1.960000E-9	4.996000E-9	514.200000E-9	300.030000E-3	220.000000E+0	-1.571000E+0	4.275516E+3	9.519000E-6	7.600000E-6	0.000000E+0	NaN
	07/06/2023 12:40:29	106.070000E-3	4.910000E-9	1.960000E-9	4.996000E-9	513.600000E-9	300.030000E-3	219.000000E+0	-1.683000E+0	4.275404E+3	9.295000E-6	7.590000E-6	0.000000E+0	NaN
	07/06/2023 12:40:39	106.760000E-3	4.910000E-9	1.950000E-9	4.996000E-9	513.600000E-9	300.030000E-3	220.000000E+0	-1.571000E+0	4.275067E+3	9.631000E-6	7.590000E-6	0.000000E+0	NaN
	07/06/2023 12:40:50	106.440000E-3	4.890000E-9	1.950000E-9	4.996000E-9	513.000000E-9	300.040000E-3	219.000000E+0	-1.347000E+0	4.274955E+3	9.071000E-6	7.590000E-6	0.000000E+0	NaN
	07/06/2023 12:41:01	107.280000E-3	4.900000E-9	1.950000E-9	4.996000E-9	513.000000E-9	300.030000E-3	220.000000E+0	-1.459000E+0	4.275516E+3	9.295000E-6	7.590000E-6	0.000000E+0	NaN
	07/06/2023 12:41:11	106.560000E-3	4.900000E-9	1.960000E-9	4.996000E-9	512.300000E-9	300.010000E-3	219.000000E+0	-1.459000E+0	4.275516E+3	8.847000E-6	7.590000E-6	0.000000E+0	NaN
	07/06/2023 12:41:22	106.240000E-3	4.880000E-9	1.960000E-9	4.996000E-9	511.100000E-9	300.000000E-3	219.000000E+0	-1.347000E+0	4.275292E+3	9.967000E-6	7.590000E-6	0.000000E+0	NaN
	07/06/2023 12:41:32	105.630000E-3	4.860000E-9	1.950000E-9	4.996000E-9	510.500000E-9	299.990000E-3	219.000000E+0	-1.459000E+0	4.275516E+3	8.735000E-6	7.590000E-6	0.000000E+0	NaN
	07/06/2023 12:41:43	106.320000E-3	4.870000E-9	1.950000E-9	4.996000E-9	510.500000E-9	299.990000E-3	219.000000E+0	-1.459000E+0	4.275404E+3	10.527000E-6	7.590000E-6	0.000000E+0	NaN
	07/06/2023 12:41:54	106.590000E-3	4.860000E-9	1.950000E-9	4.996000E-9	509.900000E-9	299.990000E-3	218.000000E+0	-1.571000E+0	4.275292E+3	9.967000E-6	7.590000E-6	0.000000E+0	NaN
	07/06/2023 12:42:04	106.660000E-3	4.860000E-9	1.940000E-9	4.996000E-9	509.300000E-9	299.990000E-3	219.000000E+0	-1.683000E+0	4.275628E+3	9.071000E-6	7.600000E-6	0.000000E+0	NaN
	07/06/2023 12:42:15	107.080000E-3	4.870000E-9	1.930000E-9	4.996000E-9	508.700000E-9	299.990000E-3	219.000000E+0	-1.683000E+0	4.275292E+3	9.295000E-6	7.590000E-6	0.000000E+0	NaN
	07/06/2023 12:42:25	106.960000E-3	4.860000E-9	1.930000E-9	4.996000E-9	508.700000E-9	299.990000E-3	218.000000E+0	-1.571000E+0	4.275853E+3	9.743000E-6	7.600000E-6	0.000000E+0	NaN
	07/06/2023 12:42:36	106.880000E-3	4.850000E-9	1.940000E-9	4.996000E-9	507.500000E-9	299.990000E-3	218.000000E+0	-1.459000E+0	4.275292E+3	9.183000E-6	7.590000E-6	0.000000E+0	NaN
	07/06/2023 12:42:49	106.540000E-3	4.840000E-9	1.940000E-9	4.996000E-9	505.600000E-9	299.950000E-3	218.000000E+0	-1.571000E+0	4.275853E+3	9.631000E-6	7.590000E-6	0.000000E+0	NaN
	07/06/2023 12:43:00	106.240000E-3	4.820000E-9	1.930000E-9	4.996000E-9	505.000000E-9	299.950000E-3	217.000000E+0	-1.571000E+0	4.275853E+3	8.511000E-6	7.590000E-6	0.000000E+0	NaN
	07/06/2023 12:43:11	106.340000E-3	4.820000E-9	1.920000E-9	4.996000E-9	505.000000E-9	299.960000E-3	217.000000E+0	-1.571000E+0	4.276077E+3	9.407000E-6	7.590000E-6	0.000000E+0	NaN
	07/06/2023 12:43:22	106.270000E-3	4.810000E-9	1.930000E-9	4.996000E-9	502.600000E-9	299.950000E-3	218.000000E+0	-1.459000E+0	4.275965E+3	9.743000E-6	7.590000E-6	0.000000E+0	NaN
	07/06/2023 12:43:32	106.440000E-3	4.800000E-9	1.920000E-9	4.996000E-9	500.200000E-9	299.950000E-3	218.000000E+0	-1.459000E+0	4.276077E+3	9.071000E-6	7.590000E-6	0.000000E+0	NaN
	07/06/2023 12:43:43	106.320000E-3	4.810000E-9	1.910000E-9	4.996000E-9	500.200000E-9	299.950000E-3	217.000000E+0	-1.796000E+0	4.276189E+3	9.855000E-6	7.590000E-6	0.000000E+0	NaN
	07/06/2023 12:43:54	106.740000E-3	4.800000E-9	1.910000E-9	4.996000E-9	500.200000E-9	299.940000E-3	217.000000E+0	-1.571000E+0	4.275853E+3	9.519000E-6	7.590000E-6	0.000000E+0	NaN
	07/06/2023 12:44:04	105.990000E-3	4.800000E-9	1.910000E-9	4.996000E-9	500.200000E-9	299.950000E-3	217.000000E+0	-1.571000E+0	4.276414E+3	9.407000E-6	7.590000E-6	0.000000E+0	NaN
	07/06/2023 12:44:15	106.170000E-3	4.790000E-9	1.910000E-9	4.996000E-9	499.600000E-9	299.950000E-3	217.000000E+0	-1.459000E+0	4.276189E+3	8.847000E-6	7.590000E-6	0.000000E+0	NaN
	07/06/2023 12:44:25	106.470000E-3	4.790000E-9	1.910000E-9	4.996000E-9	499.000000E-9	299.940000E-3	217.000000E+0	-1.459000E+0	4.276077E+3	9.295000E-6	7.590000E-6	0.000000E+0	NaN
	07/06/2023 12:44:36	106.610000E-3	4.790000E-9	1.910000E-9	4.996000E-9	496.600000E-9	299.910000E-3	217.000000E+0	-1.571000E+0	4.276638E+3	9.407000E-6	7.590000E-6	0.000000E+0	NaN
	07/06/2023 12:44:47	106.100000E-3	4.790000E-9	1.920000E-9	4.996000E-9	496.600000E-9	299.910000E-3	217.000000E+0	-1.459000E+0	4.276302E+3	8.959000E-6	7.590000E-6	0.000000E+0	NaN
	07/06/2023 12:44:57	106.340000E-3	4.770000E-9	1.900000E-9	4.996000E-9	496.000000E-9	299.910000E-3	217.000000E+0	-1.459000E+0	4.276302E+3	9.407000E-6	7.590000E-6	0.000000E+0	NaN
	07/06/2023 12:45:08	106.510000E-3	4.750000E-9	1.900000E-9	4.996000E-9	495.400000E-9	299.910000E-3	216.000000E+0	-1.459000E+0	4.276526E+3	8.735000E-6	7.590000E-6	0.000000E+0	NaN
	07/06/2023 12:45:18	106.590000E-3	4.750000E-9	1.900000E-9	4.996000E-9	495.400000E-9	299.910000E-3	216.000000E+0	-1.571000E+0	4.276526E+3	9.295000E-6	7.590000E-6	0.000000E+0	NaN
	07/06/2023 12:45:29	106.270000E-3	4.740000E-9	1.900000E-9	4.996000E-9	494.200000E-9	299.920000E-3	215.000000E+0	-1.459000E+0	4.276302E+3	8.623000E-6	7.590000E-6	0.000000E+0	NaN
	07/06/2023 12:45:40	106.190000E-3	4.730000E-9	1.890000E-9	4.996000E-9	494.200000E-9	299.910000E-3	214.000000E+0	-1.459000E+0	4.276414E+3	9.631000E-6	7.590000E-6	0.000000E+0	NaN
	07/06/2023 12:45:50	106.540000E-3	4.740000E-9	1.890000E-9	4.996000E-9	493.600000E-9	299.910000E-3	216.000000E+0	-1.571000E+0	4.276638E+3	8.623000E-6	7.590000E-6	0.000000E+0	NaN
	07/06/2023 12:46:01	106.880000E-3	4.720000E-9	1.890000E-9	4.996000E-9	492.400000E-9	299.880000E-3	214.000000E+0	-1.459000E+0	4.276302E+3	8.959000E-6	7.590000E-6	0.000000E+0	NaN
	07/06/2023 12:46:12	106.660000E-3	4.740000E-9	1.890000E-9	4.996000E-9	492.400000E-9	299.910000E-3	214.000000E+0	-1.347000E+0	4.276751E+3	9.855000E-6	7.590000E-6	0.000000E+0	NaN
	07/06/2023 12:46:22	106.510000E-3	4.730000E-9	1.890000E-9	4.996000E-9	491.900000E-9	299.890000E-3	214.000000E+0	-1.571000E+0	4.276863E+3	9.743000E-6	7.590000E-6	0.000000E+0	NaN
	07/06/2023 12:46:33	106.490000E-3	4.720000E-9	1.890000E-9	4.996000E-9	491.900000E-9	299.880000E-3	214.000000E+0	-1.459000E+0	4.277312E+3	9.071000E-6	7.590000E-6	0.000000E+0	NaN
	07/06/2023 12:46:43	106.640000E-3	4.720000E-9	1.890000E-9	4.996000E-9	491.300000E-9	299.870000E-3	214.000000E+0	-1.571000E+0	4.277199E+3	9.855000E-6	7.590000E-6	0.000000E+0	NaN
	07/06/2023 12:46:54	106.240000E-3	4.710000E-9	1.890000E-9	4.996000E-9	490.700000E-9	299.860000E-3	214.000000E+0	-1.459000E+0	4.277199E+3	9.295000E-6	7.590000E-6	0.000000E+0	NaN
	07/06/2023 12:47:05	106.690000E-3	4.710000E-9	1.890000E-9	4.996000E-9	491.900000E-9	299.870000E-3	214.000000E+0	-1.571000E+0	4.277087E+3	8.847000E-6	7.590000E-6	0.000000E+0	NaN
	07/06/2023 12:47:15	106.810000E-3	4.710000E-9	1.880000E-9	4.996000E-9	491.300000E-9	299.870000E-3	214.000000E+0	-1.459000E+0	4.277199E+3	9.183000E-6	7.590000E-6	0.000000E+0	NaN
	07/06/2023 12:47:26	106.170000E-3	4.690000E-9	1.880000E-9	4.996000E-9	490.700000E-9	299.870000E-3	213.000000E+0	-1.347000E+0	4.277312E+3	8.959000E-6	7.590000E-6	0.000000E+0	NaN
	07/06/2023 12:47:36	106.290000E-3	4.690000E-9	1.880000E-9	4.996000E-9	490.100000E-9	299.870000E-3	213.000000E+0	-1.571000E+0	4.276975E+3	7.839000E-6	7.590000E-6	0.000000E+0	NaN
	07/06/2023 12:47:47	106.690000E-3	4.680000E-9	1.880000E-9	4.996000E-9	490.100000E-9	299.870000E-3	213.000000E+0	-1.683000E+0	4.276975E+3	8.847000E-6	7.590000E-6	0.000000E+0	NaN
	07/06/2023 12:47:58	106.540000E-3	4.660000E-9	1.870000E-9	4.996000E-9	489.500000E-9	299.860000E-3	213.000000E+0	-1.571000E+0	4.276975E+3	8.959000E-6	7.590000E-6	0.000000E+0	NaN
	07/06/2023 12:48:08	106.490000E-3	4.670000E-9	1.870000E-9	4.996000E-9	488.900000E-9	299.870000E-3	213.000000E+0	-1.459000E+0	4.276751E+3	9.295000E-6	7.590000E-6	0.000000E+0	NaN
	07/06/2023 12:48:19	106.660000E-3	4.660000E-9	1.870000E-9	4.996000E-9	487.700000E-9	299.830000E-3	213.000000E+0	-1.459000E+0	4.276975E+3	8.959000E-6	7.590000E-6	0.000000E+0	NaN
	07/06/2023 12:48:30	106.590000E-3	4.670000E-9	1.860000E-9	4.996000E-9	487.200000E-9	299.850000E-3	213.000000E+0	-1.459000E+0	4.277424E+3	8.399000E-6	7.590000E-6	0.000000E+0	NaN
	07/06/2023 12:48:40	106.420000E-3	4.660000E-9	1.870000E-9	4.996000E-9	486.600000E-9	299.830000E-3	212.000000E+0	-1.459000E+0	4.277087E+3	9.855000E-6	7.590000E-6	0.000000E+0	NaN
	07/06/2023 12:48:51	106.590000E-3	4.640000E-9	1.870000E-9	4.996000E-9	486.600000E-9	299.830000E-3	212.000000E+0	-1.347000E+0	4.277312E+3	9.183000E-6	7.590000E-6	0.000000E+0	NaN
	07/06/2023 12:49:01	107.030000E-3	4.640000E-9	1.870000E-9	4.996000E-9	486.600000E-9	299.830000E-3	212.000000E+0	-1.459000E+0	4.277312E+3	8.511000E-6	7.590000E-6	0.000000E+0	NaN
	07/06/2023 12:49:12	106.190000E-3	4.650000E-9	1.860000E-9	4.996000E-9	486.000000E-9	299.830000E-3	212.000000E+0	-1.459000E+0	4.277312E+3	10.079000E-6	7.590000E-6	0.000000E+0	NaN
	07/06/2023 12:49:23	106.340000E-3	4.630000E-9	1.860000E-9	4.996000E-9	486.000000E-9	299.830000E-3	212.000000E+0	-1.459000E+0	4.277087E+3	10.191000E-6	7.590000E-6	0.000000E+0	NaN
	07/06/2023 12:49:33	106.470000E-3	4.610000E-9	1.850000E-9	4.996000E-9	486.000000E-9	299.830000E-3	211.000000E+0	-1.571000E+0	4.277424E+3	9.519000E-6	7.590000E-6	0.000000E+0	NaN
	07/06/2023 12:49:44	106.640000E-3	4.630000E-9	1.850000E-9	4.996000E-9	486.000000E-9	299.830000E-3	212.000000E+0	-1.571000E+0	4.277312E+3	9.631000E-6	7.590000E-6	0.000000E+0	NaN
	07/06/2023 12:49:54	106.490000E-3	4.620000E-9	1.860000E-9	4.996000E-9	484.800000E-9	299.820000E-3	212.000000E+0	-1.683000E+0	4.277424E+3	8.287000E-6	7.590000E-6	0.000000E+0	NaN
	07/06/2023 12:50:05	107.250000E-3	4.610000E-9	1.850000E-9	4.996000E-9	484.800000E-9	299.810000E-3	212.000000E+0	-1.571000E+0	4.277536E+3	8.623000E-6	7.580000E-6	0.000000E+0	NaN
	07/06/2023 12:50:16	106.560000E-3	4.600000E-9	1.840000E-9	4.996000E-9	482.500000E-9	299.800000E-3	212.000000E+0	-1.459000E+0	4.277424E+3	9.407000E-6	7.580000E-6	0.000000E+0	NaN
	07/06/2023 12:50:26	106.740000E-3	4.590000E-9	1.830000E-9	4.996000E-9	482.500000E-9	299.790000E-3	211.000000E+0	-1.459000E+0	4.277536E+3	8.959000E-6	7.580000E-6	0.000000E+0	NaN
	07/06/2023 12:50:37	107.010000E-3	4.580000E-9	1.840000E-9	4.996000E-9	481.900000E-9	299.790000E-3	211.000000E+0	-1.571000E+0	4.277761E+3	9.631000E-6	7.580000E-6	0.000000E+0	NaN
	07/06/2023 12:50:47	106.610000E-3	4.580000E-9	1.830000E-9	4.996000E-9	481.900000E-9	299.790000E-3	211.000000E+0	-1.459000E+0	4.277761E+3	8.959000E-6	7.580000E-6	0.000000E+0	NaN
	07/06/2023 12:50:58	107.010000E-3	4.610000E-9	1.840000E-9	4.996000E-9	481.300000E-9	299.790000E-3	211.000000E+0	-1.571000E+0	4.277761E+3	9.183000E-6	7.580000E-6	0.000000E+0	NaN
	07/06/2023 12:51:08	106.810000E-3	4.580000E-9	1.840000E-9	4.996000E-9	481.300000E-9	299.800000E-3	211.000000E+0	-1.683000E+0	4.278097E+3	9.407000E-6	7.580000E-6	0.000000E+0	NaN
	07/06/2023 12:51:19	106.660000E-3	4.580000E-9	1.830000E-9	4.996000E-9	481.300000E-9	299.790000E-3	211.000000E+0	-1.459000E+0	4.277985E+3	9.631000E-6	7.580000E-6	0.000000E+0	NaN
	07/06/2023 12:51:30	106.710000E-3	4.550000E-9	1.830000E-9	4.996000E-9	481.300000E-9	299.790000E-3	211.000000E+0	-1.571000E+0	4.277985E+3	8.959000E-6	7.580000E-6	0.000000E+0	NaN
	07/06/2023 12:51:40	106.960000E-3	4.570000E-9	1.840000E-9	4.996000E-9	480.800000E-9	299.790000E-3	211.000000E+0	-1.459000E+0	4.278210E+3	8.623000E-6	7.580000E-6	0.000000E+0	NaN
	07/06/2023 12:51:51	106.440000E-3	4.570000E-9	1.830000E-9	4.996000E-9	480.800000E-9	299.790000E-3	210.000000E+0	-1.571000E+0	4.278210E+3	9.631000E-6	7.580000E-6	0.000000E+0	NaN
	07/06/2023 12:52:01	106.540000E-3	4.560000E-9	1.820000E-9	4.996000E-9	480.200000E-9	299.790000E-3	210.000000E+0	-1.347000E+0	4.278434E+3	8.959000E-6	7.580000E-6	0.000000E+0	NaN
	07/06/2023 12:52:12	106.440000E-3	4.550000E-9	1.820000E-9	4.996000E-9	480.200000E-9	299.790000E-3	210.000000E+0	-1.459000E+0	4.278322E+3	8.399000E-6	7.580000E-6	0.000000E+0	NaN
	07/06/2023 12:52:23	106.140000E-3	4.550000E-9	1.820000E-9	4.996000E-9	480.200000E-9	299.790000E-3	209.000000E+0	-1.459000E+0	4.278546E+3	8.959000E-6	7.580000E-6	0.000000E+0	NaN
	07/06/2023 12:52:33	106.690000E-3	4.540000E-9	1.830000E-9	4.996000E-9	480.200000E-9	299.790000E-3	209.000000E+0	-1.683000E+0	4.278434E+3	9.071000E-6	7.580000E-6	0.000000E+0	NaN
	07/06/2023 12:52:44	106.980000E-3	4.520000E-9	1.820000E-9	4.996000E-9	478.400000E-9	299.780000E-3	209.000000E+0	-1.459000E+0	4.278097E+3	8.959000E-6	7.580000E-6	0.000000E+0	NaN
	07/06/2023 12:52:55	106.540000E-3	4.530000E-9	1.810000E-9	4.996000E-9	478.400000E-9	299.790000E-3	209.000000E+0	-1.459000E+0	4.278546E+3	9.407000E-6	7.580000E-6	0.000000E+0	NaN
	07/06/2023 12:53:05	106.640000E-3	4.530000E-9	1.810000E-9	4.996000E-9	477.900000E-9	299.750000E-3	209.000000E+0	-1.571000E+0	4.278659E+3	10.079000E-6	7.580000E-6	0.000000E+0	NaN
	07/06/2023 12:53:16	106.760000E-3	4.520000E-9	1.820000E-9	4.996000E-9	477.300000E-9	299.760000E-3	209.000000E+0	-1.459000E+0	4.278546E+3	8.735000E-6	7.580000E-6	0.000000E+0	NaN
	07/06/2023 12:53:27	105.850000E-3	4.520000E-9	1.820000E-9	4.996000E-9	477.300000E-9	299.750000E-3	208.000000E+0	-1.459000E+0	4.278434E+3	9.519000E-6	7.580000E-6	0.000000E+0	NaN
	07/06/2023 12:53:37	106.540000E-3	4.510000E-9	1.800000E-9	4.996000E-9	477.300000E-9	299.760000E-3	209.000000E+0	-1.347000E+0	4.278546E+3	9.071000E-6	7.580000E-6	0.000000E+0	NaN
	07/06/2023 12:53:48	106.420000E-3	4.500000E-9	1.800000E-9	4.996000E-9	476.700000E-9	299.750000E-3	208.000000E+0	-1.459000E+0	4.278883E+3	7.951000E-6	7.580000E-6	0.000000E+0	NaN
	07/06/2023 12:53:58	106.120000E-3	4.490000E-9	1.800000E-9	4.996000E-9	476.700000E-9	299.780000E-3	209.000000E+0	-1.571000E+0	4.278546E+3	8.511000E-6	7.580000E-6	0.000000E+0	NaN
	07/06/2023 12:54:09	106.610000E-3	4.510000E-9	1.810000E-9	4.996000E-9	476.700000E-9	299.750000E-3	208.000000E+0	-1.571000E+0	4.278659E+3	9.743000E-6	7.580000E-6	0.000000E+0	NaN
	07/06/2023 12:54:19	107.010000E-3	4.520000E-9	1.810000E-9	4.996000E-9	477.300000E-9	299.760000E-3	208.000000E+0	-1.683000E+0	4.278771E+3	8.511000E-6	7.580000E-6	0.000000E+0	NaN
	07/06/2023 12:54:30	106.740000E-3	4.480000E-9	1.810000E-9	4.996000E-9	477.300000E-9	299.750000E-3	208.000000E+0	-1.571000E+0	4.278546E+3	7.951000E-6	7.580000E-6	0.000000E+0	NaN
	07/06/2023 12:54:41	106.640000E-3	4.480000E-9	1.790000E-9	4.996000E-9	476.700000E-9	299.750000E-3	208.000000E+0	-1.459000E+0	4.278434E+3	8.959000E-6	7.580000E-6	0.000000E+0	NaN
	07/06/2023 12:54:51	106.100000E-3	4.480000E-9	1.790000E-9	4.996000E-9	476.200000E-9	299.750000E-3	208.000000E+0	-1.459000E+0	4.279220E+3	8.847000E-6	7.590000E-6	0.000000E+0	NaN
	07/06/2023 12:55:02	106.470000E-3	4.480000E-9	1.800000E-9	4.996000E-9	475.600000E-9	299.750000E-3	208.000000E+0	-1.571000E+0	4.278659E+3	9.519000E-6	7.580000E-6	0.000000E+0	NaN
	07/06/2023 12:55:12	106.910000E-3	4.480000E-9	1.800000E-9	4.996000E-9	475.600000E-9	299.760000E-3	208.000000E+0	-1.459000E+0	4.279107E+3	9.631000E-6	7.580000E-6	0.000000E+0	NaN
	07/06/2023 12:55:23	106.560000E-3	4.480000E-9	1.800000E-9	4.996000E-9	475.600000E-9	299.750000E-3	207.000000E+0	-1.683000E+0	4.278771E+3	9.967000E-6	7.580000E-6	0.000000E+0	NaN
	07/06/2023 12:55:34	108.090000E-3	4.480000E-9	1.790000E-9	4.996000E-9	475.600000E-9	299.770000E-3	208.000000E+0	-1.571000E+0	4.279107E+3	9.071000E-6	7.580000E-6	0.000000E+0	NaN
	07/06/2023 12:55:44	106.320000E-3	4.460000E-9	1.790000E-9	4.996000E-9	475.600000E-9	299.750000E-3	207.000000E+0	-1.683000E+0	4.278883E+3	9.183000E-6	7.580000E-6	0.000000E+0	NaN
	07/06/2023 12:55:55	106.510000E-3	4.460000E-9	1.780000E-9	4.996000E-9	476.200000E-9	299.750000E-3	207.000000E+0	-1.571000E+0	4.279669E+3	8.623000E-6	7.580000E-6	0.000000E+0	NaN
	07/06/2023 12:56:05	106.490000E-3	4.440000E-9	1.780000E-9	4.996000E-9	476.200000E-9	299.750000E-3	207.000000E+0	-1.571000E+0	4.279107E+3	8.287000E-6	7.580000E-6	0.000000E+0	NaN
	07/06/2023 12:56:16	106.660000E-3	4.430000E-9	1.780000E-9	4.996000E-9	476.200000E-9	299.750000E-3	207.000000E+0	-1.571000E+0	4.279556E+3	8.623000E-6	7.580000E-6	0.000000E+0	NaN
	07/06/2023 12:56:27	106.240000E-3	4.440000E-9	1.780000E-9	4.996000E-9	476.200000E-9	299.750000E-3	207.000000E+0	-1.459000E+0	4.279332E+3	9.295000E-6	7.580000E-6	0.000000E+0	NaN
	07/06/2023 12:56:37	106.640000E-3	4.420000E-9	1.780000E-9	4.996000E-9	476.700000E-9	299.750000E-3	207.000000E+0	-1.571000E+0	4.279444E+3	10.415000E-6	7.580000E-6	0.000000E+0	NaN
	07/06/2023 12:56:48	106.960000E-3	4.420000E-9	1.780000E-9	4.996000E-9	476.700000E-9	299.750000E-3	206.000000E+0	-1.571000E+0	4.279893E+3	9.407000E-6	7.580000E-6	0.000000E+0	NaN
	07/06/2023 12:56:58	106.540000E-3	4.420000E-9	1.780000E-9	4.996000E-9	476.700000E-9	299.760000E-3	206.000000E+0	-1.459000E+0	4.279556E+3	9.183000E-6	7.580000E-6	0.000000E+0	NaN
	07/06/2023 12:57:09	106.740000E-3	4.410000E-9	1.780000E-9	4.996000E-9	476.700000E-9	299.750000E-3	206.000000E+0	-1.571000E+0	4.279332E+3	8.399000E-6	7.580000E-6	0.000000E+0	NaN
	07/06/2023 12:57:19	106.560000E-3	4.420000E-9	1.780000E-9	4.996000E-9	477.300000E-9	299.750000E-3	206.000000E+0	-1.459000E+0	4.280005E+3	8.959000E-6	7.580000E-6	0.000000E+0	NaN
	07/06/2023 12:57:30	106.760000E-3	4.420000E-9	1.780000E-9	4.996000E-9	477.900000E-9	299.740000E-3	205.000000E+0	-1.459000E+0	4.279556E+3	9.519000E-6	7.580000E-6	0.000000E+0	NaN
	07/06/2023 12:57:41	106.420000E-3	4.400000E-9	1.770000E-9	4.996000E-9	477.900000E-9	299.730000E-3	206.000000E+0	-1.571000E+0	4.279556E+3	9.519000E-6	7.580000E-6	0.000000E+0	NaN
	07/06/2023 12:57:51	106.560000E-3	4.390000E-9	1.760000E-9	4.996000E-9	479.600000E-9	299.750000E-3	205.000000E+0	-1.571000E+0	4.280005E+3	9.071000E-6	7.590000E-6	0.000000E+0	NaN
	07/06/2023 12:58:02	106.540000E-3	4.400000E-9	1.770000E-9	4.996000E-9	479.000000E-9	299.750000E-3	205.000000E+0	-1.459000E+0	4.279669E+3	10.303000E-6	7.590000E-6	0.000000E+0	NaN
	07/06/2023 12:58:12	106.270000E-3	4.390000E-9	1.770000E-9	4.996000E-9	479.000000E-9	299.740000E-3	205.000000E+0	-1.347000E+0	4.280118E+3	10.191000E-6	7.590000E-6	0.000000E+0	NaN
	07/06/2023 12:58:23	106.240000E-3	4.390000E-9	1.770000E-9	4.996000E-9	480.200000E-9	299.720000E-3	204.000000E+0	-1.347000E+0	4.280118E+3	9.519000E-6	7.590000E-6	0.000000E+0	NaN
	07/06/2023 12:58:34	106.370000E-3	4.400000E-9	1.770000E-9	4.996000E-9	480.200000E-9	299.720000E-3	204.000000E+0	-1.459000E+0	4.279556E+3	9.743000E-6	7.590000E-6	0.000000E+0	NaN
	07/06/2023 12:58:44	106.590000E-3	4.380000E-9	1.770000E-9	4.996000E-9	479.000000E-9	299.710000E-3	204.000000E+0	-1.459000E+0	4.280118E+3	9.295000E-6	7.590000E-6	0.000000E+0	NaN
	07/06/2023 12:58:55	106.190000E-3	4.370000E-9	1.770000E-9	4.996000E-9	478.400000E-9	299.710000E-3	204.000000E+0	-1.347000E+0	4.280118E+3	10.079000E-6	7.590000E-6	0.000000E+0	NaN
	07/06/2023 12:59:05	106.710000E-3	4.380000E-9	1.770000E-9	4.996000E-9	478.400000E-9	299.710000E-3	204.000000E+0	-1.683000E+0	4.280005E+3	9.407000E-6	7.590000E-6	0.000000E+0	NaN
	07/06/2023 12:59:16	106.710000E-3	4.370000E-9	1.760000E-9	4.996000E-9	477.300000E-9	299.750000E-3	204.000000E+0	-1.571000E+0	4.280005E+3	9.743000E-6	7.590000E-6	0.000000E+0	NaN
	07/06/2023 12:59:27	106.290000E-3	4.360000E-9	1.750000E-9	4.996000E-9	477.300000E-9	299.720000E-3	204.000000E+0	-1.571000E+0	4.280005E+3	9.631000E-6	7.590000E-6	0.000000E+0	NaN
	07/06/2023 12:59:37	106.440000E-3	4.370000E-9	1.750000E-9	4.996000E-9	477.300000E-9	299.710000E-3	203.000000E+0	-1.347000E+0	4.279781E+3	9.071000E-6	7.590000E-6	0.000000E+0	NaN
	07/06/2023 12:59:48	107.770000E-3	4.360000E-9	1.750000E-9	4.996000E-9	477.900000E-9	299.710000E-3	203.000000E+0	-1.571000E+0	4.280342E+3	9.631000E-6	7.590000E-6	0.000000E+0	NaN
	07/06/2023 12:59:58	106.840000E-3	4.350000E-9	1.760000E-9	4.996000E-9	477.900000E-9	299.720000E-3	202.000000E+0	-1.571000E+0	4.279669E+3	10.191000E-6	7.590000E-6	0.000000E+0	NaN
	07/06/2023 13:00:09	106.470000E-3	4.350000E-9	1.760000E-9	4.996000E-9	478.400000E-9	299.740000E-3	203.000000E+0	-1.347000E+0	4.280454E+3	10.415000E-6	7.590000E-6	0.000000E+0	NaN
	07/06/2023 13:00:20	106.560000E-3	4.350000E-9	1.750000E-9	4.996000E-9	480.200000E-9	299.730000E-3	202.000000E+0	-1.459000E+0	4.280118E+3	9.967000E-6	7.590000E-6	0.000000E+0	NaN
	07/06/2023 13:00:30	106.510000E-3	4.350000E-9	1.750000E-9	4.996000E-9	480.800000E-9	299.750000E-3	203.000000E+0	-1.459000E+0	4.280454E+3	10.751000E-6	7.590000E-6	0.000000E+0	NaN
	07/06/2023 13:00:41	106.070000E-3	4.340000E-9	1.740000E-9	4.996000E-9	480.800000E-9	299.740000E-3	202.000000E+0	-1.571000E+0	4.280342E+3	10.303000E-6	7.590000E-6	0.000000E+0	NaN
	07/06/2023 13:00:51	106.640000E-3	4.330000E-9	1.740000E-9	4.996000E-9	481.900000E-9	299.750000E-3	201.000000E+0	-1.571000E+0	4.280791E+3	9.295000E-6	7.590000E-6	0.000000E+0	NaN
	07/06/2023 13:01:02	106.340000E-3	4.340000E-9	1.740000E-9	4.996000E-9	486.000000E-9	299.750000E-3	201.000000E+0	-1.796000E+0	4.280566E+3	8.959000E-6	7.600000E-6	0.000000E+0	NaN
	07/06/2023 13:01:13	106.320000E-3	4.320000E-9	1.750000E-9	4.996000E-9	486.600000E-9	299.740000E-3	200.000000E+0	-1.571000E+0	4.280679E+3	10.415000E-6	7.590000E-6	0.000000E+0	NaN
	07/06/2023 13:01:23	105.990000E-3	4.310000E-9	1.740000E-9	4.996000E-9	487.200000E-9	299.740000E-3	200.000000E+0	-1.459000E+0	4.280679E+3	10.191000E-6	7.590000E-6	0.000000E+0	NaN
	07/06/2023 13:01:34	106.420000E-3	4.330000E-9	1.730000E-9	4.996000E-9	487.200000E-9	299.750000E-3	199.000000E+0	-1.459000E+0	4.281015E+3	9.967000E-6	7.590000E-6	0.000000E+0	NaN
	07/06/2023 13:01:49	106.470000E-3	4.300000E-9	1.730000E-9	4.996000E-9	487.700000E-9	299.750000E-3	198.000000E+0	-1.459000E+0	4.280679E+3	9.855000E-6	0.000000E+0	0.000000E+0	NaN
	07/06/2023 13:01:59	106.390000E-3	4.290000E-9	1.740000E-9	4.996000E-9	490.100000E-9	299.750000E-3	200.000000E+0	-1.459000E+0	4.281240E+3	9.519000E-6	7.590000E-6	0.000000E+0	NaN
	07/06/2023 13:02:10	106.590000E-3	4.300000E-9	1.730000E-9	4.996000E-9	491.900000E-9	299.750000E-3	198.000000E+0	-1.347000E+0	4.281240E+3	9.855000E-6	7.590000E-6	0.000000E+0	NaN
	07/06/2023 13:02:20	106.880000E-3	4.280000E-9	1.730000E-9	4.996000E-9	492.400000E-9	299.740000E-3	198.000000E+0	-1.459000E+0	4.281015E+3	10.751000E-6	7.590000E-6	0.000000E+0	NaN
	07/06/2023 13:02:31	106.050000E-3	4.280000E-9	1.730000E-9	4.996000E-9	493.600000E-9	299.750000E-3	197.000000E+0	-1.571000E+0	4.281352E+3	9.295000E-6	7.590000E-6	0.000000E+0	NaN
	07/06/2023 13:02:42	106.560000E-3	4.290000E-9	1.720000E-9	4.996000E-9	494.200000E-9	299.750000E-3	196.000000E+0	-1.571000E+0	4.281128E+3	9.967000E-6	7.590000E-6	0.000000E+0	NaN
	07/06/2023 13:02:52	106.320000E-3	4.280000E-9	1.730000E-9	4.996000E-9	494.800000E-9	299.760000E-3	196.000000E+0	-1.571000E+0	4.281577E+3	11.087000E-6	7.590000E-6	0.000000E+0	NaN
	07/06/2023 13:03:03	106.540000E-3	4.280000E-9	1.720000E-9	4.996000E-9	494.800000E-9	299.750000E-3	196.000000E+0	-1.459000E+0	4.281352E+3	10.079000E-6	7.600000E-6	0.000000E+0	NaN
	07/06/2023 13:03:13	106.590000E-3	4.260000E-9	1.710000E-9	4.996000E-9	494.800000E-9	299.760000E-3	194.000000E+0	-1.683000E+0	4.281352E+3	10.863000E-6	7.600000E-6	0.000000E+0	NaN
	07/06/2023 13:03:24	106.370000E-3	4.260000E-9	1.720000E-9	4.996000E-9	495.400000E-9	299.760000E-3	194.000000E+0	-1.235000E+0	4.281913E+3	10.415000E-6	7.600000E-6	0.000000E+0	NaN
	07/06/2023 13:03:35	106.470000E-3	4.260000E-9	1.720000E-9	4.996000E-9	495.400000E-9	299.760000E-3	194.000000E+0	-1.571000E+0	4.281464E+3	10.751000E-6	7.600000E-6	0.000000E+0	NaN
	07/06/2023 13:03:45	107.010000E-3	4.270000E-9	1.710000E-9	4.996000E-9	494.800000E-9	299.780000E-3	194.000000E+0	-1.347000E+0	4.281801E+3	10.079000E-6	7.600000E-6	0.000000E+0	NaN
	07/06/2023 13:03:54	106.690000E-3	4.250000E-9	1.710000E-9	4.996000E-9	494.200000E-9	299.770000E-3	194.000000E+0	-1.459000E+0	4.281577E+3	11.087000E-6	7.600000E-6	99.100000E+36	NaN
	07/06/2023 13:04:03	106.560000E-3	4.260000E-9	1.710000E-9	4.996000E-9	494.200000E-9	299.770000E-3	192.000000E+0	-1.683000E+0	4.281464E+3	10.303000E-6	7.600000E-6	-321.530000E-12	NaN
	07/06/2023 13:04:11	106.070000E-3	4.260000E-9	1.720000E-9	4.996000E-9	494.200000E-9	299.770000E-3	192.000000E+0	-1.459000E+0	4.281913E+3	9.967000E-6	7.600000E-6	-154.245000E-12	NaN
	07/06/2023 13:04:20	106.240000E-3	4.250000E-9	1.710000E-9	4.996000E-9	494.200000E-9	299.770000E-3	192.000000E+0	-1.571000E+0	4.281913E+3	10.527000E-6	7.600000E-6	-114.410000E-12	NaN
	07/06/2023 13:04:29	106.710000E-3	4.250000E-9	1.710000E-9	4.996000E-9	493.600000E-9	299.790000E-3	189.000000E+0	-1.347000E+0	4.281464E+3	10.303000E-6	7.600000E-6	-107.800000E-12	NaN
starting ESD measurements	07/06/2023 13:04:37	106.170000E-3	4.250000E-9	1.700000E-9	4.996000E-9	491.900000E-9	299.790000E-3	189.000000E+0	-1.459000E+0	4.281464E+3	8.847000E-6	7.600000E-6	-143.718000E-12	NaN
	07/06/2023 13:04:46	106.960000E-3	4.260000E-9	1.710000E-9	4.996000E-9	493.600000E-9	299.790000E-3	189.000000E+0	-1.683000E+0	4.281240E+3	10.527000E-6	7.600000E-6	-137.239000E-12	NaN
	07/06/2023 13:04:55	107.110000E-3	4.240000E-9	1.710000E-9	4.996000E-9	491.900000E-9	299.790000E-3	187.000000E+0	-1.459000E+0	4.281464E+3	9.519000E-6	7.600000E-6	-152.540000E-12	NaN
	07/06/2023 13:05:03	106.470000E-3	4.230000E-9	1.710000E-9	4.996000E-9	491.300000E-9	299.780000E-3	187.000000E+0	-1.459000E+0	4.281689E+3	10.863000E-6	7.600000E-6	4.219700E-6	NaN
	07/06/2023 13:05:12	106.660000E-3	4.220000E-9	1.700000E-9	4.996000E-9	490.100000E-9	299.790000E-3	185.000000E+0	-1.459000E+0	4.281689E+3	10.303000E-6	7.600000E-6	910.620000E-9	NaN
	07/06/2023 13:05:21	106.510000E-3	4.800000E-9	1.880000E-9	4.996000E-9	489.500000E-9	299.790000E-3	185.000000E+0	-1.347000E+0	4.281240E+3	10.751000E-6	7.600000E-6	30.687000E-9	NaN
	07/06/2023 13:05:29	106.140000E-3	4.700000E-9	1.880000E-9	4.996000E-9	487.700000E-9	299.790000E-3	184.000000E+0	-1.683000E+0	4.281240E+3	10.415000E-6	7.600000E-6	20.956000E-9	NaN
	07/06/2023 13:05:38	106.860000E-3	4.670000E-9	1.880000E-9	4.996000E-9	487.200000E-9	299.780000E-3	184.000000E+0	-1.571000E+0	4.281464E+3	10.527000E-6	7.600000E-6	21.934000E-9	NaN
	07/06/2023 13:05:47	106.540000E-3	4.670000E-9	1.880000E-9	4.996000E-9	487.200000E-9	299.780000E-3	184.000000E+0	-1.347000E+0	4.281352E+3	10.079000E-6	7.600000E-6	13.580200E-9	NaN
	07/06/2023 13:05:55	106.020000E-3	4.650000E-9	1.870000E-9	4.996000E-9	486.000000E-9	299.830000E-3	183.000000E+0	-1.571000E+0	4.281240E+3	10.415000E-6	7.600000E-6	12.654900E-9	NaN
	07/06/2023 13:06:04	106.470000E-3	4.620000E-9	1.860000E-9	4.996000E-9	486.000000E-9	299.780000E-3	181.000000E+0	-1.459000E+0	4.281128E+3	10.191000E-6	7.600000E-6	119.380000E-9	NaN
	07/06/2023 13:06:13	106.370000E-3	14.400000E-9	3.870000E-9	5.688000E-9	483.700000E-9	299.820000E-3	180.000000E+0	-1.683000E+0	4.280791E+3	9.967000E-6	7.600000E-6	2.957200E-6	NaN
	07/06/2023 13:06:21	106.050000E-3	11.200000E-9	4.390000E-9	4.996000E-9	481.900000E-9	299.790000E-3	182.000000E+0	-1.459000E+0	4.280566E+3	11.199000E-6	7.600000E-6	2.888700E-6	NaN
	07/06/2023 13:06:30	105.950000E-3	10.200000E-9	4.000000E-9	4.996000E-9	480.800000E-9	299.820000E-3	181.000000E+0	-1.459000E+0	4.280454E+3	10.975000E-6	7.600000E-6	3.061300E-6	NaN
	07/06/2023 13:06:39	106.440000E-3	9.820000E-9	3.810000E-9	4.996000E-9	480.800000E-9	299.810000E-3	179.000000E+0	-1.571000E+0	4.280342E+3	10.863000E-6	7.600000E-6	2.893100E-6	NaN
	07/06/2023 13:06:47	106.440000E-3	9.080000E-9	3.540000E-9	4.996000E-9	479.600000E-9	299.830000E-3	179.000000E+0	-1.347000E+0	4.280005E+3	10.751000E-6	7.600000E-6	2.845100E-6	NaN
	07/06/2023 13:06:56	106.540000E-3	8.730000E-9	3.410000E-9	4.996000E-9	478.400000E-9	299.820000E-3	177.000000E+0	-1.459000E+0	4.280005E+3	10.415000E-6	7.600000E-6	3.043200E-6	NaN
	07/06/2023 13:07:05	106.290000E-3	8.580000E-9	3.370000E-9	4.996000E-9	477.900000E-9	299.820000E-3	179.000000E+0	-1.459000E+0	4.280342E+3	10.975000E-6	7.610000E-6	3.070800E-6	NaN
	07/06/2023 13:07:13	105.900000E-3	8.410000E-9	3.290000E-9	4.996000E-9	477.900000E-9	299.830000E-3	177.000000E+0	-1.571000E+0	4.279781E+3	9.967000E-6	7.600000E-6	3.171000E-6	NaN
	07/06/2023 13:07:22	106.140000E-3	8.360000E-9	3.250000E-9	4.996000E-9	477.900000E-9	299.860000E-3	176.000000E+0	-1.459000E+0	4.279556E+3	10.975000E-6	7.600000E-6	3.222500E-6	NaN
	07/06/2023 13:07:31	106.640000E-3	8.160000E-9	3.210000E-9	4.996000E-9	477.300000E-9	299.820000E-3	175.000000E+0	-1.459000E+0	4.279556E+3	11.311000E-6	7.600000E-6	3.359700E-6	NaN
	07/06/2023 13:07:39	105.550000E-3	8.080000E-9	3.180000E-9	4.996000E-9	477.300000E-9	299.850000E-3	176.000000E+0	-1.459000E+0	4.278995E+3	10.751000E-6	7.600000E-6	3.395400E-6	NaN
	07/06/2023 13:07:48	106.560000E-3	8.100000E-9	3.160000E-9	4.996000E-9	476.700000E-9	299.870000E-3	175.000000E+0	-1.459000E+0	4.279444E+3	10.975000E-6	7.610000E-6	3.466800E-6	NaN
	07/06/2023 13:07:57	106.320000E-3	8.080000E-9	3.150000E-9	4.996000E-9	477.300000E-9	299.860000E-3	175.000000E+0	-1.347000E+0	4.278771E+3	11.087000E-6	7.610000E-6	3.383700E-6	NaN
	07/06/2023 13:08:05	106.510000E-3	7.960000E-9	3.100000E-9	4.996000E-9	477.300000E-9	299.860000E-3	173.000000E+0	-1.571000E+0	4.278659E+3	11.871000E-6	7.610000E-6	3.383300E-6	NaN
	07/06/2023 13:08:14	106.420000E-3	7.870000E-9	3.080000E-9	4.996000E-9	477.300000E-9	299.860000E-3	174.000000E+0	-1.347000E+0	4.278546E+3	11.647000E-6	7.610000E-6	3.350300E-6	NaN
	07/06/2023 13:08:23	106.590000E-3	7.770000E-9	3.040000E-9	4.996000E-9	476.700000E-9	299.860000E-3	173.000000E+0	-1.571000E+0	4.278546E+3	11.423000E-6	7.610000E-6	3.238900E-6	NaN
	07/06/2023 13:08:31	105.970000E-3	7.680000E-9	3.000000E-9	4.996000E-9	477.300000E-9	299.860000E-3	173.000000E+0	-1.571000E+0	4.277985E+3	10.863000E-6	7.610000E-6	3.300800E-6	NaN
	07/06/2023 13:08:40	106.590000E-3	7.720000E-9	3.000000E-9	4.996000E-9	477.300000E-9	299.860000E-3	172.000000E+0	-1.235000E+0	4.278097E+3	9.967000E-6	7.610000E-6	3.288400E-6	NaN
	07/06/2023 13:08:49	105.970000E-3	7.570000E-9	2.980000E-9	4.996000E-9	477.300000E-9	299.880000E-3	171.000000E+0	-1.459000E+0	4.277985E+3	10.527000E-6	7.610000E-6	3.251000E-6	NaN
	07/06/2023 13:08:57	106.290000E-3	7.560000E-9	2.960000E-9	4.996000E-9	477.300000E-9	299.890000E-3	171.000000E+0	-1.347000E+0	4.277199E+3	11.423000E-6	7.610000E-6	3.366200E-6	NaN
	07/06/2023 13:09:06	105.700000E-3	7.750000E-9	2.990000E-9	4.996000E-9	477.300000E-9	299.870000E-3	171.000000E+0	-1.459000E+0	4.277648E+3	11.199000E-6	7.610000E-6	3.431100E-6	NaN
	07/06/2023 13:09:15	106.290000E-3	7.560000E-9	2.950000E-9	4.996000E-9	477.300000E-9	299.900000E-3	172.000000E+0	-1.347000E+0	4.276863E+3	10.639000E-6	7.610000E-6	3.256200E-6	NaN
	07/06/2023 13:09:23	106.120000E-3	7.490000E-9	2.940000E-9	4.996000E-9	477.900000E-9	299.900000E-3	170.000000E+0	-1.347000E+0	4.276751E+3	10.975000E-6	7.610000E-6	3.454700E-6	NaN
	07/06/2023 13:09:32	106.140000E-3	7.650000E-9	2.970000E-9	4.996000E-9	477.900000E-9	299.910000E-3	169.000000E+0	-1.235000E+0	4.277087E+3	10.527000E-6	7.610000E-6	3.432000E-6	NaN
	07/06/2023 13:09:41	106.690000E-3	7.400000E-9	2.940000E-9	4.996000E-9	477.900000E-9	299.900000E-3	168.000000E+0	-1.347000E+0	4.276863E+3	11.311000E-6	7.610000E-6	3.463100E-6	NaN
	07/06/2023 13:09:49	106.050000E-3	7.500000E-9	2.950000E-9	4.996000E-9	477.900000E-9	299.910000E-3	169.000000E+0	-1.459000E+0	4.276526E+3	10.527000E-6	7.610000E-6	3.402700E-6	NaN
	07/06/2023 13:09:58	106.420000E-3	7.540000E-9	2.970000E-9	4.996000E-9	477.900000E-9	299.910000E-3	168.000000E+0	-1.347000E+0	4.276189E+3	12.095000E-6	7.610000E-6	3.208200E-6	NaN
	07/06/2023 13:10:07	106.120000E-3	7.450000E-9	2.910000E-9	4.996000E-9	477.900000E-9	299.910000E-3	168.000000E+0	-1.459000E+0	4.275740E+3	11.647000E-6	7.610000E-6	3.471300E-6	NaN
	07/06/2023 13:10:15	106.100000E-3	7.650000E-9	2.960000E-9	4.996000E-9	477.900000E-9	299.910000E-3	167.000000E+0	-1.347000E+0	4.275404E+3	10.975000E-6	7.610000E-6	3.665600E-6	NaN
	07/06/2023 13:10:24	106.490000E-3	7.690000E-9	2.970000E-9	4.996000E-9	477.900000E-9	299.900000E-3	167.000000E+0	-1.571000E+0	4.275516E+3	10.639000E-6	7.610000E-6	3.611700E-6	NaN
	07/06/2023 13:10:33	106.440000E-3	7.630000E-9	2.990000E-9	4.996000E-9	477.900000E-9	299.910000E-3	166.000000E+0	-1.347000E+0	4.274618E+3	11.311000E-6	7.610000E-6	3.628900E-6	NaN
	07/06/2023 13:10:41	105.750000E-3	7.820000E-9	3.030000E-9	4.996000E-9	477.900000E-9	299.920000E-3	164.000000E+0	-1.459000E+0	4.274955E+3	11.311000E-6	7.610000E-6	3.818500E-6	NaN
	07/06/2023 13:10:50	106.140000E-3	7.800000E-9	3.020000E-9	4.996000E-9	478.400000E-9	299.950000E-3	166.000000E+0	-1.459000E+0	4.274618E+3	11.311000E-6	7.610000E-6	3.604200E-6	NaN
	07/06/2023 13:10:59	106.270000E-3	7.710000E-9	3.010000E-9	4.996000E-9	477.900000E-9	299.950000E-3	164.000000E+0	-1.459000E+0	4.273832E+3	11.423000E-6	7.610000E-6	3.389700E-6	NaN
	07/06/2023 13:11:07	105.750000E-3	7.660000E-9	2.950000E-9	4.996000E-9	477.900000E-9	299.940000E-3	164.000000E+0	-1.571000E+0	4.273496E+3	11.311000E-6	7.610000E-6	3.496800E-6	NaN
	07/06/2023 13:11:16	106.340000E-3	7.420000E-9	2.930000E-9	4.996000E-9	477.900000E-9	299.950000E-3	164.000000E+0	-1.347000E+0	4.273047E+3	11.199000E-6	7.610000E-6	9.293800E-9	NaN
	07/06/2023 13:11:25	106.860000E-3	5.180000E-9	2.070000E-9	4.996000E-9	477.900000E-9	299.940000E-3	162.000000E+0	-1.347000E+0	4.272822E+3	11.087000E-6	7.610000E-6	7.001300E-9	NaN
	07/06/2023 13:11:33	106.540000E-3	4.860000E-9	1.940000E-9	4.996000E-9	477.900000E-9	299.960000E-3	163.000000E+0	-1.347000E+0	4.272935E+3	11.759000E-6	7.610000E-6	11.409400E-9	NaN
	07/06/2023 13:11:42	106.070000E-3	4.720000E-9	1.880000E-9	4.996000E-9	477.900000E-9	299.950000E-3	164.000000E+0	-1.459000E+0	4.272598E+3	11.311000E-6	7.610000E-6	8.125400E-9	NaN
	07/06/2023 13:11:51	106.420000E-3	4.610000E-9	1.840000E-9	4.996000E-9	477.900000E-9	299.970000E-3	161.000000E+0	-1.347000E+0	4.271588E+3	11.199000E-6	7.610000E-6	13.588600E-9	NaN
	07/06/2023 13:11:59	106.290000E-3	4.540000E-9	1.810000E-9	4.996000E-9	477.900000E-9	299.960000E-3	162.000000E+0	-1.459000E+0	4.271925E+3	11.535000E-6	7.610000E-6	7.700900E-9	NaN
	07/06/2023 13:12:08	106.070000E-3	4.480000E-9	1.790000E-9	4.996000E-9	478.400000E-9	299.990000E-3	160.000000E+0	-1.347000E+0	4.270802E+3	11.647000E-6	7.610000E-6	12.049100E-9	NaN
	07/06/2023 13:12:16	106.190000E-3	4.440000E-9	1.780000E-9	4.996000E-9	478.400000E-9	299.980000E-3	159.000000E+0	-1.235000E+0	4.270802E+3	10.863000E-6	7.620000E-6	11.958100E-9	NaN
	07/06/2023 13:12:25	106.020000E-3	4.420000E-9	1.780000E-9	4.996000E-9	477.900000E-9	299.990000E-3	161.000000E+0	-1.347000E+0	4.270466E+3	12.319000E-6	7.610000E-6	10.828900E-9	NaN
	07/06/2023 13:12:34	105.770000E-3	4.400000E-9	1.770000E-9	4.996000E-9	478.400000E-9	299.990000E-3	160.000000E+0	-1.122000E+0	4.269568E+3	10.639000E-6	7.610000E-6	10.738800E-9	NaN
	07/06/2023 13:12:42	106.240000E-3	4.350000E-9	1.750000E-9	4.996000E-9	478.400000E-9	299.980000E-3	159.000000E+0	-1.683000E+0	4.269680E+3	11.199000E-6	7.610000E-6	5.848000E-9	NaN
	07/06/2023 13:12:51	106.320000E-3	4.330000E-9	1.740000E-9	4.996000E-9	477.900000E-9	299.980000E-3	158.000000E+0	-1.459000E+0	4.269343E+3	11.199000E-6	7.610000E-6	10.745900E-9	NaN
	07/06/2023 13:13:00	110.310000E-3	4.330000E-9	1.730000E-9	4.996000E-9	478.400000E-9	299.980000E-3	159.000000E+0	-1.459000E+0	4.268782E+3	11.535000E-6	7.610000E-6	11.857000E-9	NaN
	07/06/2023 13:13:08	105.970000E-3	4.300000E-9	1.740000E-9	4.996000E-9	479.600000E-9	299.990000E-3	158.000000E+0	-1.235000E+0	4.267996E+3	11.535000E-6	7.620000E-6	12.552700E-9	NaN
	07/06/2023 13:13:17	106.340000E-3	4.300000E-9	1.730000E-9	4.996000E-9	479.000000E-9	299.980000E-3	157.000000E+0	-1.122000E+0	4.267547E+3	11.647000E-6	7.610000E-6	7.090600E-9	NaN
	07/06/2023 13:13:26	106.710000E-3	4.290000E-9	1.730000E-9	4.996000E-9	480.200000E-9	299.990000E-3	157.000000E+0	-1.010000E+0	4.266874E+3	11.423000E-6	7.610000E-6	10.847900E-9	NaN
	07/06/2023 13:13:34	106.220000E-3	4.280000E-9	1.720000E-9	4.996000E-9	480.200000E-9	300.000000E-3	157.000000E+0	-1.459000E+0	4.266762E+3	11.759000E-6	7.620000E-6	10.645100E-9	NaN
	07/06/2023 13:13:43	105.830000E-3	4.260000E-9	1.720000E-9	4.996000E-9	480.200000E-9	300.000000E-3	158.000000E+0	-1.796000E+0	4.266313E+3	11.423000E-6	7.620000E-6	11.571100E-9	NaN
	07/06/2023 13:13:52	105.770000E-3	4.270000E-9	1.720000E-9	4.996000E-9	480.200000E-9	300.030000E-3	157.000000E+0	-1.571000E+0	4.265639E+3	11.199000E-6	7.620000E-6	9.698200E-9	NaN
	07/06/2023 13:14:00	106.370000E-3	4.270000E-9	1.720000E-9	4.996000E-9	480.800000E-9	300.030000E-3	156.000000E+0	-1.235000E+0	4.264966E+3	11.535000E-6	7.620000E-6	10.619900E-9	NaN
	07/06/2023 13:14:09	106.840000E-3	4.270000E-9	1.710000E-9	4.996000E-9	480.800000E-9	300.020000E-3	154.000000E+0	-1.796000E+0	4.264517E+3	11.423000E-6	7.620000E-6	-5.911000E-9	NaN
	07/06/2023 13:14:18	106.290000E-3	4.270000E-9	1.720000E-9	4.996000E-9	480.800000E-9	300.020000E-3	154.000000E+0	-1.122000E+0	4.264068E+3	11.647000E-6	7.620000E-6	12.783800E-9	NaN
	07/06/2023 13:14:26	106.660000E-3	4.270000E-9	1.710000E-9	4.996000E-9	480.800000E-9	300.020000E-3	155.000000E+0	-1.683000E+0	4.263058E+3	10.975000E-6	7.620000E-6	11.831000E-9	NaN
	07/06/2023 13:14:35	106.120000E-3	4.290000E-9	1.730000E-9	4.996000E-9	480.800000E-9	300.030000E-3	154.000000E+0	-1.347000E+0	4.262834E+3	11.087000E-6	7.620000E-6	5.395600E-9	NaN
	07/06/2023 13:14:44	106.220000E-3	4.300000E-9	1.740000E-9	4.996000E-9	480.800000E-9	300.050000E-3	153.000000E+0	-1.010000E+0	4.261936E+3	10.975000E-6	7.620000E-6	12.674900E-9	NaN
	07/06/2023 13:14:52	106.050000E-3	4.310000E-9	1.740000E-9	4.996000E-9	480.800000E-9	300.040000E-3	152.000000E+0	-1.122000E+0	4.261375E+3	11.759000E-6	7.620000E-6	14.266000E-9	NaN
	07/06/2023 13:15:01	106.470000E-3	4.330000E-9	1.740000E-9	4.996000E-9	480.800000E-9	300.050000E-3	152.000000E+0	-1.235000E+0	4.260813E+3	10.191000E-6	7.610000E-6	12.027000E-9	NaN
	07/06/2023 13:15:10	106.140000E-3	4.340000E-9	1.750000E-9	4.996000E-9	480.800000E-9	300.040000E-3	152.000000E+0	-1.235000E+0	4.260589E+3	10.527000E-6	7.620000E-6	13.971800E-9	NaN
	07/06/2023 13:15:18	106.270000E-3	4.370000E-9	1.750000E-9	4.996000E-9	480.800000E-9	300.070000E-3	152.000000E+0	-1.796000E+0	4.260140E+3	10.639000E-6	7.620000E-6	13.117200E-9	NaN
	07/06/2023 13:15:27	106.320000E-3	4.370000E-9	1.760000E-9	4.996000E-9	480.800000E-9	300.050000E-3	151.000000E+0	-1.122000E+0	4.259130E+3	12.095000E-6	7.620000E-6	12.332600E-9	NaN
	07/06/2023 13:15:36	105.920000E-3	4.390000E-9	1.780000E-9	4.996000E-9	481.300000E-9	300.060000E-3	150.000000E+0	-1.796000E+0	4.258681E+3	11.647000E-6	7.620000E-6	12.816800E-9	NaN
	07/06/2023 13:15:44	106.560000E-3	4.420000E-9	1.790000E-9	4.996000E-9	481.300000E-9	300.070000E-3	150.000000E+0	-1.571000E+0	4.258344E+3	10.527000E-6	7.610000E-6	12.403100E-9	NaN
	07/06/2023 13:15:53	106.320000E-3	4.410000E-9	1.790000E-9	4.996000E-9	481.300000E-9	300.070000E-3	149.000000E+0	-1.010000E+0	4.257446E+3	11.199000E-6	7.620000E-6	12.274200E-9	NaN
	07/06/2023 13:16:02	106.020000E-3	4.460000E-9	1.790000E-9	4.996000E-9	481.300000E-9	300.060000E-3	150.000000E+0	-1.010000E+0	4.256661E+3	10.079000E-6	7.620000E-6	11.905300E-9	NaN
	07/06/2023 13:16:10	105.900000E-3	4.470000E-9	1.800000E-9	4.996000E-9	481.300000E-9	300.070000E-3	149.000000E+0	-1.122000E+0	4.256549E+3	10.639000E-6	7.620000E-6	13.326800E-9	NaN
	07/06/2023 13:16:19	106.540000E-3	4.500000E-9	1.800000E-9	4.996000E-9	481.900000E-9	300.070000E-3	149.000000E+0	-1.235000E+0	4.256212E+3	10.191000E-6	7.620000E-6	9.662000E-9	NaN
	07/06/2023 13:16:27	105.720000E-3	4.510000E-9	1.820000E-9	4.996000E-9	481.300000E-9	300.080000E-3	148.000000E+0	-1.347000E+0	4.255539E+3	10.079000E-6	7.620000E-6	13.106700E-9	NaN
	07/06/2023 13:16:36	106.690000E-3	4.510000E-9	1.830000E-9	4.996000E-9	481.900000E-9	300.070000E-3	149.000000E+0	-1.347000E+0	4.255763E+3	11.647000E-6	7.620000E-6	14.956800E-9	NaN
	07/06/2023 13:16:45	106.220000E-3	4.540000E-9	1.830000E-9	4.996000E-9	481.900000E-9	300.090000E-3	147.000000E+0	-1.010000E+0	4.254304E+3	10.975000E-6	7.610000E-6	13.601700E-9	NaN
	07/06/2023 13:16:53	106.020000E-3	4.560000E-9	1.840000E-9	4.996000E-9	481.900000E-9	300.110000E-3	146.000000E+0	-1.683000E+0	4.254080E+3	12.543000E-6	7.620000E-6	15.019000E-9	NaN
	07/06/2023 13:17:02	108.780000E-3	4.570000E-9	1.840000E-9	4.996000E-9	481.900000E-9	300.090000E-3	148.000000E+0	-1.683000E+0	4.253406E+3	9.743000E-6	7.620000E-6	16.026100E-9	NaN
	07/06/2023 13:17:11	106.590000E-3	4.580000E-9	1.840000E-9	4.996000E-9	481.900000E-9	300.100000E-3	147.000000E+0	-2.020000E+0	4.253182E+3	9.967000E-6	7.610000E-6	14.839300E-9	NaN
	07/06/2023 13:17:19	105.990000E-3	4.600000E-9	1.840000E-9	4.996000E-9	481.900000E-9	300.110000E-3	146.000000E+0	-1.347000E+0	4.252733E+3	10.079000E-6	7.620000E-6	12.728200E-9	NaN
	07/06/2023 13:17:28	105.990000E-3	4.600000E-9	1.850000E-9	4.996000E-9	481.900000E-9	300.100000E-3	146.000000E+0	-1.347000E+0	4.252733E+3	10.079000E-6	7.620000E-6	-16.436000E-9	NaN
	07/06/2023 13:17:37	105.870000E-3	4.630000E-9	1.860000E-9	4.996000E-9	481.900000E-9	300.100000E-3	145.000000E+0	-1.571000E+0	4.252396E+3	10.191000E-6	7.610000E-6	13.259000E-9	NaN
	07/06/2023 13:17:45	106.270000E-3	4.610000E-9	1.860000E-9	4.996000E-9	481.900000E-9	300.100000E-3	146.000000E+0	-1.010000E+0	4.251610E+3	10.415000E-6	7.610000E-6	20.262000E-9	NaN
	07/06/2023 13:17:54	106.420000E-3	4.630000E-9	1.860000E-9	4.996000E-9	481.900000E-9	300.100000E-3	144.000000E+0	-1.010000E+0	4.251274E+3	10.751000E-6	7.620000E-6	15.839900E-9	NaN
	07/06/2023 13:18:02	105.950000E-3	4.630000E-9	1.860000E-9	4.996000E-9	481.900000E-9	300.110000E-3	144.000000E+0	-1.571000E+0	4.250713E+3	10.079000E-6	7.610000E-6	10.281700E-9	NaN
	07/06/2023 13:18:11	106.190000E-3	4.620000E-9	1.860000E-9	4.996000E-9	481.900000E-9	300.100000E-3	143.000000E+0	-1.347000E+0	4.250376E+3	10.415000E-6	7.610000E-6	14.520600E-9	NaN
	07/06/2023 13:18:20	106.510000E-3	4.630000E-9	1.850000E-9	4.996000E-9	482.500000E-9	300.110000E-3	142.000000E+0	-1.010000E+0	4.250600E+3	11.759000E-6	7.620000E-6	14.028900E-9	NaN
	07/06/2023 13:18:28	105.850000E-3	4.650000E-9	1.860000E-9	4.996000E-9	482.500000E-9	300.120000E-3	143.000000E+0	-1.459000E+0	4.250488E+3	9.519000E-6	7.610000E-6	13.201200E-9	NaN
	07/06/2023 13:18:37	106.440000E-3	4.650000E-9	1.860000E-9	4.996000E-9	481.900000E-9	300.130000E-3	143.000000E+0	-1.459000E+0	4.249366E+3	9.743000E-6	7.610000E-6	16.208000E-9	NaN
	07/06/2023 13:18:46	106.590000E-3	4.650000E-9	1.870000E-9	4.996000E-9	481.900000E-9	300.120000E-3	142.000000E+0	-1.347000E+0	4.249478E+3	11.647000E-6	7.620000E-6	7.391800E-9	NaN
	07/06/2023 13:18:54	106.540000E-3	4.680000E-9	1.880000E-9	4.996000E-9	481.900000E-9	300.140000E-3	141.000000E+0	-1.122000E+0	4.249366E+3	10.863000E-6	7.610000E-6	13.718200E-9	NaN
	07/06/2023 13:19:03	105.970000E-3	4.690000E-9	1.880000E-9	4.996000E-9	482.500000E-9	300.140000E-3	141.000000E+0	-1.235000E+0	4.249253E+3	10.639000E-6	7.610000E-6	10.838100E-9	NaN
	07/06/2023 13:19:12	105.680000E-3	4.690000E-9	1.880000E-9	4.996000E-9	482.500000E-9	300.130000E-3	141.000000E+0	-1.571000E+0	4.207840E+3	10.863000E-6	7.610000E-6	-18.449100E-9	NaN
	07/06/2023 13:19:20	106.540000E-3	6.010000E-9	2.280000E-9	4.996000E-9	481.900000E-9	300.150000E-3	140.000000E+0	-1.347000E+0	4.138814E+3	11.199000E-6	7.610000E-6	13.893300E-9	NaN
	07/06/2023 13:19:29	105.700000E-3	5.840000E-9	2.310000E-9	4.996000E-9	483.100000E-9	300.150000E-3	140.000000E+0	-1.347000E+0	4.149252E+3	9.071000E-6	7.610000E-6	12.951000E-9	NaN
	07/06/2023 13:19:38	110.040000E-3	5.850000E-9	2.300000E-9	4.996000E-9	486.600000E-9	300.150000E-3	139.000000E+0	-1.235000E+0	4.144763E+3	9.743000E-6	7.610000E-6	12.944700E-9	NaN
	07/06/2023 13:19:46	110.020000E-3	6.040000E-9	2.380000E-9	4.996000E-9	486.600000E-9	300.140000E-3	139.000000E+0	-1.347000E+0	4.133876E+3	9.183000E-6	7.610000E-6	15.001100E-9	NaN
	07/06/2023 13:19:55	106.540000E-3	6.240000E-9	2.450000E-9	4.996000E-9	486.000000E-9	300.140000E-3	138.000000E+0	-1.571000E+0	4.134549E+3	8.511000E-6	7.610000E-6	13.034900E-9	NaN
	07/06/2023 13:20:04	106.390000E-3	6.370000E-9	2.480000E-9	4.996000E-9	481.900000E-9	300.150000E-3	138.000000E+0	-1.347000E+0	4.127591E+3	9.295000E-6	7.610000E-6	13.822400E-9	NaN
