Live comments	Time	injection 100mbar	Barion_2	Barion_1	DUAL experiment	DUAL insulation	injection 1mbar	helium	T-platinum	T-CERNOX	I_emission	I_grid
	17/11/2022 16:47:48	-62.269000E-3	2.000000E-9	2.410000E-9	4.996000E-9	540.800000E-9	477.910000E-6	241.000000E+0	-5.275000E+0	4.322766E+3	NaN	NaN
	17/11/2022 16:47:55	-62.540000E-3	1.990000E-9	2.390000E-9	4.996000E-9	540.800000E-9	464.350000E-6	242.000000E+0	-5.050000E+0	4.322991E+3	NaN	NaN
	17/11/2022 16:48:02	-62.442000E-3	1.980000E-9	2.370000E-9	4.996000E-9	540.800000E-9	480.620000E-6	242.000000E+0	-5.050000E+0	4.322878E+3	NaN	NaN
	17/11/2022 16:48:09	-62.048000E-3	1.960000E-9	2.360000E-9	4.996000E-9	540.100000E-9	457.440000E-6	241.000000E+0	-5.275000E+0	4.322991E+3	NaN	NaN
	17/11/2022 16:48:16	-62.862000E-3	1.960000E-9	2.350000E-9	4.996000E-9	540.800000E-9	479.400000E-6	242.000000E+0	-5.163000E+0	4.323439E+3	NaN	NaN
	17/11/2022 16:48:23	-62.886000E-3	1.950000E-9	2.340000E-9	4.996000E-9	540.100000E-9	468.790000E-6	242.000000E+0	-5.163000E+0	4.323439E+3	NaN	NaN
	17/11/2022 16:48:31	-63.008000E-3	1.950000E-9	2.330000E-9	4.996000E-9	540.100000E-9	460.650000E-6	241.000000E+0	-5.050000E+0	4.323664E+3	NaN	NaN
	17/11/2022 16:48:38	-63.133000E-3	1.940000E-9	2.330000E-9	4.996000E-9	540.100000E-9	463.870000E-6	242.000000E+0	-5.275000E+0	4.323664E+3	NaN	NaN
	17/11/2022 16:48:45	-62.689000E-3	1.940000E-9	2.320000E-9	4.996000E-9	540.100000E-9	485.810000E-6	241.000000E+0	-5.275000E+0	4.323888E+3	NaN	NaN
	17/11/2022 16:48:52	-62.367000E-3	1.930000E-9	2.310000E-9	4.996000E-9	540.800000E-9	484.320000E-6	241.000000E+0	-5.275000E+0	4.323776E+3	NaN	NaN
	17/11/2022 16:48:59	-62.838000E-3	1.930000E-9	2.300000E-9	4.996000E-9	540.100000E-9	464.350000E-6	241.000000E+0	-5.050000E+0	4.324113E+3	NaN	NaN
	17/11/2022 16:49:07	-63.059000E-3	1.930000E-9	2.300000E-9	4.996000E-9	540.100000E-9	482.110000E-6	241.000000E+0	-5.163000E+0	4.324225E+3	NaN	NaN
	17/11/2022 16:49:14	-62.540000E-3	1.920000E-9	2.290000E-9	4.996000E-9	540.100000E-9	475.700000E-6	240.000000E+0	-5.163000E+0	4.324225E+3	NaN	NaN
	17/11/2022 16:49:21	-62.367000E-3	1.920000E-9	2.290000E-9	4.996000E-9	540.100000E-9	473.980000E-6	240.000000E+0	-5.275000E+0	4.324450E+3	NaN	NaN
	17/11/2022 16:49:28	-62.123000E-3	1.910000E-9	2.280000E-9	4.996000E-9	540.100000E-9	482.860000E-6	241.000000E+0	-5.275000E+0	4.324337E+3	NaN	NaN
	17/11/2022 16:49:35	-62.591000E-3	1.910000E-9	2.280000E-9	4.996000E-9	540.800000E-9	447.600000E-6	240.000000E+0	-5.275000E+0	4.324562E+3	NaN	NaN
	17/11/2022 16:49:42	-62.343000E-3	1.910000E-9	2.270000E-9	4.996000E-9	540.100000E-9	452.280000E-6	240.000000E+0	-5.275000E+0	4.324562E+3	NaN	NaN
	17/11/2022 16:49:50	-62.048000E-3	1.910000E-9	2.260000E-9	4.996000E-9	540.100000E-9	467.810000E-6	240.000000E+0	-5.163000E+0	4.324674E+3	NaN	NaN
	17/11/2022 16:49:57	-61.998000E-3	1.910000E-9	2.260000E-9	4.996000E-9	540.100000E-9	482.860000E-6	240.000000E+0	-5.163000E+0	4.324898E+3	NaN	NaN
	17/11/2022 16:50:04	-62.367000E-3	1.910000E-9	2.260000E-9	4.996000E-9	540.800000E-9	482.590000E-6	240.000000E+0	-5.275000E+0	4.324674E+3	NaN	NaN
	17/11/2022 16:50:11	-62.492000E-3	1.910000E-9	2.270000E-9	4.996000E-9	540.100000E-9	486.050000E-6	240.000000E+0	-5.387000E+0	4.324898E+3	NaN	NaN
	17/11/2022 16:50:18	-62.123000E-3	1.900000E-9	2.260000E-9	4.996000E-9	540.800000E-9	478.420000E-6	240.000000E+0	-5.275000E+0	4.324786E+3	NaN	NaN
	17/11/2022 16:50:26	-62.811000E-3	1.900000E-9	2.250000E-9	4.996000E-9	541.400000E-9	482.860000E-6	239.000000E+0	-5.163000E+0	4.324898E+3	NaN	NaN
	17/11/2022 16:50:33	-62.492000E-3	1.900000E-9	2.250000E-9	4.996000E-9	544.000000E-9	467.300000E-6	240.000000E+0	-5.163000E+0	4.325011E+3	NaN	NaN
	17/11/2022 16:50:40	-62.862000E-3	1.890000E-9	2.250000E-9	4.996000E-9	544.700000E-9	484.590000E-6	239.000000E+0	-5.275000E+0	4.325011E+3	NaN	NaN
	17/11/2022 16:50:47	-62.367000E-3	1.890000E-9	2.230000E-9	4.996000E-9	545.400000E-9	442.420000E-6	239.000000E+0	-5.275000E+0	4.325011E+3	NaN	NaN
	17/11/2022 16:50:55	-62.516000E-3	1.890000E-9	2.240000E-9	4.996000E-9	545.400000E-9	478.660000E-6	239.000000E+0	-5.275000E+0	4.325235E+3	NaN	NaN
	17/11/2022 16:51:02	-62.123000E-3	1.890000E-9	2.250000E-9	4.996000E-9	545.400000E-9	473.740000E-6	239.000000E+0	-5.050000E+0	4.325235E+3	NaN	NaN
	17/11/2022 16:51:09	-62.394000E-3	1.890000E-9	2.240000E-9	4.996000E-9	545.400000E-9	457.200000E-6	239.000000E+0	-5.163000E+0	4.325235E+3	NaN	NaN
	17/11/2022 16:51:16	-62.886000E-3	1.880000E-9	2.240000E-9	4.996000E-9	545.400000E-9	468.280000E-6	239.000000E+0	-5.163000E+0	4.325347E+3	NaN	NaN
	17/11/2022 16:51:23	-62.320000E-3	1.890000E-9	2.240000E-9	4.996000E-9	545.400000E-9	482.590000E-6	238.000000E+0	-5.163000E+0	4.325235E+3	NaN	NaN
	17/11/2022 16:51:30	-62.492000E-3	1.890000E-9	2.230000E-9	4.996000E-9	545.400000E-9	471.740000E-6	238.000000E+0	-5.163000E+0	4.325347E+3	NaN	NaN
	17/11/2022 16:51:38	-61.998000E-3	1.880000E-9	2.220000E-9	4.996000E-9	545.400000E-9	480.860000E-6	238.000000E+0	-5.387000E+0	4.325011E+3	NaN	NaN
	17/11/2022 16:51:45	-63.059000E-3	1.880000E-9	2.230000E-9	4.996000E-9	577.700000E-9	485.060000E-6	238.000000E+0	-5.387000E+0	4.325347E+3	NaN	NaN
	17/11/2022 16:51:52	-62.394000E-3	1.890000E-9	2.220000E-9	4.996000E-9	546.700000E-9	474.450000E-6	238.000000E+0	-5.275000E+0	4.325235E+3	NaN	NaN
	17/11/2022 16:51:59	-62.367000E-3	1.880000E-9	2.220000E-9	4.996000E-9	546.000000E-9	474.450000E-6	238.000000E+0	-5.387000E+0	4.325123E+3	NaN	NaN
	17/11/2022 16:52:06	-66.733000E-3	1.880000E-9	2.210000E-9	4.996000E-9	546.700000E-9	480.380000E-6	238.000000E+0	-5.275000E+0	4.325347E+3	NaN	NaN
	17/11/2022 16:52:13	-62.147000E-3	1.870000E-9	2.210000E-9	4.996000E-9	546.700000E-9	468.050000E-6	238.000000E+0	-5.275000E+0	4.325572E+3	NaN	NaN
	17/11/2022 16:52:21	-62.394000E-3	1.880000E-9	2.210000E-9	4.996000E-9	546.700000E-9	478.660000E-6	238.000000E+0	-5.387000E+0	4.325347E+3	NaN	NaN
	17/11/2022 16:52:28	-62.838000E-3	1.870000E-9	2.210000E-9	4.996000E-9	546.700000E-9	471.030000E-6	238.000000E+0	-5.275000E+0	4.325123E+3	NaN	NaN
	17/11/2022 16:52:35	-62.320000E-3	1.880000E-9	2.210000E-9	4.996000E-9	546.700000E-9	445.870000E-6	237.000000E+0	-5.163000E+0	4.325123E+3	NaN	NaN
	17/11/2022 16:52:42	-62.394000E-3	1.870000E-9	2.210000E-9	4.996000E-9	547.300000E-9	476.930000E-6	237.000000E+0	-5.163000E+0	4.325347E+3	NaN	NaN
	17/11/2022 16:52:49	-62.591000E-3	1.870000E-9	2.210000E-9	4.996000E-9	547.300000E-9	476.450000E-6	237.000000E+0	-5.163000E+0	4.325011E+3	NaN	NaN
	17/11/2022 16:52:57	-62.886000E-3	1.870000E-9	2.200000E-9	4.996000E-9	547.300000E-9	443.880000E-6	237.000000E+0	-5.050000E+0	4.325123E+3	NaN	NaN
	17/11/2022 16:53:04	-62.713000E-3	1.870000E-9	2.200000E-9	4.996000E-9	547.300000E-9	478.660000E-6	237.000000E+0	-5.050000E+0	4.325235E+3	NaN	NaN
	17/11/2022 16:53:11	-62.567000E-3	1.870000E-9	2.200000E-9	4.996000E-9	546.700000E-9	464.590000E-6	237.000000E+0	-5.275000E+0	4.325235E+3	NaN	NaN
	17/11/2022 16:53:18	-62.367000E-3	1.870000E-9	2.210000E-9	4.996000E-9	548.000000E-9	476.450000E-6	237.000000E+0	-4.938000E+0	4.325235E+3	NaN	NaN
	17/11/2022 16:53:25	-62.147000E-3	1.860000E-9	2.200000E-9	4.996000E-9	547.300000E-9	482.110000E-6	237.000000E+0	-5.275000E+0	4.325460E+3	NaN	NaN
	17/11/2022 16:53:32	-62.811000E-3	1.870000E-9	2.200000E-9	4.996000E-9	548.000000E-9	469.030000E-6	237.000000E+0	-5.163000E+0	4.325123E+3	NaN	NaN
	17/11/2022 16:53:40	-63.059000E-3	1.860000E-9	2.210000E-9	4.996000E-9	549.300000E-9	448.580000E-6	237.000000E+0	-5.163000E+0	4.325011E+3	NaN	NaN
	17/11/2022 16:53:47	-62.025000E-3	1.870000E-9	2.210000E-9	4.996000E-9	548.600000E-9	487.300000E-6	237.000000E+0	-5.275000E+0	4.324786E+3	NaN	NaN
	17/11/2022 16:53:54	-62.567000E-3	1.860000E-9	2.210000E-9	4.996000E-9	548.600000E-9	471.260000E-6	237.000000E+0	-5.050000E+0	4.324898E+3	NaN	NaN
	17/11/2022 16:54:01	-62.713000E-3	1.860000E-9	2.200000E-9	4.996000E-9	548.600000E-9	467.570000E-6	237.000000E+0	-5.275000E+0	4.325347E+3	NaN	NaN
	17/11/2022 16:54:08	-62.516000E-3	1.860000E-9	2.210000E-9	4.996000E-9	549.300000E-9	475.200000E-6	237.000000E+0	-5.163000E+0	4.325123E+3	NaN	NaN
	17/11/2022 16:54:16	-62.466000E-3	1.860000E-9	2.200000E-9	4.996000E-9	548.600000E-9	444.140000E-6	236.000000E+0	-5.163000E+0	4.325123E+3	NaN	NaN
	17/11/2022 16:54:23	-62.615000E-3	1.860000E-9	2.200000E-9	4.996000E-9	548.600000E-9	477.160000E-6	236.000000E+0	-5.275000E+0	4.325235E+3	NaN	NaN
	17/11/2022 16:54:30	-62.072000E-3	1.860000E-9	2.200000E-9	4.996000E-9	549.300000E-9	476.180000E-6	236.000000E+0	-5.050000E+0	4.325347E+3	NaN	NaN
	17/11/2022 16:54:37	-62.343000E-3	1.860000E-9	2.190000E-9	4.996000E-9	548.600000E-9	476.450000E-6	236.000000E+0	-5.163000E+0	4.325347E+3	NaN	NaN
	17/11/2022 16:54:44	-62.937000E-3	1.860000E-9	2.190000E-9	4.996000E-9	548.600000E-9	468.050000E-6	236.000000E+0	-5.275000E+0	4.325347E+3	NaN	NaN
	17/11/2022 16:54:51	-62.123000E-3	1.850000E-9	2.190000E-9	4.996000E-9	549.300000E-9	461.160000E-6	236.000000E+0	-5.275000E+0	4.325460E+3	NaN	NaN
	17/11/2022 16:54:59	-62.096000E-3	1.860000E-9	2.190000E-9	4.996000E-9	549.300000E-9	483.330000E-6	236.000000E+0	-5.163000E+0	4.325460E+3	NaN	NaN
	17/11/2022 16:55:06	-62.171000E-3	1.850000E-9	2.190000E-9	4.996000E-9	549.300000E-9	451.030000E-6	236.000000E+0	-5.163000E+0	4.325347E+3	NaN	NaN
	17/11/2022 16:55:13	-62.788000E-3	1.850000E-9	2.190000E-9	4.996000E-9	549.300000E-9	466.590000E-6	236.000000E+0	-5.163000E+0	4.325460E+3	NaN	NaN
	17/11/2022 16:55:20	-62.194000E-3	1.840000E-9	2.190000E-9	4.996000E-9	549.300000E-9	478.890000E-6	236.000000E+0	-5.275000E+0	4.325460E+3	NaN	NaN
	17/11/2022 16:55:27	-62.665000E-3	1.850000E-9	2.190000E-9	4.996000E-9	549.300000E-9	480.380000E-6	236.000000E+0	-5.163000E+0	4.325460E+3	NaN	NaN
	17/11/2022 16:55:34	-62.123000E-3	1.850000E-9	2.190000E-9	4.996000E-9	549.300000E-9	471.260000E-6	235.000000E+0	-5.050000E+0	4.325572E+3	NaN	NaN
	17/11/2022 16:55:41	-62.394000E-3	1.850000E-9	2.180000E-9	4.996000E-9	549.300000E-9	481.610000E-6	235.000000E+0	-5.163000E+0	4.325572E+3	NaN	NaN
	17/11/2022 16:55:49	-62.466000E-3	1.850000E-9	2.190000E-9	4.996000E-9	549.300000E-9	474.720000E-6	235.000000E+0	-5.387000E+0	4.325684E+3	NaN	NaN
	17/11/2022 16:55:56	-62.788000E-3	1.850000E-9	2.180000E-9	4.996000E-9	549.300000E-9	468.790000E-6	235.000000E+0	-5.050000E+0	4.325684E+3	NaN	NaN
	17/11/2022 16:56:03	-62.567000E-3	1.850000E-9	2.170000E-9	4.996000E-9	549.300000E-9	470.520000E-6	235.000000E+0	-5.163000E+0	4.325684E+3	NaN	NaN
	17/11/2022 16:56:10	-66.313000E-3	1.840000E-9	2.170000E-9	4.996000E-9	549.300000E-9	464.590000E-6	235.000000E+0	-5.163000E+0	4.325796E+3	NaN	NaN
	17/11/2022 16:56:17	-62.886000E-3	1.850000E-9	2.170000E-9	4.996000E-9	549.300000E-9	445.870000E-6	235.000000E+0	-5.050000E+0	4.325796E+3	NaN	NaN
	17/11/2022 16:56:25	-62.615000E-3	1.850000E-9	2.170000E-9	4.996000E-9	549.300000E-9	460.420000E-6	235.000000E+0	-5.275000E+0	4.326021E+3	NaN	NaN
	17/11/2022 16:56:32	-62.296000E-3	1.850000E-9	2.170000E-9	4.996000E-9	549.900000E-9	487.770000E-6	235.000000E+0	-5.050000E+0	4.325909E+3	NaN	NaN
	17/11/2022 16:56:39	-62.123000E-3	1.840000E-9	2.170000E-9	4.996000E-9	549.300000E-9	483.100000E-6	234.000000E+0	-5.050000E+0	4.326245E+3	NaN	NaN
	17/11/2022 16:56:46	-62.591000E-3	1.840000E-9	2.170000E-9	4.996000E-9	549.300000E-9	475.200000E-6	234.000000E+0	-5.163000E+0	4.326021E+3	NaN	NaN
	17/11/2022 16:56:53	-62.442000E-3	1.840000E-9	2.180000E-9	4.996000E-9	549.900000E-9	464.350000E-6	234.000000E+0	-5.050000E+0	4.326133E+3	NaN	NaN
	17/11/2022 16:57:00	-62.984000E-3	1.840000E-9	2.180000E-9	4.996000E-9	549.900000E-9	487.770000E-6	234.000000E+0	-5.163000E+0	4.325909E+3	NaN	NaN
	17/11/2022 16:57:08	-62.838000E-3	1.840000E-9	2.170000E-9	4.996000E-9	549.300000E-9	482.590000E-6	234.000000E+0	-5.275000E+0	4.326245E+3	NaN	NaN
	17/11/2022 16:57:15	-62.591000E-3	1.840000E-9	2.170000E-9	4.996000E-9	549.900000E-9	488.010000E-6	234.000000E+0	-5.050000E+0	4.326021E+3	NaN	NaN
	17/11/2022 16:57:22	-62.466000E-3	1.840000E-9	2.170000E-9	4.996000E-9	549.900000E-9	459.670000E-6	234.000000E+0	-5.163000E+0	4.326021E+3	NaN	NaN
	17/11/2022 16:57:29	-61.950000E-3	1.840000E-9	2.160000E-9	4.996000E-9	549.900000E-9	472.250000E-6	234.000000E+0	-5.275000E+0	4.326133E+3	NaN	NaN
	17/11/2022 16:57:36	-62.072000E-3	1.840000E-9	2.170000E-9	4.996000E-9	549.900000E-9	483.840000E-6	233.000000E+0	-5.387000E+0	4.326245E+3	NaN	NaN
	17/11/2022 16:57:44	-62.245000E-3	1.840000E-9	2.170000E-9	4.996000E-9	549.900000E-9	463.370000E-6	234.000000E+0	-5.163000E+0	4.326245E+3	NaN	NaN
	17/11/2022 16:57:51	-62.665000E-3	1.840000E-9	2.170000E-9	4.996000E-9	549.300000E-9	452.280000E-6	233.000000E+0	-5.275000E+0	4.326357E+3	NaN	NaN
	17/11/2022 16:57:58	-62.296000E-3	1.840000E-9	2.160000E-9	4.996000E-9	549.900000E-9	460.650000E-6	233.000000E+0	-5.163000E+0	4.326133E+3	NaN	NaN
	17/11/2022 16:58:05	-62.048000E-3	1.840000E-9	2.160000E-9	4.996000E-9	549.300000E-9	484.320000E-6	233.000000E+0	-5.050000E+0	4.326021E+3	NaN	NaN
	17/11/2022 16:58:12	-62.639000E-3	1.830000E-9	2.170000E-9	4.996000E-9	549.300000E-9	442.650000E-6	233.000000E+0	-5.050000E+0	4.326133E+3	NaN	NaN
	17/11/2022 16:58:19	-62.072000E-3	1.840000E-9	2.170000E-9	4.996000E-9	549.300000E-9	464.350000E-6	233.000000E+0	-5.275000E+0	4.326357E+3	NaN	NaN
	17/11/2022 16:58:27	-62.269000E-3	1.830000E-9	2.160000E-9	4.996000E-9	549.300000E-9	473.740000E-6	233.000000E+0	-5.275000E+0	4.326245E+3	NaN	NaN
	17/11/2022 16:58:34	-62.764000E-3	1.840000E-9	2.170000E-9	4.996000E-9	549.300000E-9	474.450000E-6	233.000000E+0	-5.163000E+0	4.326357E+3	NaN	NaN
	17/11/2022 16:58:41	-62.442000E-3	1.840000E-9	2.170000E-9	4.996000E-9	549.300000E-9	455.980000E-6	233.000000E+0	-5.163000E+0	4.326357E+3	NaN	NaN
	17/11/2022 16:58:48	-62.025000E-3	1.830000E-9	2.150000E-9	4.996000E-9	549.900000E-9	467.060000E-6	233.000000E+0	-5.163000E+0	4.326470E+3	NaN	NaN
	17/11/2022 16:58:55	-62.296000E-3	1.830000E-9	2.150000E-9	4.996000E-9	549.300000E-9	476.450000E-6	232.000000E+0	-5.163000E+0	4.326470E+3	NaN	NaN
	17/11/2022 16:59:03	-62.123000E-3	1.830000E-9	2.160000E-9	4.996000E-9	549.300000E-9	475.700000E-6	232.000000E+0	-5.275000E+0	4.326470E+3	NaN	NaN
	17/11/2022 16:59:10	-62.665000E-3	1.830000E-9	2.160000E-9	4.996000E-9	549.300000E-9	456.960000E-6	233.000000E+0	-5.275000E+0	4.326357E+3	NaN	NaN
	17/11/2022 16:59:17	-62.737000E-3	1.830000E-9	2.160000E-9	4.996000E-9	549.300000E-9	461.880000E-6	232.000000E+0	-5.050000E+0	4.326470E+3	NaN	NaN
	17/11/2022 16:59:24	-62.689000E-3	1.830000E-9	2.160000E-9	4.996000E-9	549.900000E-9	456.450000E-6	232.000000E+0	-5.275000E+0	4.326357E+3	NaN	NaN
	17/11/2022 16:59:31	-62.937000E-3	1.830000E-9	2.150000E-9	4.996000E-9	549.300000E-9	449.300000E-6	232.000000E+0	-5.163000E+0	4.326470E+3	NaN	NaN
	17/11/2022 16:59:39	-62.764000E-3	1.830000E-9	2.150000E-9	4.996000E-9	549.900000E-9	474.450000E-6	232.000000E+0	-5.163000E+0	4.326245E+3	NaN	NaN
	17/11/2022 16:59:46	-62.245000E-3	1.820000E-9	2.160000E-9	4.996000E-9	549.300000E-9	468.550000E-6	232.000000E+0	-5.387000E+0	4.326470E+3	NaN	NaN
	17/11/2022 16:59:53	-63.059000E-3	1.830000E-9	2.160000E-9	4.996000E-9	549.300000E-9	463.370000E-6	232.000000E+0	-5.387000E+0	4.326357E+3	NaN	NaN
	17/11/2022 17:00:00	-62.147000E-3	1.830000E-9	2.160000E-9	4.996000E-9	549.300000E-9	454.250000E-6	232.000000E+0	-5.163000E+0	4.326470E+3	NaN	NaN
	17/11/2022 17:00:07	-62.886000E-3	1.830000E-9	2.140000E-9	4.996000E-9	549.900000E-9	483.100000E-6	232.000000E+0	-5.163000E+0	4.326357E+3	NaN	NaN
	17/11/2022 17:00:15	-62.811000E-3	1.820000E-9	2.160000E-9	4.996000E-9	549.300000E-9	474.720000E-6	231.000000E+0	-5.275000E+0	4.326582E+3	NaN	NaN
	17/11/2022 17:00:22	-62.540000E-3	1.820000E-9	2.160000E-9	4.996000E-9	549.900000E-9	470.520000E-6	232.000000E+0	-5.163000E+0	4.326470E+3	NaN	NaN
	17/11/2022 17:00:29	-62.689000E-3	1.830000E-9	2.150000E-9	4.996000E-9	549.900000E-9	474.210000E-6	231.000000E+0	-5.050000E+0	4.326470E+3	NaN	NaN
	17/11/2022 17:00:36	-62.269000E-3	1.830000E-9	2.140000E-9	4.996000E-9	549.300000E-9	484.080000E-6	231.000000E+0	-5.275000E+0	4.326470E+3	NaN	NaN
	17/11/2022 17:00:43	-62.320000E-3	1.820000E-9	2.150000E-9	4.996000E-9	549.900000E-9	482.110000E-6	231.000000E+0	-5.050000E+0	4.326582E+3	NaN	NaN
	17/11/2022 17:00:50	-62.615000E-3	1.830000E-9	2.160000E-9	4.996000E-9	549.300000E-9	484.320000E-6	231.000000E+0	-5.050000E+0	4.326694E+3	NaN	NaN
	17/11/2022 17:00:58	-62.367000E-3	1.820000E-9	2.150000E-9	4.996000E-9	549.900000E-9	458.930000E-6	231.000000E+0	-5.163000E+0	4.326694E+3	NaN	NaN
	17/11/2022 17:01:05	-62.492000E-3	1.820000E-9	2.150000E-9	4.996000E-9	549.900000E-9	481.370000E-6	231.000000E+0	-5.163000E+0	4.326694E+3	NaN	NaN
	17/11/2022 17:01:12	-62.025000E-3	1.820000E-9	2.140000E-9	4.996000E-9	549.300000E-9	444.140000E-6	231.000000E+0	-5.163000E+0	4.326582E+3	NaN	NaN
	17/11/2022 17:01:19	-62.296000E-3	1.820000E-9	2.150000E-9	4.996000E-9	549.300000E-9	459.670000E-6	230.000000E+0	-5.387000E+0	4.326582E+3	NaN	NaN
	17/11/2022 17:01:26	-62.048000E-3	1.820000E-9	2.150000E-9	4.996000E-9	549.300000E-9	484.320000E-6	230.000000E+0	-5.275000E+0	4.326582E+3	NaN	NaN
	17/11/2022 17:01:33	-62.615000E-3	1.820000E-9	2.140000E-9	4.996000E-9	549.900000E-9	471.260000E-6	230.000000E+0	-5.050000E+0	4.326582E+3	NaN	NaN
	17/11/2022 17:01:41	-61.998000E-3	1.820000E-9	2.150000E-9	4.996000E-9	549.300000E-9	470.760000E-6	230.000000E+0	-5.163000E+0	4.326694E+3	NaN	NaN
	17/11/2022 17:01:48	-62.245000E-3	1.820000E-9	2.140000E-9	4.996000E-9	549.300000E-9	455.230000E-6	230.000000E+0	-5.163000E+0	4.326694E+3	NaN	NaN
	17/11/2022 17:01:55	-62.367000E-3	1.820000E-9	2.130000E-9	4.996000E-9	549.900000E-9	478.890000E-6	230.000000E+0	-5.275000E+0	4.326919E+3	NaN	NaN
	17/11/2022 17:02:02	-62.639000E-3	1.820000E-9	2.150000E-9	4.996000E-9	549.300000E-9	450.550000E-6	230.000000E+0	-5.163000E+0	4.326582E+3	NaN	NaN
	17/11/2022 17:02:09	-62.788000E-3	1.820000E-9	2.140000E-9	4.996000E-9	549.900000E-9	474.720000E-6	230.000000E+0	-5.275000E+0	4.326582E+3	NaN	NaN
	17/11/2022 17:02:17	-62.025000E-3	1.820000E-9	2.140000E-9	4.996000E-9	549.900000E-9	455.740000E-6	230.000000E+0	-5.163000E+0	4.326694E+3	NaN	NaN
	17/11/2022 17:02:24	-62.492000E-3	1.820000E-9	2.140000E-9	4.996000E-9	549.900000E-9	452.010000E-6	229.000000E+0	-5.163000E+0	4.326582E+3	NaN	NaN
	17/11/2022 17:02:31	-62.466000E-3	1.820000E-9	2.140000E-9	4.996000E-9	549.900000E-9	472.490000E-6	230.000000E+0	-5.275000E+0	4.326582E+3	NaN	NaN
	17/11/2022 17:02:38	-62.394000E-3	1.810000E-9	2.130000E-9	4.996000E-9	549.900000E-9	461.160000E-6	229.000000E+0	-5.163000E+0	4.326582E+3	NaN	NaN
	17/11/2022 17:02:45	-62.418000E-3	1.820000E-9	2.140000E-9	4.996000E-9	549.300000E-9	443.880000E-6	229.000000E+0	-5.050000E+0	4.326694E+3	NaN	NaN
	17/11/2022 17:02:52	-62.072000E-3	1.810000E-9	2.140000E-9	4.996000E-9	549.300000E-9	445.600000E-6	229.000000E+0	-5.050000E+0	4.326357E+3	NaN	NaN
	17/11/2022 17:03:00	-62.394000E-3	1.810000E-9	2.140000E-9	4.996000E-9	549.900000E-9	478.420000E-6	229.000000E+0	-5.050000E+0	4.326357E+3	NaN	NaN
	17/11/2022 17:03:07	-62.689000E-3	1.810000E-9	2.130000E-9	4.996000E-9	550.600000E-9	441.670000E-6	229.000000E+0	-5.163000E+0	4.326021E+3	NaN	NaN
	17/11/2022 17:03:14	-62.591000E-3	1.810000E-9	2.130000E-9	4.996000E-9	549.900000E-9	485.300000E-6	229.000000E+0	-5.163000E+0	4.325796E+3	NaN	NaN
	17/11/2022 17:03:21	-62.442000E-3	1.820000E-9	2.140000E-9	4.996000E-9	549.900000E-9	461.160000E-6	229.000000E+0	-5.163000E+0	4.325572E+3	NaN	NaN
	17/11/2022 17:03:28	-62.591000E-3	1.810000E-9	2.140000E-9	4.996000E-9	549.900000E-9	480.380000E-6	229.000000E+0	-5.163000E+0	4.325572E+3	NaN	NaN
	17/11/2022 17:03:36	-61.974000E-3	1.810000E-9	2.130000E-9	4.996000E-9	549.900000E-9	468.790000E-6	229.000000E+0	-5.275000E+0	4.325572E+3	NaN	NaN
	17/11/2022 17:03:43	-62.838000E-3	1.810000E-9	2.140000E-9	4.996000E-9	549.300000E-9	485.300000E-6	228.000000E+0	-5.163000E+0	4.325572E+3	NaN	NaN
	17/11/2022 17:03:50	-62.296000E-3	1.810000E-9	2.130000E-9	4.996000E-9	549.300000E-9	482.110000E-6	228.000000E+0	-5.163000E+0	4.325460E+3	NaN	NaN
	17/11/2022 17:03:57	-62.194000E-3	1.810000E-9	2.130000E-9	4.996000E-9	549.300000E-9	457.700000E-6	229.000000E+0	-5.387000E+0	4.325235E+3	NaN	NaN
	17/11/2022 17:04:04	-65.449000E-3	1.810000E-9	2.140000E-9	4.996000E-9	549.300000E-9	458.450000E-6	228.000000E+0	-5.163000E+0	4.325347E+3	NaN	NaN
	17/11/2022 17:04:12	-62.737000E-3	1.820000E-9	2.140000E-9	4.996000E-9	549.300000E-9	469.030000E-6	228.000000E+0	-5.050000E+0	4.325347E+3	NaN	NaN
	17/11/2022 17:04:19	-62.960000E-3	1.810000E-9	2.130000E-9	4.996000E-9	549.300000E-9	479.880000E-6	228.000000E+0	-5.050000E+0	4.325460E+3	NaN	NaN
	17/11/2022 17:04:26	-62.665000E-3	1.820000E-9	2.140000E-9	4.996000E-9	549.300000E-9	468.550000E-6	228.000000E+0	-5.275000E+0	4.325235E+3	NaN	NaN
	17/11/2022 17:04:33	-62.025000E-3	1.820000E-9	2.150000E-9	4.996000E-9	549.300000E-9	476.930000E-6	228.000000E+0	-5.275000E+0	4.325235E+3	NaN	NaN
	17/11/2022 17:04:40	-62.096000E-3	1.820000E-9	2.150000E-9	4.996000E-9	549.300000E-9	485.810000E-6	228.000000E+0	-5.163000E+0	4.325347E+3	NaN	NaN
	17/11/2022 17:04:48	-62.764000E-3	1.820000E-9	2.140000E-9	4.996000E-9	548.600000E-9	477.430000E-6	228.000000E+0	-5.050000E+0	4.325235E+3	NaN	NaN
	17/11/2022 17:04:55	-64.981000E-3	1.820000E-9	2.150000E-9	4.996000E-9	548.000000E-9	457.700000E-6	228.000000E+0	-5.050000E+0	4.325123E+3	NaN	NaN
	17/11/2022 17:05:02	-62.615000E-3	1.820000E-9	2.150000E-9	4.996000E-9	548.000000E-9	478.660000E-6	227.000000E+0	-5.050000E+0	4.325011E+3	NaN	NaN
	17/11/2022 17:05:09	-62.492000E-3	1.820000E-9	2.150000E-9	4.996000E-9	548.000000E-9	448.080000E-6	227.000000E+0	-5.163000E+0	4.325123E+3	NaN	NaN
	17/11/2022 17:05:16	-62.320000E-3	1.820000E-9	2.140000E-9	4.996000E-9	547.300000E-9	472.990000E-6	227.000000E+0	-5.163000E+0	4.325011E+3	NaN	NaN
	17/11/2022 17:05:24	-62.838000E-3	1.820000E-9	2.150000E-9	4.996000E-9	547.300000E-9	448.580000E-6	227.000000E+0	-5.050000E+0	4.325011E+3	NaN	NaN
	17/11/2022 17:05:31	-62.492000E-3	1.820000E-9	2.140000E-9	4.996000E-9	547.300000E-9	445.600000E-6	227.000000E+0	-5.163000E+0	4.325123E+3	NaN	NaN
	17/11/2022 17:05:38	-62.296000E-3	1.810000E-9	2.140000E-9	4.996000E-9	546.700000E-9	445.600000E-6	227.000000E+0	-5.163000E+0	4.325235E+3	NaN	NaN
	17/11/2022 17:05:45	-62.788000E-3	1.820000E-9	2.130000E-9	4.996000E-9	546.700000E-9	461.640000E-6	227.000000E+0	-5.163000E+0	4.325235E+3	NaN	NaN
	17/11/2022 17:05:52	-62.466000E-3	1.810000E-9	2.140000E-9	4.996000E-9	546.700000E-9	461.400000E-6	227.000000E+0	-5.163000E+0	4.324898E+3	NaN	NaN
	17/11/2022 17:06:00	-62.665000E-3	1.820000E-9	2.150000E-9	4.996000E-9	546.700000E-9	453.740000E-6	227.000000E+0	-5.275000E+0	4.325011E+3	NaN	NaN
	17/11/2022 17:06:07	-64.933000E-3	1.810000E-9	2.140000E-9	4.996000E-9	546.700000E-9	473.470000E-6	227.000000E+0	-5.275000E+0	4.325123E+3	NaN	NaN
	17/11/2022 17:06:14	-62.639000E-3	1.820000E-9	2.130000E-9	4.996000E-9	546.700000E-9	487.540000E-6	226.000000E+0	-5.163000E+0	4.325011E+3	NaN	NaN
	17/11/2022 17:06:21	-62.147000E-3	1.820000E-9	2.140000E-9	4.996000E-9	546.700000E-9	486.790000E-6	226.000000E+0	-5.275000E+0	4.325011E+3	NaN	NaN
	17/11/2022 17:06:28	-62.811000E-3	1.820000E-9	2.140000E-9	4.996000E-9	546.700000E-9	450.790000E-6	226.000000E+0	-5.050000E+0	4.325235E+3	NaN	NaN
	17/11/2022 17:06:35	-62.984000E-3	1.810000E-9	2.130000E-9	4.996000E-9	546.700000E-9	488.010000E-6	226.000000E+0	-5.163000E+0	4.324898E+3	NaN	NaN
	17/11/2022 17:06:42	-62.567000E-3	1.810000E-9	2.140000E-9	4.996000E-9	546.000000E-9	483.330000E-6	226.000000E+0	-5.163000E+0	4.325011E+3	NaN	NaN
	17/11/2022 17:06:50	-62.713000E-3	1.810000E-9	2.140000E-9	4.996000E-9	546.700000E-9	473.740000E-6	226.000000E+0	-5.163000E+0	4.325011E+3	NaN	NaN
	17/11/2022 17:06:57	-62.466000E-3	1.810000E-9	2.130000E-9	4.996000E-9	546.700000E-9	457.200000E-6	226.000000E+0	-5.163000E+0	4.325123E+3	NaN	NaN
	17/11/2022 17:07:04	-66.733000E-3	1.810000E-9	2.140000E-9	4.996000E-9	546.000000E-9	462.140000E-6	225.000000E+0	-5.050000E+0	4.325123E+3	NaN	NaN
	17/11/2022 17:07:11	-62.245000E-3	1.810000E-9	2.130000E-9	4.996000E-9	546.000000E-9	446.590000E-6	226.000000E+0	-5.163000E+0	4.325123E+3	NaN	NaN
	17/11/2022 17:07:18	-65.476000E-3	1.810000E-9	2.130000E-9	4.996000E-9	546.000000E-9	453.500000E-6	226.000000E+0	-5.275000E+0	4.325011E+3	NaN	NaN
	17/11/2022 17:07:25	-62.025000E-3	1.820000E-9	2.140000E-9	4.996000E-9	546.000000E-9	450.310000E-6	225.000000E+0	-5.163000E+0	4.325347E+3	NaN	NaN
	17/11/2022 17:07:33	-62.194000E-3	1.810000E-9	2.140000E-9	4.996000E-9	546.000000E-9	467.300000E-6	225.000000E+0	-5.275000E+0	4.325011E+3	NaN	NaN
	17/11/2022 17:07:40	-62.567000E-3	1.820000E-9	2.130000E-9	4.996000E-9	546.000000E-9	473.980000E-6	225.000000E+0	-5.050000E+0	4.325123E+3	NaN	NaN
	17/11/2022 17:07:47	-62.811000E-3	1.810000E-9	2.140000E-9	4.996000E-9	546.000000E-9	463.370000E-6	225.000000E+0	-5.275000E+0	4.325011E+3	NaN	NaN
	17/11/2022 17:07:54	-62.764000E-3	1.810000E-9	2.130000E-9	4.996000E-9	546.000000E-9	472.490000E-6	225.000000E+0	-5.050000E+0	4.324898E+3	NaN	NaN
	17/11/2022 17:08:01	-62.615000E-3	1.810000E-9	2.130000E-9	4.996000E-9	546.000000E-9	448.580000E-6	225.000000E+0	-5.050000E+0	4.324898E+3	NaN	NaN
	17/11/2022 17:08:09	-63.008000E-3	1.820000E-9	2.140000E-9	4.996000E-9	546.000000E-9	447.600000E-6	225.000000E+0	-5.275000E+0	4.325011E+3	NaN	NaN
	17/11/2022 17:08:16	-64.635000E-3	1.810000E-9	2.140000E-9	4.996000E-9	546.000000E-9	482.590000E-6	225.000000E+0	-5.163000E+0	4.324898E+3	NaN	NaN
	17/11/2022 17:08:23	-62.516000E-3	1.810000E-9	2.120000E-9	4.996000E-9	546.000000E-9	459.430000E-6	224.000000E+0	-5.163000E+0	4.325123E+3	NaN	NaN
	17/11/2022 17:08:30	-62.567000E-3	1.810000E-9	2.130000E-9	4.996000E-9	546.000000E-9	446.860000E-6	224.000000E+0	-5.275000E+0	4.325011E+3	NaN	NaN
	17/11/2022 17:08:37	-62.713000E-3	1.810000E-9	2.140000E-9	4.996000E-9	546.000000E-9	452.760000E-6	224.000000E+0	-5.163000E+0	4.324898E+3	NaN	NaN
	17/11/2022 17:08:44	-62.194000E-3	1.810000E-9	2.140000E-9	4.996000E-9	545.400000E-9	473.740000E-6	224.000000E+0	-5.050000E+0	4.325123E+3	NaN	NaN
	17/11/2022 17:08:51	-61.998000E-3	1.810000E-9	2.130000E-9	4.996000E-9	545.400000E-9	466.320000E-6	224.000000E+0	-5.050000E+0	4.324898E+3	NaN	NaN
	17/11/2022 17:08:59	-62.072000E-3	1.800000E-9	2.130000E-9	4.996000E-9	545.400000E-9	452.010000E-6	224.000000E+0	-5.163000E+0	4.325123E+3	NaN	NaN
	17/11/2022 17:09:06	-62.096000E-3	1.810000E-9	2.130000E-9	4.996000E-9	545.400000E-9	475.700000E-6	224.000000E+0	-5.163000E+0	4.325011E+3	NaN	NaN
	17/11/2022 17:09:13	-62.394000E-3	1.810000E-9	2.130000E-9	4.996000E-9	545.400000E-9	445.370000E-6	224.000000E+0	-5.275000E+0	4.325011E+3	NaN	NaN
	17/11/2022 17:09:20	-62.984000E-3	1.810000E-9	2.130000E-9	4.996000E-9	545.400000E-9	486.280000E-6	224.000000E+0	-5.163000E+0	4.325123E+3	NaN	NaN
	17/11/2022 17:09:27	-62.567000E-3	1.810000E-9	2.120000E-9	4.996000E-9	545.400000E-9	471.740000E-6	224.000000E+0	-5.050000E+0	4.325123E+3	NaN	NaN
	17/11/2022 17:09:35	-62.689000E-3	1.810000E-9	2.120000E-9	4.996000E-9	545.400000E-9	472.490000E-6	224.000000E+0	-5.275000E+0	4.325011E+3	NaN	NaN
	17/11/2022 17:09:42	-63.008000E-3	1.810000E-9	2.140000E-9	4.996000E-9	545.400000E-9	441.430000E-6	224.000000E+0	-5.275000E+0	4.325123E+3	NaN	NaN
	17/11/2022 17:09:49	-66.510000E-3	1.810000E-9	2.140000E-9	4.996000E-9	545.400000E-9	467.570000E-6	223.000000E+0	-5.163000E+0	4.325123E+3	NaN	NaN
	17/11/2022 17:09:56	-62.492000E-3	1.810000E-9	2.130000E-9	4.996000E-9	545.400000E-9	447.330000E-6	223.000000E+0	-5.275000E+0	4.325123E+3	NaN	NaN
	17/11/2022 17:10:03	-62.221000E-3	1.810000E-9	2.120000E-9	4.996000E-9	545.400000E-9	454.990000E-6	223.000000E+0	-5.163000E+0	4.325123E+3	NaN	NaN
	17/11/2022 17:10:10	-61.801000E-3	1.810000E-9	2.130000E-9	4.996000E-9	545.400000E-9	478.420000E-6	223.000000E+0	-5.275000E+0	4.325347E+3	NaN	NaN
	17/11/2022 17:10:17	-61.998000E-3	1.810000E-9	2.130000E-9	4.996000E-9	545.400000E-9	441.670000E-6	223.000000E+0	-5.275000E+0	4.325235E+3	NaN	NaN
	17/11/2022 17:10:25	-65.821000E-3	1.810000E-9	2.120000E-9	4.996000E-9	545.400000E-9	466.080000E-6	223.000000E+0	-5.163000E+0	4.324898E+3	NaN	NaN
	17/11/2022 17:10:32	-62.367000E-3	1.800000E-9	2.130000E-9	4.996000E-9	545.400000E-9	461.880000E-6	223.000000E+0	-5.163000E+0	4.324898E+3	NaN	NaN
	17/11/2022 17:10:39	-62.567000E-3	1.800000E-9	2.120000E-9	4.996000E-9	545.400000E-9	461.880000E-6	223.000000E+0	-5.163000E+0	4.324786E+3	NaN	NaN
	17/11/2022 17:10:46	-62.245000E-3	1.800000E-9	2.120000E-9	4.996000E-9	545.400000E-9	445.370000E-6	223.000000E+0	-5.163000E+0	4.324898E+3	NaN	NaN
	17/11/2022 17:10:53	-63.354000E-3	1.800000E-9	2.130000E-9	4.996000E-9	544.700000E-9	441.910000E-6	222.000000E+0	-5.275000E+0	4.324898E+3	NaN	NaN
	17/11/2022 17:11:01	-65.622000E-3	1.800000E-9	2.130000E-9	4.996000E-9	544.700000E-9	453.500000E-6	222.000000E+0	-5.050000E+0	4.324786E+3	NaN	NaN
	17/11/2022 17:11:08	-62.838000E-3	1.800000E-9	2.120000E-9	4.996000E-9	545.400000E-9	464.590000E-6	222.000000E+0	-5.163000E+0	4.324786E+3	NaN	NaN
	17/11/2022 17:11:15	-62.394000E-3	1.800000E-9	2.130000E-9	4.996000E-9	544.700000E-9	468.550000E-6	222.000000E+0	-5.163000E+0	4.324898E+3	NaN	NaN
	17/11/2022 17:11:22	-62.123000E-3	1.800000E-9	2.120000E-9	4.996000E-9	545.400000E-9	455.230000E-6	222.000000E+0	-5.275000E+0	4.324786E+3	NaN	NaN
	17/11/2022 17:11:29	-62.394000E-3	1.800000E-9	2.130000E-9	4.996000E-9	544.700000E-9	450.040000E-6	222.000000E+0	-5.275000E+0	4.324450E+3	NaN	NaN
	17/11/2022 17:11:36	-61.899000E-3	1.800000E-9	2.120000E-9	4.996000E-9	543.400000E-9	451.030000E-6	222.000000E+0	-5.275000E+0	4.324674E+3	NaN	NaN
	17/11/2022 17:11:44	-62.764000E-3	1.800000E-9	2.130000E-9	4.996000E-9	545.400000E-9	466.080000E-6	222.000000E+0	-5.387000E+0	4.324562E+3	NaN	NaN
	17/11/2022 17:11:51	-62.665000E-3	1.800000E-9	2.120000E-9	4.996000E-9	544.700000E-9	475.700000E-6	222.000000E+0	-5.050000E+0	4.324450E+3	NaN	NaN
	17/11/2022 17:11:58	-61.581000E-3	1.800000E-9	2.110000E-9	4.996000E-9	544.700000E-9	479.640000E-6	221.000000E+0	-5.275000E+0	4.324562E+3	NaN	NaN
	17/11/2022 17:12:05	-62.418000E-3	1.810000E-9	2.130000E-9	4.996000E-9	544.700000E-9	450.310000E-6	221.000000E+0	-5.275000E+0	4.324674E+3	NaN	NaN
	17/11/2022 17:12:12	-66.683000E-3	1.800000E-9	2.130000E-9	4.996000E-9	541.400000E-9	445.600000E-6	221.000000E+0	-5.050000E+0	4.324562E+3	NaN	NaN
	17/11/2022 17:12:19	-66.805000E-3	1.800000E-9	2.110000E-9	4.996000E-9	540.800000E-9	453.740000E-6	221.000000E+0	-5.275000E+0	4.324450E+3	NaN	NaN
	17/11/2022 17:12:27	-64.021000E-3	1.790000E-9	2.120000E-9	4.996000E-9	540.800000E-9	469.030000E-6	221.000000E+0	-5.275000E+0	4.324562E+3	NaN	NaN
	17/11/2022 17:12:34	-63.872000E-3	1.800000E-9	2.120000E-9	4.996000E-9	540.800000E-9	451.530000E-6	221.000000E+0	-5.163000E+0	4.324674E+3	NaN	NaN
	17/11/2022 17:12:41	-62.269000E-3	1.800000E-9	2.120000E-9	4.996000E-9	540.800000E-9	460.420000E-6	221.000000E+0	-5.050000E+0	4.324674E+3	NaN	NaN
	17/11/2022 17:12:48	-66.066000E-3	1.800000E-9	2.130000E-9	4.996000E-9	540.800000E-9	475.200000E-6	221.000000E+0	-5.163000E+0	4.324562E+3	NaN	NaN
	17/11/2022 17:12:55	-66.832000E-3	1.790000E-9	2.120000E-9	4.996000E-9	540.100000E-9	444.620000E-6	221.000000E+0	-5.275000E+0	4.324562E+3	NaN	NaN
	17/11/2022 17:13:03	-62.123000E-3	1.790000E-9	2.110000E-9	4.996000E-9	540.800000E-9	451.300000E-6	221.000000E+0	-5.163000E+0	4.324786E+3	NaN	NaN
	17/11/2022 17:13:10	-62.591000E-3	1.790000E-9	2.120000E-9	4.996000E-9	540.100000E-9	461.400000E-6	220.000000E+0	-5.050000E+0	4.324786E+3	NaN	NaN
	17/11/2022 17:13:17	-61.998000E-3	1.800000E-9	2.130000E-9	4.996000E-9	540.800000E-9	454.720000E-6	220.000000E+0	-5.275000E+0	4.324562E+3	NaN	NaN
	17/11/2022 17:13:24	-66.411000E-3	1.800000E-9	2.120000E-9	4.996000E-9	540.100000E-9	446.590000E-6	220.000000E+0	-5.050000E+0	4.324674E+3	NaN	NaN
	17/11/2022 17:13:31	-61.604000E-3	1.790000E-9	2.110000E-9	4.996000E-9	540.100000E-9	464.350000E-6	220.000000E+0	-5.387000E+0	4.324786E+3	NaN	NaN
	17/11/2022 17:13:39	-62.343000E-3	1.790000E-9	2.110000E-9	4.996000E-9	540.800000E-9	454.720000E-6	220.000000E+0	-5.163000E+0	4.324674E+3	NaN	NaN
	17/11/2022 17:13:46	-61.852000E-3	1.790000E-9	2.120000E-9	4.996000E-9	540.100000E-9	446.350000E-6	220.000000E+0	-5.050000E+0	4.324674E+3	NaN	NaN
	17/11/2022 17:13:53	-62.171000E-3	1.800000E-9	2.130000E-9	4.996000E-9	540.100000E-9	446.110000E-6	220.000000E+0	-5.163000E+0	4.324674E+3	NaN	NaN
	17/11/2022 17:14:00	-65.279000E-3	1.790000E-9	2.110000E-9	4.996000E-9	540.100000E-9	455.470000E-6	220.000000E+0	-5.275000E+0	4.324674E+3	NaN	NaN
	17/11/2022 17:14:07	-62.591000E-3	1.790000E-9	2.110000E-9	4.996000E-9	540.100000E-9	442.180000E-6	220.000000E+0	-5.163000E+0	4.324674E+3	NaN	NaN
	17/11/2022 17:14:14	-62.615000E-3	1.790000E-9	2.120000E-9	4.996000E-9	540.100000E-9	451.300000E-6	220.000000E+0	-5.163000E+0	4.324674E+3	NaN	NaN
	17/11/2022 17:14:22	-64.069000E-3	1.790000E-9	2.120000E-9	4.996000E-9	540.100000E-9	480.380000E-6	220.000000E+0	-5.050000E+0	4.324786E+3	NaN	NaN
	17/11/2022 17:14:29	-62.492000E-3	1.790000E-9	2.120000E-9	4.996000E-9	540.100000E-9	463.370000E-6	220.000000E+0	-5.050000E+0	4.324450E+3	NaN	NaN
	17/11/2022 17:14:36	-62.269000E-3	1.790000E-9	2.110000E-9	4.996000E-9	540.100000E-9	460.890000E-6	219.000000E+0	-5.050000E+0	4.324562E+3	NaN	NaN
	17/11/2022 17:14:43	-62.394000E-3	1.790000E-9	2.110000E-9	4.996000E-9	540.100000E-9	446.860000E-6	219.000000E+0	-4.938000E+0	4.324450E+3	NaN	NaN
	17/11/2022 17:14:50	-62.123000E-3	1.790000E-9	2.110000E-9	4.996000E-9	540.100000E-9	479.160000E-6	220.000000E+0	-5.050000E+0	4.324450E+3	NaN	NaN
	17/11/2022 17:14:58	-62.320000E-3	1.800000E-9	2.120000E-9	4.996000E-9	540.100000E-9	462.140000E-6	219.000000E+0	-5.275000E+0	4.324337E+3	NaN	NaN
	17/11/2022 17:15:05	-62.394000E-3	1.790000E-9	2.120000E-9	4.996000E-9	540.100000E-9	460.150000E-6	219.000000E+0	-5.163000E+0	4.324337E+3	NaN	NaN
	17/11/2022 17:15:12	-61.974000E-3	1.790000E-9	2.120000E-9	4.996000E-9	540.100000E-9	478.150000E-6	219.000000E+0	-5.050000E+0	4.324450E+3	NaN	NaN
	17/11/2022 17:15:19	-62.713000E-3	1.790000E-9	2.110000E-9	4.996000E-9	540.100000E-9	445.130000E-6	219.000000E+0	-5.163000E+0	4.324562E+3	NaN	NaN
	17/11/2022 17:15:26	-62.194000E-3	1.790000E-9	2.110000E-9	4.996000E-9	540.100000E-9	440.690000E-6	219.000000E+0	-5.050000E+0	4.324450E+3	NaN	NaN
	17/11/2022 17:15:34	-62.147000E-3	1.790000E-9	2.110000E-9	4.996000E-9	540.100000E-9	452.760000E-6	218.000000E+0	-5.050000E+0	4.324562E+3	NaN	NaN
	17/11/2022 17:15:41	-62.245000E-3	1.790000E-9	2.110000E-9	4.996000E-9	540.100000E-9	453.740000E-6	219.000000E+0	-5.050000E+0	4.324562E+3	NaN	NaN
	17/11/2022 17:15:48	-63.255000E-3	1.790000E-9	2.110000E-9	4.996000E-9	540.100000E-9	470.760000E-6	219.000000E+0	-5.163000E+0	4.324674E+3	NaN	NaN
	17/11/2022 17:15:55	-62.567000E-3	1.790000E-9	2.100000E-9	4.996000E-9	540.100000E-9	466.320000E-6	218.000000E+0	-5.163000E+0	4.324562E+3	NaN	NaN
	17/11/2022 17:16:02	-62.096000E-3	1.790000E-9	2.110000E-9	4.996000E-9	539.500000E-9	476.690000E-6	218.000000E+0	-5.275000E+0	4.324562E+3	NaN	NaN
	17/11/2022 17:16:09	-61.899000E-3	1.790000E-9	2.110000E-9	4.996000E-9	539.500000E-9	475.940000E-6	218.000000E+0	-5.275000E+0	4.324562E+3	NaN	NaN
	17/11/2022 17:16:17	-62.466000E-3	1.790000E-9	2.100000E-9	4.996000E-9	539.500000E-9	450.040000E-6	218.000000E+0	-5.275000E+0	4.324450E+3	NaN	NaN
	17/11/2022 17:16:24	-63.923000E-3	1.790000E-9	2.110000E-9	4.996000E-9	539.500000E-9	448.820000E-6	218.000000E+0	-5.275000E+0	4.324674E+3	NaN	NaN
	17/11/2022 17:16:31	-62.418000E-3	1.790000E-9	2.110000E-9	4.996000E-9	539.500000E-9	462.860000E-6	218.000000E+0	-5.275000E+0	4.324450E+3	NaN	NaN
	17/11/2022 17:16:38	-62.591000E-3	1.780000E-9	2.100000E-9	4.996000E-9	539.500000E-9	464.860000E-6	218.000000E+0	-5.163000E+0	4.324674E+3	NaN	NaN
	17/11/2022 17:16:45	-62.394000E-3	1.790000E-9	2.120000E-9	4.996000E-9	539.500000E-9	448.820000E-6	218.000000E+0	-5.163000E+0	4.324450E+3	NaN	NaN
	17/11/2022 17:16:53	-62.025000E-3	1.800000E-9	2.100000E-9	4.996000E-9	539.500000E-9	442.890000E-6	218.000000E+0	-4.938000E+0	4.324674E+3	NaN	NaN
	17/11/2022 17:17:00	-62.591000E-3	1.790000E-9	2.100000E-9	4.996000E-9	539.500000E-9	456.960000E-6	218.000000E+0	-5.050000E+0	4.324562E+3	NaN	NaN
	17/11/2022 17:17:07	-62.320000E-3	1.780000E-9	2.100000E-9	4.996000E-9	539.500000E-9	449.570000E-6	217.000000E+0	-5.163000E+0	4.324562E+3	NaN	NaN
	17/11/2022 17:17:14	-63.774000E-3	1.790000E-9	2.110000E-9	4.996000E-9	539.500000E-9	444.620000E-6	217.000000E+0	-5.163000E+0	4.324674E+3	NaN	NaN
	17/11/2022 17:17:21	-62.320000E-3	1.790000E-9	2.110000E-9	4.996000E-9	538.800000E-9	453.260000E-6	217.000000E+0	-5.275000E+0	4.324450E+3	NaN	NaN
	17/11/2022 17:17:28	-62.343000E-3	1.780000E-9	2.110000E-9	4.996000E-9	539.500000E-9	442.890000E-6	217.000000E+0	-5.275000E+0	4.324786E+3	NaN	NaN
	17/11/2022 17:17:36	-62.418000E-3	1.790000E-9	2.100000E-9	4.996000E-9	539.500000E-9	445.370000E-6	217.000000E+0	-5.163000E+0	4.324674E+3	NaN	NaN
	17/11/2022 17:17:43	-62.394000E-3	1.780000E-9	2.110000E-9	4.996000E-9	538.800000E-9	485.300000E-6	217.000000E+0	-5.163000E+0	4.324674E+3	NaN	NaN
	17/11/2022 17:17:50	-62.886000E-3	1.780000E-9	2.100000E-9	4.996000E-9	538.800000E-9	447.090000E-6	217.000000E+0	-5.163000E+0	4.324786E+3	NaN	NaN
	17/11/2022 17:17:57	-62.713000E-3	1.780000E-9	2.090000E-9	4.996000E-9	538.800000E-9	449.060000E-6	217.000000E+0	-5.163000E+0	4.324898E+3	NaN	NaN
	17/11/2022 17:18:04	-62.418000E-3	1.780000E-9	2.100000E-9	4.996000E-9	538.800000E-9	440.930000E-6	216.000000E+0	-5.050000E+0	4.324562E+3	NaN	NaN
	17/11/2022 17:18:12	-62.838000E-3	1.780000E-9	2.100000E-9	4.996000E-9	538.800000E-9	444.380000E-6	216.000000E+0	-5.050000E+0	4.324898E+3	NaN	NaN
	17/11/2022 17:18:19	-61.876000E-3	1.790000E-9	2.110000E-9	4.996000E-9	538.800000E-9	447.330000E-6	215.000000E+0	-5.387000E+0	4.324786E+3	NaN	NaN
	17/11/2022 17:18:26	-62.296000E-3	1.790000E-9	2.110000E-9	4.996000E-9	538.800000E-9	451.030000E-6	215.000000E+0	-5.050000E+0	4.324786E+3	NaN	NaN
	17/11/2022 17:18:33	-61.652000E-3	1.790000E-9	2.110000E-9	4.996000E-9	538.800000E-9	463.370000E-6	216.000000E+0	-5.163000E+0	4.324786E+3	NaN	NaN
	17/11/2022 17:18:40	-62.492000E-3	1.790000E-9	2.110000E-9	4.996000E-9	538.800000E-9	484.820000E-6	216.000000E+0	-5.050000E+0	4.324786E+3	NaN	NaN
	17/11/2022 17:18:48	-62.343000E-3	1.790000E-9	2.100000E-9	4.996000E-9	538.800000E-9	480.380000E-6	214.000000E+0	-5.163000E+0	4.324674E+3	NaN	NaN
	17/11/2022 17:18:55	-61.852000E-3	1.780000E-9	2.100000E-9	4.996000E-9	538.200000E-9	453.030000E-6	214.000000E+0	-5.275000E+0	4.324674E+3	NaN	NaN
	17/11/2022 17:19:02	-64.218000E-3	1.780000E-9	2.100000E-9	4.996000E-9	538.200000E-9	444.890000E-6	215.000000E+0	-5.163000E+0	4.324674E+3	NaN	NaN
	17/11/2022 17:19:09	-62.147000E-3	1.790000E-9	2.100000E-9	4.996000E-9	538.200000E-9	446.350000E-6	215.000000E+0	-5.163000E+0	4.324562E+3	NaN	NaN
	17/11/2022 17:19:16	-66.140000E-3	1.780000E-9	2.100000E-9	4.996000E-9	538.200000E-9	451.770000E-6	214.000000E+0	-5.050000E+0	4.324786E+3	NaN	NaN
	17/11/2022 17:19:23	-62.567000E-3	1.780000E-9	2.110000E-9	4.996000E-9	538.200000E-9	486.550000E-6	214.000000E+0	-5.163000E+0	4.324786E+3	NaN	NaN
	17/11/2022 17:19:31	-62.689000E-3	1.790000E-9	2.100000E-9	4.996000E-9	536.900000E-9	454.250000E-6	214.000000E+0	-5.275000E+0	4.324786E+3	NaN	NaN
	17/11/2022 17:19:38	-62.862000E-3	1.780000E-9	2.100000E-9	4.996000E-9	536.900000E-9	468.050000E-6	214.000000E+0	-5.050000E+0	4.324786E+3	NaN	NaN
	17/11/2022 17:19:45	-62.221000E-3	1.780000E-9	2.100000E-9	4.996000E-9	536.300000E-9	450.310000E-6	214.000000E+0	-5.050000E+0	4.324674E+3	NaN	NaN
	17/11/2022 17:19:52	-62.689000E-3	1.780000E-9	2.100000E-9	4.996000E-9	536.900000E-9	446.590000E-6	214.000000E+0	-5.387000E+0	4.324786E+3	NaN	NaN
	17/11/2022 17:19:59	-62.320000E-3	1.780000E-9	2.090000E-9	4.996000E-9	536.900000E-9	452.760000E-6	214.000000E+0	-5.163000E+0	4.324674E+3	NaN	NaN
	17/11/2022 17:20:07	-62.194000E-3	1.780000E-9	2.090000E-9	4.996000E-9	536.900000E-9	439.940000E-6	213.000000E+0	-5.275000E+0	4.324786E+3	NaN	NaN
	17/11/2022 17:20:14	-61.876000E-3	1.780000E-9	2.100000E-9	4.996000E-9	536.300000E-9	449.570000E-6	213.000000E+0	-5.050000E+0	4.324674E+3	NaN	NaN
	17/11/2022 17:20:21	-62.343000E-3	1.780000E-9	2.110000E-9	4.996000E-9	536.300000E-9	446.350000E-6	214.000000E+0	-5.275000E+0	4.325011E+3	NaN	NaN
	17/11/2022 17:20:28	-62.123000E-3	1.780000E-9	2.100000E-9	4.996000E-9	536.300000E-9	445.600000E-6	214.000000E+0	-5.163000E+0	4.324786E+3	NaN	NaN
	17/11/2022 17:20:35	-62.171000E-3	1.780000E-9	2.100000E-9	4.996000E-9	536.300000E-9	456.960000E-6	213.000000E+0	-5.050000E+0	4.324674E+3	NaN	NaN
	17/11/2022 17:20:43	-61.899000E-3	1.770000E-9	2.100000E-9	4.996000E-9	536.300000E-9	447.840000E-6	213.000000E+0	-5.163000E+0	4.324562E+3	NaN	NaN
	17/11/2022 17:20:50	-62.147000E-3	1.780000E-9	2.090000E-9	4.996000E-9	536.300000E-9	447.090000E-6	213.000000E+0	-5.163000E+0	4.324674E+3	NaN	NaN
	17/11/2022 17:20:57	-62.096000E-3	1.780000E-9	2.090000E-9	4.996000E-9	536.300000E-9	458.450000E-6	213.000000E+0	-5.050000E+0	4.324674E+3	NaN	NaN
	17/11/2022 17:21:04	-62.147000E-3	1.780000E-9	2.080000E-9	4.996000E-9	536.300000E-9	479.880000E-6	213.000000E+0	-5.275000E+0	4.324898E+3	NaN	NaN
	17/11/2022 17:21:11	-62.221000E-3	1.780000E-9	2.090000E-9	4.996000E-9	536.300000E-9	483.100000E-6	212.000000E+0	-5.275000E+0	4.324898E+3	NaN	NaN
	17/11/2022 17:21:18	-62.418000E-3	1.780000E-9	2.100000E-9	4.996000E-9	535.600000E-9	470.760000E-6	213.000000E+0	-4.938000E+0	4.324674E+3	NaN	NaN
	17/11/2022 17:21:26	-62.886000E-3	1.780000E-9	2.100000E-9	4.996000E-9	535.600000E-9	441.430000E-6	213.000000E+0	-5.163000E+0	4.324786E+3	NaN	NaN
	17/11/2022 17:21:33	-62.394000E-3	1.780000E-9	2.100000E-9	4.996000E-9	535.600000E-9	485.300000E-6	212.000000E+0	-5.163000E+0	4.324786E+3	NaN	NaN
	17/11/2022 17:21:40	-62.492000E-3	1.780000E-9	2.090000E-9	4.996000E-9	536.300000E-9	445.130000E-6	213.000000E+0	-5.163000E+0	4.324898E+3	NaN	NaN
	17/11/2022 17:21:47	-62.689000E-3	1.770000E-9	2.080000E-9	4.996000E-9	535.600000E-9	483.100000E-6	212.000000E+0	-5.163000E+0	4.325011E+3	NaN	NaN
	17/11/2022 17:21:54	-62.516000E-3	1.770000E-9	2.080000E-9	4.996000E-9	535.600000E-9	482.590000E-6	212.000000E+0	-5.275000E+0	4.324786E+3	NaN	NaN
	17/11/2022 17:22:02	-62.737000E-3	1.770000E-9	2.090000E-9	4.996000E-9	535.600000E-9	487.540000E-6	212.000000E+0	-5.275000E+0	4.324562E+3	NaN	NaN
	17/11/2022 17:22:09	-61.974000E-3	1.770000E-9	2.090000E-9	4.996000E-9	535.600000E-9	455.470000E-6	212.000000E+0	-5.275000E+0	4.324786E+3	NaN	NaN
	17/11/2022 17:22:16	-61.923000E-3	1.770000E-9	2.080000E-9	4.996000E-9	535.600000E-9	444.380000E-6	212.000000E+0	-5.163000E+0	4.324898E+3	NaN	NaN
	17/11/2022 17:22:23	-62.269000E-3	1.770000E-9	2.080000E-9	4.996000E-9	535.600000E-9	480.380000E-6	212.000000E+0	-5.163000E+0	4.324786E+3	NaN	NaN
	17/11/2022 17:22:30	-62.269000E-3	1.770000E-9	2.090000E-9	4.996000E-9	535.600000E-9	449.060000E-6	212.000000E+0	-5.163000E+0	4.324898E+3	NaN	NaN
	17/11/2022 17:22:38	-62.591000E-3	1.780000E-9	2.080000E-9	4.996000E-9	535.000000E-9	481.370000E-6	211.000000E+0	-5.163000E+0	4.324674E+3	NaN	NaN
	17/11/2022 17:22:45	-62.492000E-3	1.780000E-9	2.090000E-9	4.996000E-9	535.000000E-9	451.530000E-6	212.000000E+0	-5.163000E+0	4.324898E+3	NaN	NaN
	17/11/2022 17:22:52	-62.418000E-3	1.770000E-9	2.090000E-9	4.996000E-9	535.000000E-9	452.520000E-6	212.000000E+0	-5.163000E+0	4.324898E+3	NaN	NaN
	17/11/2022 17:22:59	-65.574000E-3	1.780000E-9	2.100000E-9	4.996000E-9	535.000000E-9	444.380000E-6	211.000000E+0	-5.050000E+0	4.324786E+3	NaN	NaN
	17/11/2022 17:23:06	-62.591000E-3	1.780000E-9	2.100000E-9	4.996000E-9	535.000000E-9	442.180000E-6	211.000000E+0	-5.163000E+0	4.324898E+3	NaN	NaN
	17/11/2022 17:23:14	-62.862000E-3	1.780000E-9	2.100000E-9	4.996000E-9	534.300000E-9	462.620000E-6	211.000000E+0	-5.050000E+0	4.324898E+3	NaN	NaN
	17/11/2022 17:23:21	-62.320000E-3	1.780000E-9	2.090000E-9	4.996000E-9	535.000000E-9	456.960000E-6	211.000000E+0	-5.163000E+0	4.324786E+3	NaN	NaN
	17/11/2022 17:23:28	-62.665000E-3	1.770000E-9	2.080000E-9	4.996000E-9	535.000000E-9	447.330000E-6	211.000000E+0	-5.275000E+0	4.324786E+3	NaN	NaN
	17/11/2022 17:23:35	-62.320000E-3	1.770000E-9	2.080000E-9	4.996000E-9	535.000000E-9	491.710000E-6	211.000000E+0	-5.050000E+0	4.324674E+3	NaN	NaN
	17/11/2022 17:23:42	-62.567000E-3	1.770000E-9	2.080000E-9	4.996000E-9	534.300000E-9	494.930000E-6	211.000000E+0	-5.275000E+0	4.324674E+3	NaN	NaN
	17/11/2022 17:23:49	-62.147000E-3	1.770000E-9	2.100000E-9	4.996000E-9	534.300000E-9	489.000000E-6	211.000000E+0	-5.163000E+0	4.324562E+3	NaN	NaN
	17/11/2022 17:23:57	-62.418000E-3	1.770000E-9	2.090000E-9	4.996000E-9	534.300000E-9	491.470000E-6	211.000000E+0	-5.163000E+0	4.324898E+3	NaN	NaN
	17/11/2022 17:24:04	-62.343000E-3	1.770000E-9	2.080000E-9	4.996000E-9	534.300000E-9	515.880000E-6	211.000000E+0	-5.275000E+0	4.324898E+3	NaN	NaN
	17/11/2022 17:24:11	-62.466000E-3	1.770000E-9	2.080000E-9	4.996000E-9	534.300000E-9	484.080000E-6	210.000000E+0	-5.163000E+0	4.324786E+3	NaN	NaN
	17/11/2022 17:24:18	-62.591000E-3	1.770000E-9	2.080000E-9	4.996000E-9	534.300000E-9	527.470000E-6	210.000000E+0	-5.275000E+0	4.324898E+3	NaN	NaN
	17/11/2022 17:24:25	-62.591000E-3	1.770000E-9	2.090000E-9	4.996000E-9	534.300000E-9	448.820000E-6	210.000000E+0	-5.163000E+0	4.324674E+3	NaN	NaN
	17/11/2022 17:24:33	-62.937000E-3	1.770000E-9	2.080000E-9	4.996000E-9	534.300000E-9	487.770000E-6	211.000000E+0	-5.050000E+0	4.324786E+3	NaN	NaN
	17/11/2022 17:24:40	-62.567000E-3	1.770000E-9	2.080000E-9	4.996000E-9	534.300000E-9	481.370000E-6	210.000000E+0	-5.163000E+0	4.324786E+3	NaN	NaN
	17/11/2022 17:24:47	-62.194000E-3	1.760000E-9	2.070000E-9	4.996000E-9	533.700000E-9	446.350000E-6	210.000000E+0	-5.275000E+0	4.324898E+3	NaN	NaN
	17/11/2022 17:24:54	-62.343000E-3	1.770000E-9	2.080000E-9	4.996000E-9	534.300000E-9	485.570000E-6	210.000000E+0	-5.163000E+0	4.324786E+3	NaN	NaN
	17/11/2022 17:25:01	-64.465000E-3	1.760000E-9	2.080000E-9	4.996000E-9	533.700000E-9	504.290000E-6	210.000000E+0	-5.163000E+0	4.324898E+3	NaN	NaN
	17/11/2022 17:25:08	-62.296000E-3	1.760000E-9	2.070000E-9	4.996000E-9	533.700000E-9	513.910000E-6	210.000000E+0	-5.275000E+0	4.324674E+3	NaN	NaN
	17/11/2022 17:25:16	-62.689000E-3	1.760000E-9	2.070000E-9	4.996000E-9	533.700000E-9	492.960000E-6	210.000000E+0	-5.163000E+0	4.324898E+3	NaN	NaN
	17/11/2022 17:25:23	-62.567000E-3	1.760000E-9	2.070000E-9	4.996000E-9	533.700000E-9	497.640000E-6	210.000000E+0	-5.275000E+0	4.324786E+3	NaN	NaN
	17/11/2022 17:25:30	-62.171000E-3	1.760000E-9	2.060000E-9	4.996000E-9	533.700000E-9	509.980000E-6	210.000000E+0	-5.275000E+0	4.324674E+3	NaN	NaN
	17/11/2022 17:25:37	-62.442000E-3	1.760000E-9	2.080000E-9	4.996000E-9	533.700000E-9	492.450000E-6	209.000000E+0	-5.050000E+0	4.324898E+3	NaN	NaN
	17/11/2022 17:25:44	-63.995000E-3	1.760000E-9	2.070000E-9	4.996000E-9	533.700000E-9	515.400000E-6	209.000000E+0	-5.275000E+0	4.324450E+3	NaN	NaN
	17/11/2022 17:25:51	-64.439000E-3	1.760000E-9	2.080000E-9	4.996000E-9	533.700000E-9	475.440000E-6	210.000000E+0	-5.163000E+0	4.324674E+3	NaN	NaN
	17/11/2022 17:25:58	-62.811000E-3	1.760000E-9	2.070000E-9	4.996000E-9	533.700000E-9	458.180000E-6	210.000000E+0	-5.163000E+0	4.324898E+3	NaN	NaN
	17/11/2022 17:26:06	-62.394000E-3	1.760000E-9	2.070000E-9	4.996000E-9	533.700000E-9	472.990000E-6	209.000000E+0	-5.275000E+0	4.324674E+3	NaN	NaN
	17/11/2022 17:26:13	-62.442000E-3	1.760000E-9	2.060000E-9	4.996000E-9	533.700000E-9	445.130000E-6	209.000000E+0	-5.163000E+0	4.324674E+3	NaN	NaN
	17/11/2022 17:26:20	-64.144000E-3	1.750000E-9	2.070000E-9	4.996000E-9	533.700000E-9	448.580000E-6	209.000000E+0	-5.050000E+0	4.324674E+3	NaN	NaN
	17/11/2022 17:26:27	-62.886000E-3	1.760000E-9	2.070000E-9	4.996000E-9	533.700000E-9	487.540000E-6	209.000000E+0	-5.163000E+0	4.324674E+3	NaN	NaN
	17/11/2022 17:26:34	-63.279000E-3	1.760000E-9	2.070000E-9	4.996000E-9	533.700000E-9	482.350000E-6	209.000000E+0	-5.163000E+0	4.324786E+3	NaN	NaN
	17/11/2022 17:26:42	-62.269000E-3	1.750000E-9	2.070000E-9	4.996000E-9	533.700000E-9	483.330000E-6	209.000000E+0	-5.163000E+0	4.324674E+3	NaN	NaN
	17/11/2022 17:26:49	-66.510000E-3	1.760000E-9	2.070000E-9	4.996000E-9	533.700000E-9	489.740000E-6	209.000000E+0	-5.050000E+0	4.324674E+3	NaN	NaN
	17/11/2022 17:26:56	-61.753000E-3	2.320000E-9	3.930000E-9	4.996000E-9	533.700000E-9	483.330000E-6	208.000000E+0	-5.499000E+0	4.325011E+3	NaN	NaN
	17/11/2022 17:27:03	-66.388000E-3	11.400000E-9	21.000000E-9	11.060000E-9	535.000000E-9	484.590000E-6	209.000000E+0	-5.275000E+0	4.325011E+3	NaN	NaN
	17/11/2022 17:27:10	-65.893000E-3	3.630000E-9	4.850000E-9	4.996000E-9	535.000000E-9	441.910000E-6	209.000000E+0	-5.163000E+0	4.325235E+3	NaN	NaN
	17/11/2022 17:27:17	-64.933000E-3	2.520000E-9	3.620000E-9	4.996000E-9	535.000000E-9	446.590000E-6	209.000000E+0	-5.050000E+0	4.325347E+3	NaN	NaN
	17/11/2022 17:27:25	-62.886000E-3	2.300000E-9	3.180000E-9	4.996000E-9	535.000000E-9	446.590000E-6	208.000000E+0	-5.050000E+0	4.325235E+3	NaN	NaN
	17/11/2022 17:27:32	-62.123000E-3	2.190000E-9	2.950000E-9	4.996000E-9	535.600000E-9	450.040000E-6	208.000000E+0	-5.275000E+0	4.325347E+3	NaN	NaN
	17/11/2022 17:27:39	-62.296000E-3	2.120000E-9	2.810000E-9	4.996000E-9	535.000000E-9	450.790000E-6	208.000000E+0	-5.275000E+0	4.325235E+3	NaN	NaN
	17/11/2022 17:27:46	-66.140000E-3	2.080000E-9	2.720000E-9	4.996000E-9	535.000000E-9	444.140000E-6	208.000000E+0	-5.163000E+0	4.325347E+3	NaN	NaN
	17/11/2022 17:27:53	-62.492000E-3	2.040000E-9	2.660000E-9	4.996000E-9	535.000000E-9	448.320000E-6	208.000000E+0	-5.050000E+0	4.325347E+3	NaN	NaN
	17/11/2022 17:28:01	-61.876000E-3	2.010000E-9	2.600000E-9	4.996000E-9	535.000000E-9	445.370000E-6	208.000000E+0	-5.275000E+0	4.325235E+3	NaN	NaN
	17/11/2022 17:28:08	-62.394000E-3	2.000000E-9	2.550000E-9	4.996000E-9	535.000000E-9	448.080000E-6	208.000000E+0	-5.050000E+0	4.325235E+3	NaN	NaN
	17/11/2022 17:28:15	-62.788000E-3	1.970000E-9	2.510000E-9	4.996000E-9	534.300000E-9	454.720000E-6	208.000000E+0	-5.163000E+0	4.325460E+3	NaN	NaN
	17/11/2022 17:28:22	-62.320000E-3	1.960000E-9	2.480000E-9	4.996000E-9	534.300000E-9	462.620000E-6	208.000000E+0	-5.275000E+0	4.325460E+3	NaN	NaN
	17/11/2022 17:28:29	-62.615000E-3	1.950000E-9	2.470000E-9	4.996000E-9	534.300000E-9	466.080000E-6	208.000000E+0	-5.163000E+0	4.325235E+3	NaN	NaN
	17/11/2022 17:28:37	-62.862000E-3	1.940000E-9	2.440000E-9	4.996000E-9	534.300000E-9	459.670000E-6	208.000000E+0	-5.163000E+0	4.325123E+3	NaN	NaN
	17/11/2022 17:28:44	-63.008000E-3	1.930000E-9	2.420000E-9	4.996000E-9	534.300000E-9	440.690000E-6	208.000000E+0	-5.387000E+0	4.325123E+3	NaN	NaN
	17/11/2022 17:28:51	-62.269000E-3	1.920000E-9	2.400000E-9	4.996000E-9	534.300000E-9	472.990000E-6	207.000000E+0	-5.163000E+0	4.325011E+3	NaN	NaN
	17/11/2022 17:28:58	-62.394000E-3	1.910000E-9	2.380000E-9	4.996000E-9	534.300000E-9	457.200000E-6	208.000000E+0	-5.275000E+0	4.325011E+3	NaN	NaN
	17/11/2022 17:29:05	-62.367000E-3	1.900000E-9	2.360000E-9	4.996000E-9	534.300000E-9	471.500000E-6	207.000000E+0	-5.163000E+0	4.324562E+3	NaN	NaN
	17/11/2022 17:29:12	-61.581000E-3	1.900000E-9	2.360000E-9	4.996000E-9	534.300000E-9	446.590000E-6	207.000000E+0	-5.050000E+0	4.324562E+3	NaN	NaN
	17/11/2022 17:29:20	-62.245000E-3	1.890000E-9	2.350000E-9	4.996000E-9	533.700000E-9	466.590000E-6	207.000000E+0	-5.275000E+0	4.324562E+3	NaN	NaN
	17/11/2022 17:29:27	-61.923000E-3	1.890000E-9	2.340000E-9	4.996000E-9	533.700000E-9	473.230000E-6	207.000000E+0	-5.050000E+0	4.324562E+3	NaN	NaN
	17/11/2022 17:29:34	-62.194000E-3	1.880000E-9	2.320000E-9	4.996000E-9	533.700000E-9	438.960000E-6	207.000000E+0	-5.163000E+0	4.324786E+3	NaN	NaN
	17/11/2022 17:29:41	-61.950000E-3	1.880000E-9	2.320000E-9	4.996000E-9	533.100000E-9	446.860000E-6	207.000000E+0	-5.163000E+0	4.324786E+3	NaN	NaN
	17/11/2022 17:29:48	-62.221000E-3	1.870000E-9	2.320000E-9	4.996000E-9	533.100000E-9	437.970000E-6	207.000000E+0	-5.163000E+0	4.324898E+3	NaN	NaN
	17/11/2022 17:29:56	-62.123000E-3	1.870000E-9	2.310000E-9	4.996000E-9	533.100000E-9	440.930000E-6	207.000000E+0	-5.163000E+0	4.325123E+3	NaN	NaN
	17/11/2022 17:30:03	-61.974000E-3	1.870000E-9	2.300000E-9	4.996000E-9	533.100000E-9	483.840000E-6	207.000000E+0	-5.163000E+0	4.325123E+3	NaN	NaN
	17/11/2022 17:30:10	-63.279000E-3	1.860000E-9	2.290000E-9	4.996000E-9	533.100000E-9	442.890000E-6	206.000000E+0	-5.163000E+0	4.325011E+3	NaN	NaN
	17/11/2022 17:30:17	-62.343000E-3	1.870000E-9	2.280000E-9	4.996000E-9	531.800000E-9	449.060000E-6	207.000000E+0	-5.163000E+0	4.325011E+3	NaN	NaN
	17/11/2022 17:30:24	-62.615000E-3	1.860000E-9	2.270000E-9	4.996000E-9	532.400000E-9	465.100000E-6	207.000000E+0	-5.163000E+0	4.325235E+3	NaN	NaN
	17/11/2022 17:30:31	-66.510000E-3	1.860000E-9	2.270000E-9	4.996000E-9	531.800000E-9	440.690000E-6	206.000000E+0	-5.163000E+0	4.324898E+3	NaN	NaN
	17/11/2022 17:30:39	-61.876000E-3	1.860000E-9	2.270000E-9	4.996000E-9	532.400000E-9	480.860000E-6	206.000000E+0	-5.163000E+0	4.324562E+3	NaN	NaN
	17/11/2022 17:30:46	-62.221000E-3	1.850000E-9	2.270000E-9	4.996000E-9	532.400000E-9	484.320000E-6	206.000000E+0	-5.163000E+0	4.324562E+3	NaN	NaN
	17/11/2022 17:30:53	-62.418000E-3	1.850000E-9	2.260000E-9	4.996000E-9	532.400000E-9	485.570000E-6	206.000000E+0	-5.275000E+0	4.324674E+3	NaN	NaN
	17/11/2022 17:31:00	-62.296000E-3	1.850000E-9	2.260000E-9	4.996000E-9	531.800000E-9	481.130000E-6	206.000000E+0	-5.499000E+0	4.324674E+3	NaN	NaN
	17/11/2022 17:31:07	-63.723000E-3	1.840000E-9	2.260000E-9	4.996000E-9	531.800000E-9	442.180000E-6	206.000000E+0	-5.387000E+0	4.324674E+3	NaN	NaN
	17/11/2022 17:31:15	-62.492000E-3	1.840000E-9	2.250000E-9	4.996000E-9	531.800000E-9	458.690000E-6	206.000000E+0	-5.163000E+0	4.324786E+3	NaN	NaN
	17/11/2022 17:31:22	-62.665000E-3	1.840000E-9	2.240000E-9	4.996000E-9	531.800000E-9	479.160000E-6	206.000000E+0	-5.163000E+0	4.324674E+3	NaN	NaN
	17/11/2022 17:31:29	-62.516000E-3	1.840000E-9	2.230000E-9	4.996000E-9	531.800000E-9	463.130000E-6	206.000000E+0	-5.163000E+0	4.324674E+3	NaN	NaN
	17/11/2022 17:31:36	-62.320000E-3	1.840000E-9	2.240000E-9	4.996000E-9	531.100000E-9	460.890000E-6	206.000000E+0	-5.275000E+0	4.324674E+3	NaN	NaN
	17/11/2022 17:31:43	-66.140000E-3	1.840000E-9	2.240000E-9	4.996000E-9	531.100000E-9	471.260000E-6	205.000000E+0	-5.163000E+0	4.324674E+3	NaN	NaN
	17/11/2022 17:31:50	-62.639000E-3	1.840000E-9	2.230000E-9	4.996000E-9	531.100000E-9	479.400000E-6	206.000000E+0	-5.163000E+0	4.324674E+3	NaN	NaN
	17/11/2022 17:31:57	-62.269000E-3	1.830000E-9	2.230000E-9	4.996000E-9	531.100000E-9	471.500000E-6	206.000000E+0	-5.163000E+0	4.324898E+3	NaN	NaN
	17/11/2022 17:32:05	-62.296000E-3	1.840000E-9	2.230000E-9	4.996000E-9	531.100000E-9	460.420000E-6	206.000000E+0	-5.163000E+0	4.325011E+3	NaN	NaN
	17/11/2022 17:32:12	-63.035000E-3	1.830000E-9	2.220000E-9	4.996000E-9	531.100000E-9	485.570000E-6	205.000000E+0	-5.275000E+0	4.325123E+3	NaN	NaN
	17/11/2022 17:32:19	-62.689000E-3	1.830000E-9	2.230000E-9	4.996000E-9	530.500000E-9	465.840000E-6	205.000000E+0	-5.275000E+0	4.324898E+3	NaN	NaN
	17/11/2022 17:32:26	-62.296000E-3	1.830000E-9	2.220000E-9	4.996000E-9	531.100000E-9	470.010000E-6	205.000000E+0	-5.275000E+0	4.325235E+3	NaN	NaN
	17/11/2022 17:32:33	-62.466000E-3	1.830000E-9	2.210000E-9	4.996000E-9	530.500000E-9	475.940000E-6	205.000000E+0	-4.938000E+0	4.325123E+3	NaN	NaN
	17/11/2022 17:32:41	-62.639000E-3	1.830000E-9	2.220000E-9	4.996000E-9	531.100000E-9	447.600000E-6	205.000000E+0	-5.163000E+0	4.325011E+3	NaN	NaN
	17/11/2022 17:32:48	-66.313000E-3	1.820000E-9	2.210000E-9	4.996000E-9	530.500000E-9	447.330000E-6	205.000000E+0	-5.163000E+0	4.325011E+3	NaN	NaN
	17/11/2022 17:32:55	-66.388000E-3	1.820000E-9	2.200000E-9	4.996000E-9	531.100000E-9	475.700000E-6	205.000000E+0	-5.050000E+0	4.325011E+3	NaN	NaN
	17/11/2022 17:33:02	-62.937000E-3	1.820000E-9	2.210000E-9	4.996000E-9	530.500000E-9	464.350000E-6	205.000000E+0	-5.275000E+0	4.325235E+3	NaN	NaN
	17/11/2022 17:33:09	-65.649000E-3	1.820000E-9	2.210000E-9	4.996000E-9	530.500000E-9	441.910000E-6	205.000000E+0	-5.275000E+0	4.325235E+3	NaN	NaN
	17/11/2022 17:33:16	-62.516000E-3	1.820000E-9	2.200000E-9	4.996000E-9	530.500000E-9	459.910000E-6	205.000000E+0	-5.163000E+0	4.325235E+3	NaN	NaN
	17/11/2022 17:33:24	-62.147000E-3	1.820000E-9	2.200000E-9	4.996000E-9	530.500000E-9	452.280000E-6	205.000000E+0	-5.275000E+0	4.325235E+3	NaN	NaN
