Live comments	Time	injection 100mbar	Barion_2	Barion_1	DUAL experiment	DUAL insulation	injection 1mbar	helium	T-platinum	T-CERNOX	I_emission	I_grid
	13/12/2022 17:31:14	-46.295000E-3	2.540000E-9	1.640000E-9	4.996000E-9	491.900000E-9	352.460000E-3	197.000000E+0	-5.163000E+0	4.288086E+3	NaN	NaN
	13/12/2022 17:31:21	-47.451000E-3	2.900000E-9	1.680000E-9	4.996000E-9	491.900000E-9	352.450000E-3	197.000000E+0	-5.275000E+0	4.288198E+3	NaN	NaN
	13/12/2022 17:31:28	-46.614000E-3	2.900000E-9	1.640000E-9	4.996000E-9	491.900000E-9	352.440000E-3	197.000000E+0	-5.050000E+0	4.286403E+3	NaN	NaN
	13/12/2022 17:31:35	-50.953000E-3	2.400000E-9	1.860000E-9	4.996000E-9	473.300000E-9	352.450000E-3	196.000000E+0	-5.275000E+0	4.286739E+3	NaN	NaN
	13/12/2022 17:31:42	-46.468000E-3	1.140000E-9	603.000000E-12	4.996000E-9	468.800000E-9	352.440000E-3	196.000000E+0	-5.163000E+0	4.286515E+3	NaN	NaN
	13/12/2022 17:31:50	-46.122000E-3	1.100000E-9	553.000000E-12	4.996000E-9	468.200000E-9	352.450000E-3	196.000000E+0	-5.163000E+0	4.286178E+3	NaN	NaN
	13/12/2022 17:31:57	-46.787000E-3	1.090000E-9	537.000000E-12	4.996000E-9	467.700000E-9	352.440000E-3	196.000000E+0	-5.163000E+0	4.285729E+3	NaN	NaN
	13/12/2022 17:32:04	-46.787000E-3	1.080000E-9	528.000000E-12	4.996000E-9	467.100000E-9	352.440000E-3	195.000000E+0	-5.163000E+0	4.285505E+3	NaN	NaN
	13/12/2022 17:32:11	-46.417000E-3	1.070000E-9	521.000000E-12	4.996000E-9	464.300000E-9	352.450000E-3	195.000000E+0	-5.050000E+0	4.285505E+3	NaN	NaN
	13/12/2022 17:32:18	-46.393000E-3	1.060000E-9	516.000000E-12	4.996000E-9	467.100000E-9	352.450000E-3	195.000000E+0	-5.163000E+0	4.285168E+3	NaN	NaN
	13/12/2022 17:32:25	-45.949000E-3	1.070000E-9	513.000000E-12	4.996000E-9	463.800000E-9	352.440000E-3	195.000000E+0	-5.387000E+0	4.285056E+3	NaN	NaN
	13/12/2022 17:32:33	-46.739000E-3	1.060000E-9	511.000000E-12	4.996000E-9	463.800000E-9	352.440000E-3	195.000000E+0	-5.163000E+0	4.284831E+3	NaN	NaN
	13/12/2022 17:32:40	-49.078000E-3	1.060000E-9	509.000000E-12	4.996000E-9	468.800000E-9	352.450000E-3	195.000000E+0	-5.275000E+0	4.284607E+3	NaN	NaN
	13/12/2022 17:32:47	-48.241000E-3	1.050000E-9	507.000000E-12	4.996000E-9	467.700000E-9	352.440000E-3	194.000000E+0	-5.275000E+0	4.284831E+3	NaN	NaN
	13/12/2022 17:32:54	-46.638000E-3	1.050000E-9	505.000000E-12	4.996000E-9	467.100000E-9	352.430000E-3	194.000000E+0	-5.163000E+0	4.284607E+3	NaN	NaN
	13/12/2022 17:33:01	-46.566000E-3	1.050000E-9	503.000000E-12	4.996000E-9	467.100000E-9	352.440000E-3	194.000000E+0	-5.163000E+0	4.284607E+3	NaN	NaN
	13/12/2022 17:33:09	-46.441000E-3	1.050000E-9	502.000000E-12	4.996000E-9	467.700000E-9	352.460000E-3	194.000000E+0	-5.163000E+0	4.284382E+3	NaN	NaN
	13/12/2022 17:33:16	-46.393000E-3	1.050000E-9	501.000000E-12	4.996000E-9	467.700000E-9	352.450000E-3	194.000000E+0	-5.163000E+0	4.284270E+3	NaN	NaN
	13/12/2022 17:33:23	-46.220000E-3	1.040000E-9	500.000000E-12	4.996000E-9	467.700000E-9	352.450000E-3	193.000000E+0	-5.275000E+0	4.284270E+3	NaN	NaN
	13/12/2022 17:33:30	-46.244000E-3	1.050000E-9	498.000000E-12	4.996000E-9	467.700000E-9	352.440000E-3	193.000000E+0	-5.275000E+0	4.284158E+3	NaN	NaN
	13/12/2022 17:33:37	-45.949000E-3	1.050000E-9	498.000000E-12	4.996000E-9	467.700000E-9	352.440000E-3	193.000000E+0	-5.163000E+0	4.284158E+3	NaN	NaN
	13/12/2022 17:33:44	-46.441000E-3	1.040000E-9	497.000000E-12	4.996000E-9	467.700000E-9	352.450000E-3	193.000000E+0	-5.050000E+0	4.284270E+3	NaN	NaN
	13/12/2022 17:33:52	-46.614000E-3	1.040000E-9	496.000000E-12	4.996000E-9	467.700000E-9	352.430000E-3	192.000000E+0	-5.499000E+0	4.284046E+3	NaN	NaN
	13/12/2022 17:33:59	-46.614000E-3	1.040000E-9	496.000000E-12	4.996000E-9	467.700000E-9	352.450000E-3	192.000000E+0	-5.163000E+0	4.284046E+3	NaN	NaN
	13/12/2022 17:34:06	-46.244000E-3	1.050000E-9	496.000000E-12	4.996000E-9	467.700000E-9	352.440000E-3	192.000000E+0	-5.275000E+0	4.284046E+3	NaN	NaN
	13/12/2022 17:34:13	-46.664000E-3	1.040000E-9	494.000000E-12	4.996000E-9	467.700000E-9	352.430000E-3	191.000000E+0	-5.163000E+0	4.284158E+3	NaN	NaN
	13/12/2022 17:34:20	-46.787000E-3	1.040000E-9	494.000000E-12	4.996000E-9	467.700000E-9	352.440000E-3	191.000000E+0	-5.163000E+0	4.284158E+3	NaN	NaN
	13/12/2022 17:34:27	-46.638000E-3	1.040000E-9	493.000000E-12	4.996000E-9	467.700000E-9	352.440000E-3	191.000000E+0	-5.163000E+0	4.284158E+3	NaN	NaN
	13/12/2022 17:34:34	-46.590000E-3	1.040000E-9	494.000000E-12	4.996000E-9	468.200000E-9	352.430000E-3	191.000000E+0	-5.387000E+0	4.284270E+3	NaN	NaN
	13/12/2022 17:34:42	-46.146000E-3	1.040000E-9	492.000000E-12	4.996000E-9	468.200000E-9	352.430000E-3	190.000000E+0	-5.163000E+0	4.284270E+3	NaN	NaN
	13/12/2022 17:34:49	-46.441000E-3	1.040000E-9	493.000000E-12	4.996000E-9	468.200000E-9	352.430000E-3	190.000000E+0	-5.163000E+0	4.284270E+3	NaN	NaN
	13/12/2022 17:34:56	-46.441000E-3	1.040000E-9	492.000000E-12	4.996000E-9	468.200000E-9	352.450000E-3	190.000000E+0	-5.275000E+0	4.284270E+3	NaN	NaN
	13/12/2022 17:35:03	-46.244000E-3	1.030000E-9	491.000000E-12	4.996000E-9	468.800000E-9	352.430000E-3	189.000000E+0	-5.275000E+0	4.284382E+3	NaN	NaN
	13/12/2022 17:35:10	-46.441000E-3	1.030000E-9	490.000000E-12	4.996000E-9	468.200000E-9	352.440000E-3	189.000000E+0	-5.387000E+0	4.284270E+3	NaN	NaN
	13/12/2022 17:35:17	-46.244000E-3	1.030000E-9	491.000000E-12	4.996000E-9	468.800000E-9	352.440000E-3	189.000000E+0	-5.163000E+0	4.284158E+3	NaN	NaN
	13/12/2022 17:35:25	-46.861000E-3	1.030000E-9	491.000000E-12	4.996000E-9	468.800000E-9	352.440000E-3	188.000000E+0	-5.387000E+0	4.284495E+3	NaN	NaN
	13/12/2022 17:35:32	-46.590000E-3	1.030000E-9	490.000000E-12	4.996000E-9	468.800000E-9	352.440000E-3	188.000000E+0	-5.163000E+0	4.284382E+3	NaN	NaN
	13/12/2022 17:35:39	-46.739000E-3	1.030000E-9	489.000000E-12	4.996000E-9	468.800000E-9	352.440000E-3	187.000000E+0	-5.163000E+0	4.284382E+3	NaN	NaN
	13/12/2022 17:35:46	-46.393000E-3	1.030000E-9	490.000000E-12	4.996000E-9	469.300000E-9	352.430000E-3	187.000000E+0	-5.163000E+0	4.284270E+3	NaN	NaN
	13/12/2022 17:35:53	-46.295000E-3	1.030000E-9	489.000000E-12	4.996000E-9	468.800000E-9	352.440000E-3	187.000000E+0	-5.275000E+0	4.284495E+3	NaN	NaN
	13/12/2022 17:36:01	-46.197000E-3	1.030000E-9	486.000000E-12	4.996000E-9	469.300000E-9	352.440000E-3	187.000000E+0	-5.387000E+0	4.284607E+3	NaN	NaN
	13/12/2022 17:36:08	-46.417000E-3	1.030000E-9	486.000000E-12	4.996000E-9	469.300000E-9	352.450000E-3	186.000000E+0	-5.050000E+0	4.284607E+3	NaN	NaN
	13/12/2022 17:36:15	-46.590000E-3	1.030000E-9	487.000000E-12	4.996000E-9	469.300000E-9	352.440000E-3	186.000000E+0	-5.163000E+0	4.284607E+3	NaN	NaN
	13/12/2022 17:36:22	-46.366000E-3	1.020000E-9	487.000000E-12	4.996000E-9	469.900000E-9	352.440000E-3	185.000000E+0	-5.163000E+0	4.284719E+3	NaN	NaN
	13/12/2022 17:36:29	-46.295000E-3	1.030000E-9	486.000000E-12	4.996000E-9	470.500000E-9	352.440000E-3	184.000000E+0	-5.163000E+0	4.284831E+3	NaN	NaN
	13/12/2022 17:36:36	-46.712000E-3	1.030000E-9	486.000000E-12	4.996000E-9	470.500000E-9	352.440000E-3	184.000000E+0	-5.050000E+0	4.284719E+3	NaN	NaN
	13/12/2022 17:36:44	-46.739000E-3	1.020000E-9	486.000000E-12	4.996000E-9	471.000000E-9	352.440000E-3	184.000000E+0	-5.275000E+0	4.284944E+3	NaN	NaN
	13/12/2022 17:36:51	-48.882000E-3	1.020000E-9	487.000000E-12	4.996000E-9	470.500000E-9	352.440000E-3	183.000000E+0	-5.275000E+0	4.284831E+3	NaN	NaN
	13/12/2022 17:36:58	-46.366000E-3	1.030000E-9	486.000000E-12	4.996000E-9	477.300000E-9	352.440000E-3	183.000000E+0	-5.275000E+0	4.284831E+3	NaN	NaN
	13/12/2022 17:37:05	-46.638000E-3	1.020000E-9	486.000000E-12	4.996000E-9	471.000000E-9	352.430000E-3	182.000000E+0	-5.387000E+0	4.284944E+3	NaN	NaN
	13/12/2022 17:37:12	-46.960000E-3	1.020000E-9	485.000000E-12	4.996000E-9	470.500000E-9	352.440000E-3	182.000000E+0	-5.163000E+0	4.284831E+3	NaN	NaN
	13/12/2022 17:37:20	-46.441000E-3	1.020000E-9	484.000000E-12	4.996000E-9	471.000000E-9	352.440000E-3	181.000000E+0	-5.275000E+0	4.285056E+3	NaN	NaN
	13/12/2022 17:37:27	-46.492000E-3	1.020000E-9	484.000000E-12	4.996000E-9	470.500000E-9	352.450000E-3	181.000000E+0	-5.050000E+0	4.285056E+3	NaN	NaN
	13/12/2022 17:37:34	-46.343000E-3	1.020000E-9	484.000000E-12	4.996000E-9	471.000000E-9	352.440000E-3	180.000000E+0	-5.163000E+0	4.284944E+3	NaN	NaN
	13/12/2022 17:37:41	-46.468000E-3	1.030000E-9	484.000000E-12	4.996000E-9	471.000000E-9	352.440000E-3	180.000000E+0	-5.050000E+0	4.285168E+3	NaN	NaN
	13/12/2022 17:37:48	-47.922000E-3	1.020000E-9	484.000000E-12	4.996000E-9	472.800000E-9	352.460000E-3	179.000000E+0	-5.163000E+0	4.285056E+3	NaN	NaN
	13/12/2022 17:37:56	-46.468000E-3	1.020000E-9	483.000000E-12	4.996000E-9	472.200000E-9	352.440000E-3	179.000000E+0	-5.163000E+0	4.285168E+3	NaN	NaN
	13/12/2022 17:38:03	-46.095000E-3	1.020000E-9	483.000000E-12	4.996000E-9	472.200000E-9	352.450000E-3	178.000000E+0	-5.163000E+0	4.285168E+3	NaN	NaN
	13/12/2022 17:38:10	-46.739000E-3	1.020000E-9	482.000000E-12	4.996000E-9	472.200000E-9	352.440000E-3	178.000000E+0	-5.163000E+0	4.285056E+3	NaN	NaN
	13/12/2022 17:38:17	-46.492000E-3	1.020000E-9	483.000000E-12	4.996000E-9	472.200000E-9	352.440000E-3	177.000000E+0	-5.163000E+0	4.285280E+3	NaN	NaN
	13/12/2022 17:38:24	-46.885000E-3	1.010000E-9	483.000000E-12	4.996000E-9	472.200000E-9	352.440000E-3	177.000000E+0	-5.275000E+0	4.285392E+3	NaN	NaN
	13/12/2022 17:38:32	-46.590000E-3	1.020000E-9	483.000000E-12	4.996000E-9	472.200000E-9	352.460000E-3	176.000000E+0	-5.275000E+0	4.285168E+3	NaN	NaN
	13/12/2022 17:38:39	-46.787000E-3	1.020000E-9	483.000000E-12	4.996000E-9	472.200000E-9	352.440000E-3	176.000000E+0	-5.163000E+0	4.285280E+3	NaN	NaN
	13/12/2022 17:38:46	-46.244000E-3	1.010000E-9	482.000000E-12	4.996000E-9	471.600000E-9	352.440000E-3	175.000000E+0	-5.050000E+0	4.285168E+3	NaN	NaN
	13/12/2022 17:38:53	-45.973000E-3	1.020000E-9	483.000000E-12	4.996000E-9	472.200000E-9	352.460000E-3	175.000000E+0	-5.275000E+0	4.285392E+3	NaN	NaN
	13/12/2022 17:39:00	-46.688000E-3	1.020000E-9	487.000000E-12	4.996000E-9	472.200000E-9	352.460000E-3	174.000000E+0	-5.275000E+0	4.285280E+3	NaN	NaN
	13/12/2022 17:39:07	-46.566000E-3	1.030000E-9	493.000000E-12	4.996000E-9	472.200000E-9	352.440000E-3	174.000000E+0	-5.275000E+0	4.285392E+3	NaN	NaN
	13/12/2022 17:39:15	-46.492000E-3	1.030000E-9	490.000000E-12	4.996000E-9	471.600000E-9	352.440000E-3	174.000000E+0	-5.387000E+0	4.285617E+3	NaN	NaN
	13/12/2022 17:39:22	-46.343000E-3	1.030000E-9	488.000000E-12	4.996000E-9	471.600000E-9	352.440000E-3	173.000000E+0	-5.387000E+0	4.285617E+3	NaN	NaN
	13/12/2022 17:39:29	-46.366000E-3	1.020000E-9	488.000000E-12	4.996000E-9	471.600000E-9	352.450000E-3	173.000000E+0	-5.275000E+0	4.285954E+3	NaN	NaN
	13/12/2022 17:39:36	-46.539000E-3	1.020000E-9	487.000000E-12	4.996000E-9	471.000000E-9	352.440000E-3	172.000000E+0	-5.275000E+0	4.286066E+3	NaN	NaN
	13/12/2022 17:39:43	-46.095000E-3	1.030000E-9	487.000000E-12	4.996000E-9	471.000000E-9	352.440000E-3	172.000000E+0	-5.163000E+0	4.286515E+3	NaN	NaN
	13/12/2022 17:39:51	-46.071000E-3	1.020000E-9	486.000000E-12	4.996000E-9	471.600000E-9	352.460000E-3	171.000000E+0	-5.050000E+0	4.286515E+3	NaN	NaN
	13/12/2022 17:39:58	-46.366000E-3	1.020000E-9	485.000000E-12	4.996000E-9	471.000000E-9	352.440000E-3	171.000000E+0	-5.275000E+0	4.286739E+3	NaN	NaN
	13/12/2022 17:40:05	-46.244000E-3	1.020000E-9	484.000000E-12	4.996000E-9	471.000000E-9	352.450000E-3	170.000000E+0	-5.387000E+0	4.286739E+3	NaN	NaN
	13/12/2022 17:40:12	-46.688000E-3	1.010000E-9	485.000000E-12	4.996000E-9	471.000000E-9	352.460000E-3	170.000000E+0	-5.163000E+0	4.286739E+3	NaN	NaN
	13/12/2022 17:40:19	-49.078000E-3	1.020000E-9	483.000000E-12	4.996000E-9	471.000000E-9	352.450000E-3	169.000000E+0	-5.163000E+0	4.286739E+3	NaN	NaN
	13/12/2022 17:40:27	-49.821000E-3	1.020000E-9	483.000000E-12	4.996000E-9	471.600000E-9	352.440000E-3	169.000000E+0	-5.163000E+0	4.287188E+3	NaN	NaN
	13/12/2022 17:40:34	-46.638000E-3	1.010000E-9	483.000000E-12	4.996000E-9	471.000000E-9	352.440000E-3	168.000000E+0	-5.163000E+0	4.286964E+3	NaN	NaN
	13/12/2022 17:40:41	-46.048000E-3	1.010000E-9	482.000000E-12	4.996000E-9	471.600000E-9	352.450000E-3	168.000000E+0	-5.275000E+0	4.287188E+3	NaN	NaN
	13/12/2022 17:40:48	-46.048000E-3	1.010000E-9	481.000000E-12	4.996000E-9	471.600000E-9	352.440000E-3	167.000000E+0	-5.275000E+0	4.287188E+3	NaN	NaN
	13/12/2022 17:40:55	-46.539000E-3	1.010000E-9	480.000000E-12	4.996000E-9	471.000000E-9	352.450000E-3	167.000000E+0	-5.275000E+0	4.287525E+3	NaN	NaN
	13/12/2022 17:41:03	-50.116000E-3	1.010000E-9	481.000000E-12	4.996000E-9	471.600000E-9	352.480000E-3	167.000000E+0	-5.387000E+0	4.287413E+3	NaN	NaN
	13/12/2022 17:41:10	-45.824000E-3	1.010000E-9	481.000000E-12	4.996000E-9	471.600000E-9	352.430000E-3	166.000000E+0	-5.275000E+0	4.287413E+3	NaN	NaN
	13/12/2022 17:41:17	-46.739000E-3	1.010000E-9	481.000000E-12	4.996000E-9	471.600000E-9	352.450000E-3	165.000000E+0	-5.050000E+0	4.287525E+3	NaN	NaN
	13/12/2022 17:41:24	-45.753000E-3	1.010000E-9	482.000000E-12	4.996000E-9	471.600000E-9	352.470000E-3	164.000000E+0	-5.163000E+0	4.287637E+3	NaN	NaN
	13/12/2022 17:41:31	-46.515000E-3	1.010000E-9	481.000000E-12	4.996000E-9	471.000000E-9	352.450000E-3	164.000000E+0	-5.163000E+0	4.287637E+3	NaN	NaN
	13/12/2022 17:41:38	-46.393000E-3	1.010000E-9	480.000000E-12	4.996000E-9	471.600000E-9	352.450000E-3	164.000000E+0	-5.275000E+0	4.287862E+3	NaN	NaN
	13/12/2022 17:41:46	-46.688000E-3	1.010000E-9	480.000000E-12	4.996000E-9	471.600000E-9	352.460000E-3	164.000000E+0	-5.163000E+0	4.287862E+3	NaN	NaN
	13/12/2022 17:41:53	-46.048000E-3	1.010000E-9	479.000000E-12	4.996000E-9	471.000000E-9	352.440000E-3	163.000000E+0	-5.163000E+0	4.287749E+3	NaN	NaN
	13/12/2022 17:42:00	-46.343000E-3	1.010000E-9	479.000000E-12	4.996000E-9	471.000000E-9	352.440000E-3	163.000000E+0	-5.275000E+0	4.288198E+3	NaN	NaN
	13/12/2022 17:42:07	-45.875000E-3	1.000000E-9	479.000000E-12	4.996000E-9	471.000000E-9	352.440000E-3	162.000000E+0	-5.050000E+0	4.288086E+3	NaN	NaN
	13/12/2022 17:42:14	-46.492000E-3	1.000000E-9	480.000000E-12	4.996000E-9	471.000000E-9	352.450000E-3	162.000000E+0	-5.050000E+0	4.288198E+3	NaN	NaN
	13/12/2022 17:42:22	-46.319000E-3	1.010000E-9	478.000000E-12	4.996000E-9	471.000000E-9	352.440000E-3	161.000000E+0	-4.938000E+0	4.288311E+3	NaN	NaN
	13/12/2022 17:42:29	-46.343000E-3	1.010000E-9	478.000000E-12	4.996000E-9	471.000000E-9	352.440000E-3	160.000000E+0	-5.275000E+0	4.288086E+3	NaN	NaN
	13/12/2022 17:42:36	-46.095000E-3	999.000000E-12	478.000000E-12	4.996000E-9	471.000000E-9	352.440000E-3	160.000000E+0	-5.050000E+0	4.288311E+3	NaN	NaN
	13/12/2022 17:42:43	-46.566000E-3	1.000000E-9	480.000000E-12	4.996000E-9	471.000000E-9	352.440000E-3	160.000000E+0	-5.275000E+0	4.288311E+3	NaN	NaN
	13/12/2022 17:42:50	-46.343000E-3	1.010000E-9	479.000000E-12	4.996000E-9	471.000000E-9	352.440000E-3	160.000000E+0	-5.050000E+0	4.288535E+3	NaN	NaN
	13/12/2022 17:42:57	-46.319000E-3	1.000000E-9	478.000000E-12	4.996000E-9	470.500000E-9	352.440000E-3	159.000000E+0	-5.163000E+0	4.288535E+3	NaN	NaN
	13/12/2022 17:43:05	-46.268000E-3	1.000000E-9	479.000000E-12	4.996000E-9	469.900000E-9	352.440000E-3	158.000000E+0	-5.163000E+0	4.288423E+3	NaN	NaN
	13/12/2022 17:43:12	-46.393000E-3	999.000000E-12	477.000000E-12	4.996000E-9	470.500000E-9	352.440000E-3	158.000000E+0	-5.275000E+0	4.288423E+3	NaN	NaN
	13/12/2022 17:43:19	-46.837000E-3	1.010000E-9	476.000000E-12	4.996000E-9	470.500000E-9	352.430000E-3	158.000000E+0	-5.275000E+0	4.288647E+3	NaN	NaN
	13/12/2022 17:43:26	-46.071000E-3	998.000000E-12	477.000000E-12	4.996000E-9	470.500000E-9	352.430000E-3	157.000000E+0	-5.275000E+0	4.288647E+3	NaN	NaN
	13/12/2022 17:43:33	-48.834000E-3	1.000000E-9	476.000000E-12	4.996000E-9	470.500000E-9	352.440000E-3	157.000000E+0	-5.163000E+0	4.288423E+3	NaN	NaN
	13/12/2022 17:43:41	-46.515000E-3	1.010000E-9	476.000000E-12	4.996000E-9	471.000000E-9	352.440000E-3	157.000000E+0	-5.275000E+0	4.288535E+3	NaN	NaN
	13/12/2022 17:43:48	-46.319000E-3	997.000000E-12	477.000000E-12	4.996000E-9	471.000000E-9	352.440000E-3	156.000000E+0	-5.050000E+0	4.288423E+3	NaN	NaN
	13/12/2022 17:43:55	-46.885000E-3	999.000000E-12	477.000000E-12	4.996000E-9	470.500000E-9	352.440000E-3	156.000000E+0	-5.163000E+0	4.288535E+3	NaN	NaN
	13/12/2022 17:44:02	-46.295000E-3	1.000000E-9	476.000000E-12	4.996000E-9	470.500000E-9	352.440000E-3	155.000000E+0	-4.938000E+0	4.288535E+3	NaN	NaN
	13/12/2022 17:44:09	-46.861000E-3	996.000000E-12	476.000000E-12	4.996000E-9	469.300000E-9	352.450000E-3	155.000000E+0	-5.163000E+0	4.288535E+3	NaN	NaN
	13/12/2022 17:44:17	-46.739000E-3	999.000000E-12	475.000000E-12	4.996000E-9	469.900000E-9	352.440000E-3	155.000000E+0	-5.163000E+0	4.288535E+3	NaN	NaN
	13/12/2022 17:44:24	-46.739000E-3	1.000000E-9	476.000000E-12	4.996000E-9	468.800000E-9	352.440000E-3	154.000000E+0	-5.275000E+0	4.288423E+3	NaN	NaN
	13/12/2022 17:44:31	-46.048000E-3	997.000000E-12	475.000000E-12	4.996000E-9	469.900000E-9	352.440000E-3	154.000000E+0	-5.050000E+0	4.288647E+3	NaN	NaN
	13/12/2022 17:44:38	-46.146000E-3	998.000000E-12	475.000000E-12	4.996000E-9	469.300000E-9	352.440000E-3	153.000000E+0	-5.275000E+0	4.288423E+3	NaN	NaN
	13/12/2022 17:44:45	-46.590000E-3	993.000000E-12	474.000000E-12	4.996000E-9	469.300000E-9	352.440000E-3	153.000000E+0	-5.163000E+0	4.288423E+3	NaN	NaN
	13/12/2022 17:44:52	-46.787000E-3	1.000000E-9	474.000000E-12	4.996000E-9	469.300000E-9	352.440000E-3	153.000000E+0	-5.275000E+0	4.288423E+3	NaN	NaN
	13/12/2022 17:45:00	-46.319000E-3	994.000000E-12	475.000000E-12	4.996000E-9	469.300000E-9	352.440000E-3	152.000000E+0	-5.163000E+0	4.288535E+3	NaN	NaN
	13/12/2022 17:45:07	-46.539000E-3	995.000000E-12	474.000000E-12	4.996000E-9	469.300000E-9	352.440000E-3	151.000000E+0	-5.163000E+0	4.288423E+3	NaN	NaN
	13/12/2022 17:45:14	-46.664000E-3	998.000000E-12	474.000000E-12	4.996000E-9	468.800000E-9	352.440000E-3	151.000000E+0	-5.275000E+0	4.288423E+3	NaN	NaN
	13/12/2022 17:45:21	-46.688000E-3	999.000000E-12	474.000000E-12	4.996000E-9	468.800000E-9	352.430000E-3	150.000000E+0	-5.387000E+0	4.288198E+3	NaN	NaN
	13/12/2022 17:45:28	-46.566000E-3	994.000000E-12	472.000000E-12	4.996000E-9	468.800000E-9	352.440000E-3	150.000000E+0	-5.163000E+0	4.288311E+3	NaN	NaN
	13/12/2022 17:45:36	-46.811000E-3	987.000000E-12	472.000000E-12	4.996000E-9	468.800000E-9	352.440000E-3	149.000000E+0	-5.499000E+0	4.288311E+3	NaN	NaN
	13/12/2022 17:45:43	-45.949000E-3	998.000000E-12	472.000000E-12	4.996000E-9	468.800000E-9	352.440000E-3	149.000000E+0	-5.163000E+0	4.288311E+3	NaN	NaN
	13/12/2022 17:45:50	-46.787000E-3	994.000000E-12	471.000000E-12	4.996000E-9	468.200000E-9	352.440000E-3	149.000000E+0	-5.163000E+0	4.288198E+3	NaN	NaN
	13/12/2022 17:45:57	-42.570000E-3	988.000000E-12	471.000000E-12	4.996000E-9	468.800000E-9	352.440000E-3	148.000000E+0	-5.163000E+0	4.288086E+3	NaN	NaN
	13/12/2022 17:46:04	-42.176000E-3	996.000000E-12	471.000000E-12	4.996000E-9	468.200000E-9	352.440000E-3	148.000000E+0	-5.163000E+0	4.288086E+3	NaN	NaN
	13/12/2022 17:46:12	-41.980000E-3	992.000000E-12	471.000000E-12	4.996000E-9	468.800000E-9	352.440000E-3	148.000000E+0	-5.163000E+0	4.288311E+3	NaN	NaN
	13/12/2022 17:46:19	-43.261000E-3	985.000000E-12	471.000000E-12	4.996000E-9	468.800000E-9	352.440000E-3	147.000000E+0	-5.163000E+0	4.288423E+3	NaN	NaN
	13/12/2022 17:46:26	-42.349000E-3	993.000000E-12	471.000000E-12	4.996000E-9	468.200000E-9	352.430000E-3	147.000000E+0	-5.050000E+0	4.288311E+3	NaN	NaN
	13/12/2022 17:46:33	-42.546000E-3	989.000000E-12	470.000000E-12	4.996000E-9	468.200000E-9	352.440000E-3	147.000000E+0	-5.163000E+0	4.288198E+3	NaN	NaN
	13/12/2022 17:46:40	-42.447000E-3	983.000000E-12	471.000000E-12	4.996000E-9	468.200000E-9	352.440000E-3	146.000000E+0	-5.163000E+0	4.288423E+3	NaN	NaN
	13/12/2022 17:46:48	-42.176000E-3	992.000000E-12	470.000000E-12	4.996000E-9	468.200000E-9	352.440000E-3	146.000000E+0	-5.050000E+0	4.288423E+3	NaN	NaN
	13/12/2022 17:46:55	-42.498000E-3	988.000000E-12	469.000000E-12	4.996000E-9	468.200000E-9	352.440000E-3	145.000000E+0	-5.387000E+0	4.288086E+3	NaN	NaN
	13/12/2022 17:47:02	-42.298000E-3	989.000000E-12	469.000000E-12	4.996000E-9	468.200000E-9	352.440000E-3	144.000000E+0	-5.050000E+0	4.288311E+3	NaN	NaN
	13/12/2022 17:47:09	-42.596000E-3	988.000000E-12	469.000000E-12	4.996000E-9	468.200000E-9	352.440000E-3	144.000000E+0	-5.050000E+0	4.288086E+3	NaN	NaN
	13/12/2022 17:47:16	-42.620000E-3	985.000000E-12	469.000000E-12	4.996000E-9	468.200000E-9	352.440000E-3	144.000000E+0	-5.163000E+0	4.288198E+3	NaN	NaN
	13/12/2022 17:47:23	-42.325000E-3	990.000000E-12	468.000000E-12	4.996000E-9	468.200000E-9	352.440000E-3	144.000000E+0	-5.050000E+0	4.288198E+3	NaN	NaN
	13/12/2022 17:47:31	-43.139000E-3	982.000000E-12	468.000000E-12	4.996000E-9	468.200000E-9	352.430000E-3	143.000000E+0	-5.387000E+0	4.288423E+3	NaN	NaN
	13/12/2022 17:47:38	-42.275000E-3	985.000000E-12	468.000000E-12	4.996000E-9	467.700000E-9	352.440000E-3	142.000000E+0	-5.163000E+0	4.288535E+3	NaN	NaN
	13/12/2022 17:47:45	-42.546000E-3	990.000000E-12	469.000000E-12	4.996000E-9	467.700000E-9	352.440000E-3	142.000000E+0	-5.163000E+0	4.288423E+3	NaN	NaN
	13/12/2022 17:47:52	-42.003000E-3	987.000000E-12	469.000000E-12	4.996000E-9	467.700000E-9	352.440000E-3	142.000000E+0	-5.387000E+0	4.288311E+3	NaN	NaN
	13/12/2022 17:47:59	-42.644000E-3	991.000000E-12	468.000000E-12	4.996000E-9	467.700000E-9	352.440000E-3	141.000000E+0	-5.387000E+0	4.288311E+3	NaN	NaN
	13/12/2022 17:48:07	-42.742000E-3	984.000000E-12	468.000000E-12	4.996000E-9	467.700000E-9	352.430000E-3	141.000000E+0	-5.499000E+0	4.288311E+3	NaN	NaN
	13/12/2022 17:48:14	-42.817000E-3	985.000000E-12	469.000000E-12	4.996000E-9	467.700000E-9	352.440000E-3	141.000000E+0	-5.163000E+0	4.288311E+3	NaN	NaN
	13/12/2022 17:48:21	-42.227000E-3	983.000000E-12	494.000000E-12	4.996000E-9	467.700000E-9	352.440000E-3	140.000000E+0	-5.275000E+0	4.288086E+3	NaN	NaN
	13/12/2022 17:48:28	-42.596000E-3	2.930000E-9	2.790000E-9	4.996000E-9	466.500000E-9	352.440000E-3	140.000000E+0	-5.163000E+0	4.288198E+3	NaN	NaN
	13/12/2022 17:48:35	-42.841000E-3	1.280000E-9	981.000000E-12	4.996000E-9	467.700000E-9	352.440000E-3	139.000000E+0	-5.163000E+0	4.288198E+3	NaN	NaN
	13/12/2022 17:48:42	-42.298000E-3	1.150000E-9	780.000000E-12	4.996000E-9	467.100000E-9	352.440000E-3	139.000000E+0	-5.163000E+0	4.288311E+3	NaN	NaN
	13/12/2022 17:48:49	-42.644000E-3	1.110000E-9	698.000000E-12	4.996000E-9	467.700000E-9	352.440000E-3	138.000000E+0	-5.387000E+0	4.288198E+3	NaN	NaN
	13/12/2022 17:48:57	-43.014000E-3	1.090000E-9	652.000000E-12	4.996000E-9	468.200000E-9	352.420000E-3	138.000000E+0	-5.163000E+0	4.288311E+3	NaN	NaN
	13/12/2022 17:49:04	-42.769000E-3	1.070000E-9	622.000000E-12	4.996000E-9	467.700000E-9	352.440000E-3	137.000000E+0	-5.275000E+0	4.288198E+3	NaN	NaN
	13/12/2022 17:49:11	-42.942000E-3	1.060000E-9	600.000000E-12	4.996000E-9	468.200000E-9	352.440000E-3	136.000000E+0	-5.275000E+0	4.288311E+3	NaN	NaN
	13/12/2022 17:49:18	-42.349000E-3	1.050000E-9	583.000000E-12	4.996000E-9	468.200000E-9	352.430000E-3	136.000000E+0	-5.275000E+0	4.288198E+3	NaN	NaN
	13/12/2022 17:49:25	-42.570000E-3	1.050000E-9	565.000000E-12	4.996000E-9	468.200000E-9	352.430000E-3	135.000000E+0	-5.050000E+0	4.288311E+3	NaN	NaN
	13/12/2022 17:49:33	-46.244000E-3	1.040000E-9	572.000000E-12	4.996000E-9	468.200000E-9	352.440000E-3	135.000000E+0	-5.387000E+0	4.288086E+3	NaN	NaN
	13/12/2022 17:49:40	-42.298000E-3	1.040000E-9	565.000000E-12	4.996000E-9	468.200000E-9	352.440000E-3	134.000000E+0	-5.275000E+0	4.287749E+3	NaN	NaN
	13/12/2022 17:49:47	-42.892000E-3	1.040000E-9	559.000000E-12	4.996000E-9	468.200000E-9	352.440000E-3	134.000000E+0	-5.163000E+0	4.273608E+3	NaN	NaN
	13/12/2022 17:49:54	-46.638000E-3	1.030000E-9	552.000000E-12	4.996000E-9	468.200000E-9	352.440000E-3	133.000000E+0	-5.163000E+0	4.261487E+3	NaN	NaN
	13/12/2022 17:50:01	-42.817000E-3	1.030000E-9	548.000000E-12	4.996000E-9	468.200000E-9	352.430000E-3	132.000000E+0	-5.499000E+0	4.258457E+3	NaN	NaN
	13/12/2022 17:50:09	-42.671000E-3	1.020000E-9	543.000000E-12	4.996000E-9	467.700000E-9	352.440000E-3	132.000000E+0	-5.163000E+0	4.256661E+3	NaN	NaN
	13/12/2022 17:50:16	-45.627000E-3	1.410000E-9	2.320000E-9	4.996000E-9	467.700000E-9	352.430000E-3	131.000000E+0	-5.163000E+0	4.259691E+3	NaN	NaN
	13/12/2022 17:50:23	-42.275000E-3	2.370000E-9	2.480000E-9	4.996000E-9	475.600000E-9	352.440000E-3	131.000000E+0	-5.163000E+0	4.252059E+3	NaN	NaN
	13/12/2022 17:50:30	-43.285000E-3	1.350000E-9	1.080000E-9	4.996000E-9	472.200000E-9	352.440000E-3	130.000000E+0	-5.275000E+0	4.251386E+3	NaN	NaN
	13/12/2022 17:50:37	-42.447000E-3	1.170000E-9	820.000000E-12	4.996000E-9	471.600000E-9	352.440000E-3	130.000000E+0	-5.163000E+0	4.250937E+3	NaN	NaN
	13/12/2022 17:50:45	-42.719000E-3	1.130000E-9	741.000000E-12	4.996000E-9	471.600000E-9	352.440000E-3	129.000000E+0	-5.275000E+0	4.249253E+3	NaN	NaN
	13/12/2022 17:50:52	-42.942000E-3	1.100000E-9	697.000000E-12	4.996000E-9	471.000000E-9	352.440000E-3	129.000000E+0	-5.163000E+0	4.248580E+3	NaN	NaN
	13/12/2022 17:50:59	-42.841000E-3	1.090000E-9	670.000000E-12	4.996000E-9	471.000000E-9	352.400000E-3	129.000000E+0	-5.050000E+0	4.247682E+3	NaN	NaN
	13/12/2022 17:51:06	-42.793000E-3	1.090000E-9	652.000000E-12	4.996000E-9	470.500000E-9	352.410000E-3	128.000000E+0	-5.163000E+0	4.246784E+3	NaN	NaN
	13/12/2022 17:51:13	-42.966000E-3	1.070000E-9	633.000000E-12	4.996000E-9	470.500000E-9	352.410000E-3	127.000000E+0	-5.275000E+0	4.246448E+3	NaN	NaN
	13/12/2022 17:51:21	-42.570000E-3	1.060000E-9	617.000000E-12	4.996000E-9	470.500000E-9	352.420000E-3	127.000000E+0	-5.163000E+0	4.245550E+3	NaN	NaN
	13/12/2022 17:51:28	-42.152000E-3	1.060000E-9	605.000000E-12	4.996000E-9	469.300000E-9	352.440000E-3	127.000000E+0	-5.163000E+0	4.244876E+3	NaN	NaN
	13/12/2022 17:51:35	-42.695000E-3	1.050000E-9	595.000000E-12	4.996000E-9	468.800000E-9	352.410000E-3	126.000000E+0	-5.275000E+0	4.243866E+3	NaN	NaN
	13/12/2022 17:51:42	-42.251000E-3	1.050000E-9	596.000000E-12	4.996000E-9	469.300000E-9	352.400000E-3	126.000000E+0	-5.275000E+0	4.243305E+3	NaN	NaN
	13/12/2022 17:51:49	-42.892000E-3	1.050000E-9	590.000000E-12	4.996000E-9	472.800000E-9	352.430000E-3	125.000000E+0	-5.050000E+0	4.242520E+3	NaN	NaN
	13/12/2022 17:51:57	-42.471000E-3	1.040000E-9	583.000000E-12	4.996000E-9	469.900000E-9	352.410000E-3	125.000000E+0	-5.163000E+0	4.241509E+3	NaN	NaN
	13/12/2022 17:52:04	-42.719000E-3	1.040000E-9	578.000000E-12	4.996000E-9	468.800000E-9	352.410000E-3	124.000000E+0	-5.163000E+0	4.240836E+3	NaN	NaN
	13/12/2022 17:52:11	-41.929000E-3	1.040000E-9	574.000000E-12	4.996000E-9	468.800000E-9	352.400000E-3	123.000000E+0	-5.275000E+0	4.239938E+3	NaN	NaN
	13/12/2022 17:52:18	-42.546000E-3	1.040000E-9	570.000000E-12	4.996000E-9	468.800000E-9	352.390000E-3	122.000000E+0	-5.275000E+0	4.238928E+3	NaN	NaN
	13/12/2022 17:52:25	-42.129000E-3	1.040000E-9	566.000000E-12	4.996000E-9	468.800000E-9	352.400000E-3	122.000000E+0	-5.499000E+0	4.237918E+3	NaN	NaN
	13/12/2022 17:52:33	-42.275000E-3	1.030000E-9	564.000000E-12	4.996000E-9	468.200000E-9	352.400000E-3	121.000000E+0	-5.163000E+0	4.237806E+3	NaN	NaN
	13/12/2022 17:52:40	-42.054000E-3	1.030000E-9	560.000000E-12	4.996000E-9	468.200000E-9	352.400000E-3	121.000000E+0	-5.163000E+0	4.237020E+3	NaN	NaN
	13/12/2022 17:52:47	-42.915000E-3	1.030000E-9	556.000000E-12	4.996000E-9	468.200000E-9	352.410000E-3	120.000000E+0	-5.050000E+0	4.235449E+3	NaN	NaN
	13/12/2022 17:52:54	-42.793000E-3	1.030000E-9	553.000000E-12	4.996000E-9	468.200000E-9	352.400000E-3	120.000000E+0	-5.275000E+0	4.233765E+3	NaN	NaN
	13/12/2022 17:53:01	-42.447000E-3	1.020000E-9	551.000000E-12	4.996000E-9	468.200000E-9	352.410000E-3	119.000000E+0	-5.387000E+0	4.232531E+3	NaN	NaN
	13/12/2022 17:53:09	-42.719000E-3	1.020000E-9	548.000000E-12	4.996000E-9	468.200000E-9	352.420000E-3	119.000000E+0	-5.050000E+0	4.231184E+3	NaN	NaN
	13/12/2022 17:53:16	-46.468000E-3	1.030000E-9	547.000000E-12	4.996000E-9	467.700000E-9	352.410000E-3	118.000000E+0	-5.163000E+0	4.230062E+3	NaN	NaN
	13/12/2022 17:53:23	-46.268000E-3	1.030000E-9	544.000000E-12	4.996000E-9	467.700000E-9	352.430000E-3	118.000000E+0	-5.275000E+0	4.228603E+3	NaN	NaN
	13/12/2022 17:53:30	-46.739000E-3	1.020000E-9	543.000000E-12	4.996000E-9	467.700000E-9	352.400000E-3	116.000000E+0	-5.387000E+0	4.227480E+3	NaN	NaN
	13/12/2022 17:53:37	-46.441000E-3	1.020000E-9	540.000000E-12	4.996000E-9	467.700000E-9	352.400000E-3	116.000000E+0	-5.163000E+0	4.226134E+3	NaN	NaN
	13/12/2022 17:53:44	-46.417000E-3	1.020000E-9	538.000000E-12	4.996000E-9	467.700000E-9	352.430000E-3	115.000000E+0	-5.275000E+0	4.225348E+3	NaN	NaN
	13/12/2022 17:53:52	-46.811000E-3	1.020000E-9	536.000000E-12	4.996000E-9	467.700000E-9	352.430000E-3	115.000000E+0	-5.163000E+0	4.224226E+3	NaN	NaN
	13/12/2022 17:53:59	-42.915000E-3	1.020000E-9	536.000000E-12	4.996000E-9	467.700000E-9	352.400000E-3	114.000000E+0	-5.050000E+0	4.222879E+3	NaN	NaN
	13/12/2022 17:54:06	-42.176000E-3	1.010000E-9	534.000000E-12	4.996000E-9	467.700000E-9	352.400000E-3	113.000000E+0	-5.050000E+0	4.221083E+3	NaN	NaN
	13/12/2022 17:54:13	-42.349000E-3	1.010000E-9	531.000000E-12	4.996000E-9	470.500000E-9	352.400000E-3	113.000000E+0	-5.163000E+0	4.219512E+3	NaN	NaN
	13/12/2022 17:54:20	-42.671000E-3	1.010000E-9	530.000000E-12	4.996000E-9	468.200000E-9	352.400000E-3	112.000000E+0	-5.387000E+0	4.219175E+3	NaN	NaN
	13/12/2022 17:54:28	-42.400000E-3	1.020000E-9	527.000000E-12	4.996000E-9	468.200000E-9	352.400000E-3	112.000000E+0	-5.163000E+0	4.217267E+3	NaN	NaN
	13/12/2022 17:54:35	-41.831000E-3	1.010000E-9	527.000000E-12	4.996000E-9	468.200000E-9	352.410000E-3	111.000000E+0	-5.275000E+0	4.214686E+3	NaN	NaN
	13/12/2022 17:54:42	-42.522000E-3	1.010000E-9	526.000000E-12	4.996000E-9	467.700000E-9	352.400000E-3	111.000000E+0	-5.163000E+0	4.214574E+3	NaN	NaN
	13/12/2022 17:54:49	-42.298000E-3	1.010000E-9	527.000000E-12	4.996000E-9	467.700000E-9	352.400000E-3	110.000000E+0	-5.163000E+0	4.212553E+3	NaN	NaN
	13/12/2022 17:54:56	-41.807000E-3	1.010000E-9	524.000000E-12	4.996000E-9	467.700000E-9	352.400000E-3	110.000000E+0	-5.050000E+0	4.210645E+3	NaN	NaN
	13/12/2022 17:55:04	-42.373000E-3	1.010000E-9	522.000000E-12	4.996000E-9	467.700000E-9	352.400000E-3	109.000000E+0	-5.050000E+0	4.209074E+3	NaN	NaN
	13/12/2022 17:55:11	-42.325000E-3	1.000000E-9	521.000000E-12	4.996000E-9	467.700000E-9	352.400000E-3	108.000000E+0	-5.275000E+0	4.207166E+3	NaN	NaN
	13/12/2022 17:55:18	-42.227000E-3	1.000000E-9	520.000000E-12	4.996000E-9	467.700000E-9	352.400000E-3	108.000000E+0	-5.163000E+0	4.205034E+3	NaN	NaN
	13/12/2022 17:55:25	-42.078000E-3	1.000000E-9	519.000000E-12	4.996000E-9	467.100000E-9	352.410000E-3	108.000000E+0	-5.163000E+0	4.204024E+3	NaN	NaN
	13/12/2022 17:55:32	-42.793000E-3	1.010000E-9	519.000000E-12	4.996000E-9	466.500000E-9	352.420000E-3	107.000000E+0	-5.163000E+0	4.201218E+3	NaN	NaN
	13/12/2022 17:55:39	-42.793000E-3	1.000000E-9	517.000000E-12	4.996000E-9	467.100000E-9	352.400000E-3	106.000000E+0	-5.275000E+0	4.199310E+3	NaN	NaN
	13/12/2022 17:55:47	-43.359000E-3	999.000000E-12	517.000000E-12	4.996000E-9	464.300000E-9	352.400000E-3	106.000000E+0	-5.275000E+0	4.197626E+3	NaN	NaN
	13/12/2022 17:55:54	-42.546000E-3	998.000000E-12	516.000000E-12	4.996000E-9	463.800000E-9	352.400000E-3	105.000000E+0	-5.275000E+0	4.195157E+3	NaN	NaN
	13/12/2022 17:56:01	-42.349000E-3	998.000000E-12	514.000000E-12	4.996000E-9	463.800000E-9	352.400000E-3	105.000000E+0	-5.275000E+0	4.193696E+3	NaN	NaN
	13/12/2022 17:56:08	-42.275000E-3	1.000000E-9	513.000000E-12	4.996000E-9	463.800000E-9	352.400000E-3	105.000000E+0	-5.163000E+0	4.191452E+3	NaN	NaN
	13/12/2022 17:56:15	-46.295000E-3	1.000000E-9	513.000000E-12	4.996000E-9	463.800000E-9	352.400000E-3	104.000000E+0	-5.163000E+0	4.188982E+3	NaN	NaN
	13/12/2022 17:56:22	-42.129000E-3	1.000000E-9	513.000000E-12	4.996000E-9	463.800000E-9	352.400000E-3	103.000000E+0	-5.387000E+0	4.186962E+3	NaN	NaN
	13/12/2022 17:56:30	-42.471000E-3	993.000000E-12	512.000000E-12	4.996000E-9	465.400000E-9	352.400000E-3	103.000000E+0	-5.275000E+0	4.184493E+3	NaN	NaN
	13/12/2022 17:56:37	-43.088000E-3	996.000000E-12	511.000000E-12	4.996000E-9	463.800000E-9	352.400000E-3	102.000000E+0	-5.275000E+0	4.181687E+3	NaN	NaN
	13/12/2022 17:56:44	-44.668000E-3	992.000000E-12	509.000000E-12	4.996000E-9	463.800000E-9	352.400000E-3	101.000000E+0	-5.163000E+0	4.179443E+3	NaN	NaN
	13/12/2022 17:56:51	-42.424000E-3	998.000000E-12	510.000000E-12	4.996000E-9	463.200000E-9	352.400000E-3	101.000000E+0	-5.163000E+0	4.177535E+3	NaN	NaN
	13/12/2022 17:56:58	-42.671000E-3	996.000000E-12	509.000000E-12	4.996000E-9	463.200000E-9	352.400000E-3	101.000000E+0	-5.275000E+0	4.174280E+3	NaN	NaN
	13/12/2022 17:57:06	-44.098000E-3	999.000000E-12	508.000000E-12	4.996000E-9	463.200000E-9	352.400000E-3	100.000000E+0	-5.163000E+0	4.171811E+3	NaN	NaN
	13/12/2022 17:57:13	-42.671000E-3	992.000000E-12	507.000000E-12	4.996000E-9	463.200000E-9	352.400000E-3	100.000000E+0	-5.163000E+0	4.170015E+3	NaN	NaN
	13/12/2022 17:57:20	-42.596000E-3	993.000000E-12	507.000000E-12	4.996000E-9	463.200000E-9	352.400000E-3	99.000000E+0	-5.163000E+0	4.166873E+3	NaN	NaN
	13/12/2022 17:57:27	-42.275000E-3	987.000000E-12	507.000000E-12	4.996000E-9	463.200000E-9	352.400000E-3	98.000000E+0	-5.050000E+0	4.165189E+3	NaN	NaN
	13/12/2022 17:57:34	-42.200000E-3	994.000000E-12	506.000000E-12	4.996000E-9	463.200000E-9	352.400000E-3	98.000000E+0	-5.050000E+0	4.161822E+3	NaN	NaN
	13/12/2022 17:57:41	-42.200000E-3	993.000000E-12	506.000000E-12	4.996000E-9	463.200000E-9	352.400000E-3	98.000000E+0	-5.275000E+0	4.159128E+3	NaN	NaN
	13/12/2022 17:57:49	-42.596000E-3	998.000000E-12	505.000000E-12	4.996000E-9	463.200000E-9	352.400000E-3	98.000000E+0	-5.275000E+0	4.156996E+3	NaN	NaN
	13/12/2022 17:57:56	-42.251000E-3	993.000000E-12	504.000000E-12	4.996000E-9	462.600000E-9	352.400000E-3	97.000000E+0	-5.163000E+0	4.153741E+3	NaN	NaN
	13/12/2022 17:58:03	-43.014000E-3	988.000000E-12	504.000000E-12	4.996000E-9	463.200000E-9	352.400000E-3	97.000000E+0	-5.050000E+0	4.150374E+3	NaN	NaN
	13/12/2022 17:58:10	-42.176000E-3	993.000000E-12	503.000000E-12	4.996000E-9	462.600000E-9	352.400000E-3	96.000000E+0	-5.050000E+0	4.148466E+3	NaN	NaN
	13/12/2022 17:58:17	-42.349000E-3	990.000000E-12	503.000000E-12	4.996000E-9	463.200000E-9	352.400000E-3	96.000000E+0	-5.275000E+0	4.145548E+3	NaN	NaN
	13/12/2022 17:58:24	-42.424000E-3	985.000000E-12	502.000000E-12	4.996000E-9	462.600000E-9	352.400000E-3	96.000000E+0	-5.275000E+0	4.142630E+3	NaN	NaN
	13/12/2022 17:58:32	-42.102000E-3	990.000000E-12	502.000000E-12	4.996000E-9	462.600000E-9	352.400000E-3	95.000000E+0	-5.275000E+0	4.138702E+3	NaN	NaN
	13/12/2022 17:58:39	-42.719000E-3	992.000000E-12	501.000000E-12	4.996000E-9	462.600000E-9	352.390000E-3	95.000000E+0	-5.163000E+0	4.134662E+3	NaN	NaN
	13/12/2022 17:58:46	-42.892000E-3	984.000000E-12	501.000000E-12	4.996000E-9	462.600000E-9	352.390000E-3	95.000000E+0	-5.163000E+0	4.131407E+3	NaN	NaN
	13/12/2022 17:58:53	-42.176000E-3	985.000000E-12	500.000000E-12	4.996000E-9	462.600000E-9	352.400000E-3	95.000000E+0	-5.050000E+0	4.126693E+3	NaN	NaN
	13/12/2022 17:59:00	-42.966000E-3	985.000000E-12	499.000000E-12	4.996000E-9	462.600000E-9	352.400000E-3	93.000000E+0	-5.387000E+0	4.123663E+3	NaN	NaN
	13/12/2022 17:59:08	-42.498000E-3	990.000000E-12	499.000000E-12	4.996000E-9	462.600000E-9	352.400000E-3	93.000000E+0	-5.275000E+0	4.119061E+3	NaN	NaN
	13/12/2022 17:59:15	-42.400000E-3	986.000000E-12	498.000000E-12	4.996000E-9	462.600000E-9	352.400000E-3	93.000000E+0	-5.163000E+0	4.113899E+3	NaN	NaN
	13/12/2022 17:59:22	-42.522000E-3	981.000000E-12	497.000000E-12	4.996000E-9	462.600000E-9	352.400000E-3	92.000000E+0	-5.275000E+0	4.108624E+3	NaN	NaN
	13/12/2022 17:59:29	-42.570000E-3	985.000000E-12	496.000000E-12	4.996000E-9	462.600000E-9	352.390000E-3	92.000000E+0	-5.163000E+0	4.102900E+3	NaN	NaN
	13/12/2022 17:59:36	-41.929000E-3	983.000000E-12	497.000000E-12	4.996000E-9	462.600000E-9	352.400000E-3	92.000000E+0	-5.275000E+0	4.097064E+3	NaN	NaN
	13/12/2022 17:59:44	-42.498000E-3	982.000000E-12	496.000000E-12	4.996000E-9	462.600000E-9	352.390000E-3	91.000000E+0	-5.387000E+0	4.093472E+3	NaN	NaN
	13/12/2022 17:59:51	-42.793000E-3	981.000000E-12	496.000000E-12	4.996000E-9	462.600000E-9	352.400000E-3	91.000000E+0	-5.275000E+0	4.088422E+3	NaN	NaN
	13/12/2022 17:59:58	-42.078000E-3	981.000000E-12	494.000000E-12	4.996000E-9	462.600000E-9	352.400000E-3	91.000000E+0	-5.050000E+0	4.082024E+3	NaN	NaN
	13/12/2022 18:00:05	-42.152000E-3	984.000000E-12	494.000000E-12	4.996000E-9	462.600000E-9	352.400000E-3	90.000000E+0	-5.163000E+0	4.077086E+3	NaN	NaN
	13/12/2022 18:00:12	-43.213000E-3	979.000000E-12	494.000000E-12	4.996000E-9	462.100000E-9	352.400000E-3	90.000000E+0	-5.163000E+0	4.067995E+3	NaN	NaN
	13/12/2022 18:00:20	-42.570000E-3	978.000000E-12	493.000000E-12	4.996000E-9	462.600000E-9	352.390000E-3	89.000000E+0	-5.275000E+0	4.057894E+3	NaN	NaN
	13/12/2022 18:00:27	-42.817000E-3	979.000000E-12	493.000000E-12	4.996000E-9	462.100000E-9	352.400000E-3	89.000000E+0	-5.387000E+0	4.044202E+3	NaN	NaN
	13/12/2022 18:00:34	-41.980000E-3	981.000000E-12	494.000000E-12	4.996000E-9	462.100000E-9	352.400000E-3	89.000000E+0	-5.275000E+0	4.026918E+3	NaN	NaN
	13/12/2022 18:00:41	-42.671000E-3	983.000000E-12	492.000000E-12	4.996000E-9	462.100000E-9	352.400000E-3	88.000000E+0	-5.163000E+0	4.006267E+3	NaN	NaN
	13/12/2022 18:00:48	-42.644000E-3	982.000000E-12	492.000000E-12	4.996000E-9	462.100000E-9	352.400000E-3	88.000000E+0	-5.275000E+0	3.970128E+3	NaN	NaN
	13/12/2022 18:00:56	-42.424000E-3	977.000000E-12	493.000000E-12	4.996000E-9	462.100000E-9	352.400000E-3	88.000000E+0	-5.163000E+0	3.892239E+3	NaN	NaN
	13/12/2022 18:01:03	-42.471000E-3	982.000000E-12	492.000000E-12	4.996000E-9	461.500000E-9	352.400000E-3	87.000000E+0	-5.275000E+0	3.821083E+3	NaN	NaN
	13/12/2022 18:01:10	-42.570000E-3	976.000000E-12	491.000000E-12	4.996000E-9	460.400000E-9	352.400000E-3	87.000000E+0	-5.387000E+0	3.753631E+3	NaN	NaN
	13/12/2022 18:01:17	-43.163000E-3	977.000000E-12	491.000000E-12	4.996000E-9	459.900000E-9	352.400000E-3	87.000000E+0	-5.050000E+0	3.660702E+3	NaN	NaN
	13/12/2022 18:01:24	-42.546000E-3	974.000000E-12	492.000000E-12	4.996000E-9	459.900000E-9	352.400000E-3	87.000000E+0	-5.050000E+0	3.605259E+3	NaN	NaN
	13/12/2022 18:01:31	-42.793000E-3	977.000000E-12	491.000000E-12	4.996000E-9	459.900000E-9	352.400000E-3	86.000000E+0	-5.050000E+0	3.536236E+3	NaN	NaN
	13/12/2022 18:01:38	-42.424000E-3	978.000000E-12	490.000000E-12	4.996000E-9	459.900000E-9	352.400000E-3	86.000000E+0	-5.050000E+0	3.444991E+3	NaN	NaN
	13/12/2022 18:01:46	-42.769000E-3	984.000000E-12	491.000000E-12	4.996000E-9	459.900000E-9	352.400000E-3	86.000000E+0	-5.275000E+0	3.422432E+3	NaN	NaN
	13/12/2022 18:01:53	-43.041000E-3	987.000000E-12	492.000000E-12	4.996000E-9	459.300000E-9	352.400000E-3	86.000000E+0	-5.163000E+0	3.395608E+3	NaN	NaN
	13/12/2022 18:02:00	-42.546000E-3	989.000000E-12	493.000000E-12	4.996000E-9	459.300000E-9	352.390000E-3	85.000000E+0	-5.050000E+0	3.373274E+3	NaN	NaN
	13/12/2022 18:02:07	-42.522000E-3	982.000000E-12	493.000000E-12	4.996000E-9	459.300000E-9	352.400000E-3	85.000000E+0	-5.050000E+0	3.352174E+3	NaN	NaN
	13/12/2022 18:02:14	-41.881000E-3	985.000000E-12	493.000000E-12	4.996000E-9	459.300000E-9	352.400000E-3	85.000000E+0	-5.387000E+0	3.344879E+3	NaN	NaN
	13/12/2022 18:02:22	-42.275000E-3	985.000000E-12	493.000000E-12	4.996000E-9	459.300000E-9	352.400000E-3	85.000000E+0	-5.275000E+0	3.329615E+3	NaN	NaN
	13/12/2022 18:02:29	-42.644000E-3	991.000000E-12	494.000000E-12	4.996000E-9	459.300000E-9	352.400000E-3	85.000000E+0	-5.387000E+0	3.309301E+3	NaN	NaN
	13/12/2022 18:02:36	-42.003000E-3	990.000000E-12	494.000000E-12	4.996000E-9	459.300000E-9	352.400000E-3	84.000000E+0	-5.163000E+0	3.301220E+3	NaN	NaN
	13/12/2022 18:02:43	-43.163000E-3	993.000000E-12	494.000000E-12	4.996000E-9	459.300000E-9	352.400000E-3	84.000000E+0	-5.163000E+0	3.282477E+3	NaN	NaN
	13/12/2022 18:02:50	-44.000000E-3	985.000000E-12	494.000000E-12	4.996000E-9	459.300000E-9	352.400000E-3	84.000000E+0	-5.050000E+0	3.276080E+3	NaN	NaN
	13/12/2022 18:02:58	-42.471000E-3	988.000000E-12	494.000000E-12	4.996000E-9	459.300000E-9	352.400000E-3	84.000000E+0	-5.163000E+0	3.265194E+3	NaN	NaN
	13/12/2022 18:03:05	-42.129000E-3	988.000000E-12	495.000000E-12	4.996000E-9	458.800000E-9	352.400000E-3	84.000000E+0	-5.163000E+0	3.247573E+3	NaN	NaN
	13/12/2022 18:03:12	-42.498000E-3	998.000000E-12	495.000000E-12	4.996000E-9	458.800000E-9	352.400000E-3	83.000000E+0	-5.163000E+0	3.238482E+3	NaN	NaN
	13/12/2022 18:03:19	-42.719000E-3	994.000000E-12	495.000000E-12	4.996000E-9	459.300000E-9	352.400000E-3	83.000000E+0	-5.387000E+0	3.214128E+3	NaN	NaN
	13/12/2022 18:03:26	-42.325000E-3	998.000000E-12	494.000000E-12	4.996000E-9	458.800000E-9	352.400000E-3	83.000000E+0	-5.163000E+0	3.227371E+3	NaN	NaN
	13/12/2022 18:03:34	-42.742000E-3	990.000000E-12	494.000000E-12	4.996000E-9	458.800000E-9	352.400000E-3	83.000000E+0	-5.275000E+0	3.198639E+3	NaN	NaN
	13/12/2022 18:03:41	-42.298000E-3	996.000000E-12	496.000000E-12	4.996000E-9	458.800000E-9	352.400000E-3	83.000000E+0	-5.275000E+0	3.185284E+3	NaN	NaN
	13/12/2022 18:03:48	-42.892000E-3	995.000000E-12	496.000000E-12	4.996000E-9	458.800000E-9	352.400000E-3	83.000000E+0	-5.275000E+0	3.181917E+3	NaN	NaN
	13/12/2022 18:03:55	-42.471000E-3	1.000000E-9	495.000000E-12	4.996000E-9	458.800000E-9	352.400000E-3	83.000000E+0	-5.163000E+0	3.164408E+3	NaN	NaN
	13/12/2022 18:04:02	-41.905000E-3	1.000000E-9	495.000000E-12	4.996000E-9	458.800000E-9	352.400000E-3	82.000000E+0	-5.163000E+0	3.139717E+3	NaN	NaN
	13/12/2022 18:04:09	-42.498000E-3	1.000000E-9	496.000000E-12	4.996000E-9	458.800000E-9	352.400000E-3	82.000000E+0	-5.163000E+0	3.136687E+3	NaN	NaN
	13/12/2022 18:04:17	-42.742000E-3	996.000000E-12	497.000000E-12	4.996000E-9	458.800000E-9	352.400000E-3	82.000000E+0	-5.163000E+0	3.127259E+3	NaN	NaN
	13/12/2022 18:04:24	-42.176000E-3	998.000000E-12	496.000000E-12	4.996000E-9	458.800000E-9	352.400000E-3	82.000000E+0	-5.163000E+0	3.111434E+3	NaN	NaN
	13/12/2022 18:04:31	-42.570000E-3	999.000000E-12	497.000000E-12	4.996000E-9	458.800000E-9	352.410000E-3	82.000000E+0	-5.050000E+0	3.087080E+3	NaN	NaN
	13/12/2022 18:04:38	-42.298000E-3	1.010000E-9	496.000000E-12	4.996000E-9	458.200000E-9	352.420000E-3	82.000000E+0	-5.275000E+0	3.082254E+3	NaN	NaN
	13/12/2022 18:04:45	-42.719000E-3	1.010000E-9	497.000000E-12	4.996000E-9	458.800000E-9	352.390000E-3	82.000000E+0	-5.163000E+0	3.065531E+3	NaN	NaN
	13/12/2022 18:04:52	-44.814000E-3	1.010000E-9	498.000000E-12	4.996000E-9	458.200000E-9	352.410000E-3	81.000000E+0	-5.275000E+0	3.053859E+3	NaN	NaN
	13/12/2022 18:05:00	-42.522000E-3	1.010000E-9	498.000000E-12	4.996000E-9	458.200000E-9	352.410000E-3	81.000000E+0	-5.275000E+0	3.045105E+3	NaN	NaN
	13/12/2022 18:05:07	-42.644000E-3	1.010000E-9	497.000000E-12	4.996000E-9	458.200000E-9	352.400000E-3	81.000000E+0	-5.275000E+0	3.038483E+3	NaN	NaN
	13/12/2022 18:05:14	-42.054000E-3	1.000000E-9	497.000000E-12	4.996000E-9	458.800000E-9	352.420000E-3	81.000000E+0	-5.163000E+0	3.038371E+3	NaN	NaN
	13/12/2022 18:05:21	-43.112000E-3	1.000000E-9	498.000000E-12	4.996000E-9	458.800000E-9	352.410000E-3	81.000000E+0	-5.387000E+0	3.027260E+3	NaN	NaN
	13/12/2022 18:05:28	-46.739000E-3	1.000000E-9	498.000000E-12	4.996000E-9	458.200000E-9	352.400000E-3	81.000000E+0	-5.163000E+0	3.011772E+3	NaN	NaN
	13/12/2022 18:05:36	-46.837000E-3	1.010000E-9	497.000000E-12	4.996000E-9	458.200000E-9	352.400000E-3	80.000000E+0	-5.275000E+0	2.999089E+3	NaN	NaN
	13/12/2022 18:05:43	-46.566000E-3	1.010000E-9	498.000000E-12	4.996000E-9	458.200000E-9	352.410000E-3	80.000000E+0	-5.163000E+0	2.998416E+3	NaN	NaN
	13/12/2022 18:05:50	-46.468000E-3	1.010000E-9	498.000000E-12	4.996000E-9	458.200000E-9	352.440000E-3	80.000000E+0	-5.275000E+0	2.998528E+3	NaN	NaN
	13/12/2022 18:05:57	-46.393000E-3	1.010000E-9	497.000000E-12	4.996000E-9	458.200000E-9	352.420000E-3	80.000000E+0	-5.275000E+0	2.979673E+3	NaN	NaN
	13/12/2022 18:06:04	-46.664000E-3	1.010000E-9	497.000000E-12	4.996000E-9	458.200000E-9	352.400000E-3	79.000000E+0	-5.163000E+0	2.982254E+3	NaN	NaN
	13/12/2022 18:06:11	-46.688000E-3	1.010000E-9	497.000000E-12	4.996000E-9	458.800000E-9	352.400000E-3	79.000000E+0	-5.163000E+0	2.972153E+3	NaN	NaN
	13/12/2022 18:06:19	-46.268000E-3	1.010000E-9	499.000000E-12	4.996000E-9	458.200000E-9	352.400000E-3	80.000000E+0	-5.275000E+0	2.974061E+3	NaN	NaN
	13/12/2022 18:06:26	-46.295000E-3	1.010000E-9	498.000000E-12	4.996000E-9	458.200000E-9	352.420000E-3	79.000000E+0	-5.163000E+0	2.971817E+3	NaN	NaN
	13/12/2022 18:06:33	-47.010000E-3	1.010000E-9	497.000000E-12	4.996000E-9	458.200000E-9	352.420000E-3	79.000000E+0	-5.275000E+0	2.957226E+3	NaN	NaN
	13/12/2022 18:06:40	-46.319000E-3	1.010000E-9	499.000000E-12	4.996000E-9	458.200000E-9	352.400000E-3	79.000000E+0	-5.387000E+0	2.945105E+3	NaN	NaN
	13/12/2022 18:06:47	-46.763000E-3	1.010000E-9	498.000000E-12	4.996000E-9	458.200000E-9	352.420000E-3	79.000000E+0	-5.275000E+0	2.943983E+3	NaN	NaN
	13/12/2022 18:06:55	-46.295000E-3	1.010000E-9	498.000000E-12	4.996000E-9	458.200000E-9	352.430000E-3	79.000000E+0	-5.275000E+0	2.949033E+3	NaN	NaN
	13/12/2022 18:07:02	-46.170000E-3	1.010000E-9	497.000000E-12	4.996000E-9	458.200000E-9	352.430000E-3	78.000000E+0	-5.050000E+0	2.932760E+3	NaN	NaN
	13/12/2022 18:07:09	-46.787000E-3	1.010000E-9	498.000000E-12	4.996000E-9	457.700000E-9	352.420000E-3	78.000000E+0	-5.163000E+0	2.925465E+3	NaN	NaN
	13/12/2022 18:07:16	-46.763000E-3	1.010000E-9	498.000000E-12	4.996000E-9	458.200000E-9	352.400000E-3	78.000000E+0	-5.163000E+0	2.920302E+3	NaN	NaN
	13/12/2022 18:07:23	-48.783000E-3	1.010000E-9	497.000000E-12	4.996000E-9	457.700000E-9	352.420000E-3	78.000000E+0	-5.275000E+0	2.911323E+3	NaN	NaN
	13/12/2022 18:07:31	-46.244000E-3	1.010000E-9	498.000000E-12	4.996000E-9	458.200000E-9	352.410000E-3	78.000000E+0	-5.163000E+0	2.915251E+3	NaN	NaN
	13/12/2022 18:07:38	-46.146000E-3	1.010000E-9	498.000000E-12	4.996000E-9	457.700000E-9	352.420000E-3	78.000000E+0	-5.275000E+0	2.896172E+3	NaN	NaN
	13/12/2022 18:07:45	-46.244000E-3	1.010000E-9	497.000000E-12	4.996000E-9	457.700000E-9	352.410000E-3	78.000000E+0	-5.050000E+0	2.895049E+3	NaN	NaN
	13/12/2022 18:07:52	-46.024000E-3	1.010000E-9	497.000000E-12	4.996000E-9	458.200000E-9	352.420000E-3	78.000000E+0	-5.050000E+0	2.886969E+3	NaN	NaN
	13/12/2022 18:07:59	-46.071000E-3	1.010000E-9	497.000000E-12	4.996000E-9	457.700000E-9	352.430000E-3	78.000000E+0	-5.163000E+0	2.883265E+3	NaN	NaN
	13/12/2022 18:08:06	-50.116000E-3	1.010000E-9	497.000000E-12	4.996000E-9	457.700000E-9	352.410000E-3	77.000000E+0	-5.275000E+0	2.875072E+3	NaN	NaN
	13/12/2022 18:08:14	-46.614000E-3	1.010000E-9	497.000000E-12	4.996000E-9	457.700000E-9	352.430000E-3	77.000000E+0	-5.163000E+0	2.875745E+3	NaN	NaN
	13/12/2022 18:08:21	-43.631000E-3	1.010000E-9	498.000000E-12	4.996000E-9	457.700000E-9	352.400000E-3	77.000000E+0	-5.163000E+0	2.857564E+3	NaN	NaN
	13/12/2022 18:08:28	-42.424000E-3	1.010000E-9	497.000000E-12	4.996000E-9	457.700000E-9	352.390000E-3	77.000000E+0	-5.163000E+0	2.850156E+3	NaN	NaN
	13/12/2022 18:08:35	-42.966000E-3	1.010000E-9	497.000000E-12	4.996000E-9	457.700000E-9	352.430000E-3	77.000000E+0	-5.050000E+0	2.855543E+3	NaN	NaN
	13/12/2022 18:08:42	-43.088000E-3	1.000000E-9	497.000000E-12	4.996000E-9	457.700000E-9	352.400000E-3	77.000000E+0	-5.163000E+0	2.845891E+3	NaN	NaN
	13/12/2022 18:08:50	-42.200000E-3	1.010000E-9	496.000000E-12	4.996000E-9	457.700000E-9	352.400000E-3	77.000000E+0	-5.275000E+0	2.847014E+3	NaN	NaN
	13/12/2022 18:08:57	-42.152000E-3	1.000000E-9	496.000000E-12	4.996000E-9	457.700000E-9	352.400000E-3	77.000000E+0	-5.163000E+0	2.838260E+3	NaN	NaN
	13/12/2022 18:09:04	-42.275000E-3	1.010000E-9	497.000000E-12	4.996000E-9	458.200000E-9	352.400000E-3	77.000000E+0	-5.275000E+0	2.825128E+3	NaN	NaN
	13/12/2022 18:09:11	-42.447000E-3	1.010000E-9	497.000000E-12	4.996000E-9	457.700000E-9	352.400000E-3	77.000000E+0	-5.275000E+0	2.828944E+3	NaN	NaN
	13/12/2022 18:09:18	-42.522000E-3	1.010000E-9	496.000000E-12	4.996000E-9	457.700000E-9	352.400000E-3	77.000000E+0	-5.163000E+0	2.824567E+3	NaN	NaN
	13/12/2022 18:09:25	-42.373000E-3	1.010000E-9	496.000000E-12	4.996000E-9	457.700000E-9	352.400000E-3	76.000000E+0	-5.163000E+0	2.814803E+3	NaN	NaN
	13/12/2022 18:09:33	-42.200000E-3	1.010000E-9	496.000000E-12	4.996000E-9	457.700000E-9	352.400000E-3	76.000000E+0	-5.163000E+0	2.798866E+3	NaN	NaN
	13/12/2022 18:09:40	-42.325000E-3	1.010000E-9	496.000000E-12	4.996000E-9	457.100000E-9	352.400000E-3	76.000000E+0	-5.050000E+0	2.808967E+3	NaN	NaN
	13/12/2022 18:09:47	-42.596000E-3	1.010000E-9	496.000000E-12	4.996000E-9	457.700000E-9	352.410000E-3	76.000000E+0	-5.163000E+0	2.797519E+3	NaN	NaN
	13/12/2022 18:09:54	-46.295000E-3	1.010000E-9	496.000000E-12	4.996000E-9	457.100000E-9	352.410000E-3	76.000000E+0	-5.275000E+0	2.789775E+3	NaN	NaN
	13/12/2022 18:10:01	-42.152000E-3	1.000000E-9	496.000000E-12	4.996000E-9	457.700000E-9	352.400000E-3	76.000000E+0	-5.275000E+0	2.779225E+3	NaN	NaN
	13/12/2022 18:10:08	-42.400000E-3	1.010000E-9	496.000000E-12	4.996000E-9	457.700000E-9	352.400000E-3	76.000000E+0	-5.163000E+0	2.775297E+3	NaN	NaN
	13/12/2022 18:10:16	-42.349000E-3	1.010000E-9	495.000000E-12	4.996000E-9	457.700000E-9	352.400000E-3	76.000000E+0	-5.163000E+0	2.780235E+3	NaN	NaN
	13/12/2022 18:10:23	-42.349000E-3	1.000000E-9	496.000000E-12	4.996000E-9	457.700000E-9	352.400000E-3	76.000000E+0	-5.163000E+0	2.766992E+3	NaN	NaN
	13/12/2022 18:10:30	-42.054000E-3	1.010000E-9	496.000000E-12	4.996000E-9	457.100000E-9	352.410000E-3	76.000000E+0	-5.275000E+0	2.768451E+3	NaN	NaN
	13/12/2022 18:10:37	-42.620000E-3	1.000000E-9	495.000000E-12	4.996000E-9	457.700000E-9	352.420000E-3	76.000000E+0	-5.163000E+0	2.759135E+3	NaN	NaN
	13/12/2022 18:10:44	-42.817000E-3	1.010000E-9	496.000000E-12	4.996000E-9	457.100000E-9	352.400000E-3	76.000000E+0	-5.163000E+0	2.747912E+3	NaN	NaN
