Live comments	Time	100mbar inj	Barion_2	Barion_1	DUAL experiment	DUAL insulation	1mbar inj	helium	T-platinum	T-CERNOX	V_heater	DUAL inj line	I_emission	I_grid
	09/05/2023 15:58:45	-17.646000E-3	1.970000E-9	818.000000E-12	4.996000E-9	626.800000E-9	-790.630000E-6	0.000000E+0	28.283000E+0	158.136000E+0	7.615000E-6	6.150000E-6	NaN	NaN
	09/05/2023 15:58:54	-17.670000E-3	1.990000E-9	818.000000E-12	4.996000E-9	628.300000E-9	-793.840000E-6	0.000000E+0	28.283000E+0	158.024000E+0	7.503000E-6	6.150000E-6	NaN	NaN
	09/05/2023 15:59:02	-17.375000E-3	1.980000E-9	818.000000E-12	4.996000E-9	626.100000E-9	-788.900000E-6	0.000000E+0	28.283000E+0	158.024000E+0	7.279000E-6	6.150000E-6	NaN	NaN
	09/05/2023 15:59:11	-17.005000E-3	1.980000E-9	815.000000E-12	4.996000E-9	628.300000E-9	-783.000000E-6	0.000000E+0	28.395000E+0	158.136000E+0	7.279000E-6	6.150000E-6	NaN	NaN
Temp around 100K	09/05/2023 15:59:19	-17.595000E-3	1.990000E-9	818.000000E-12	4.996000E-9	628.300000E-9	-795.570000E-6	0.000000E+0	28.283000E+0	158.024000E+0	7.951000E-6	6.150000E-6	NaN	NaN
	09/05/2023 15:59:28	-17.720000E-3	1.990000E-9	817.000000E-12	4.996000E-9	628.300000E-9	-791.610000E-6	0.000000E+0	28.395000E+0	158.024000E+0	7.279000E-6	6.150000E-6	NaN	NaN
	09/05/2023 15:59:37	-17.250000E-3	1.990000E-9	815.000000E-12	4.996000E-9	628.300000E-9	-787.680000E-6	0.000000E+0	28.395000E+0	158.136000E+0	8.175000E-6	6.150000E-6	NaN	NaN
	09/05/2023 15:59:45	-17.595000E-3	1.990000E-9	814.000000E-12	4.996000E-9	628.300000E-9	-790.630000E-6	0.000000E+0	28.395000E+0	157.912000E+0	7.055000E-6	6.150000E-6	NaN	NaN
	09/05/2023 15:59:54	-17.670000E-3	2.000000E-9	813.000000E-12	4.996000E-9	628.300000E-9	-792.860000E-6	0.000000E+0	28.507000E+0	158.024000E+0	7.391000E-6	6.150000E-6	NaN	NaN
	09/05/2023 16:00:02	-17.595000E-3	1.990000E-9	809.000000E-12	4.996000E-9	628.300000E-9	-793.100000E-6	0.000000E+0	28.732000E+0	158.136000E+0	8.063000E-6	6.150000E-6	NaN	NaN
	09/05/2023 16:00:11	-17.250000E-3	1.990000E-9	826.000000E-12	4.996000E-9	629.100000E-9	-802.220000E-6	0.000000E+0	28.507000E+0	158.024000E+0	7.727000E-6	6.150000E-6	NaN	NaN
	09/05/2023 16:00:19	-17.941000E-3	2.000000E-9	828.000000E-12	4.996000E-9	628.300000E-9	-790.390000E-6	0.000000E+0	28.507000E+0	157.912000E+0	7.167000E-6	6.150000E-6	NaN	NaN
	09/05/2023 16:00:28	-17.300000E-3	1.980000E-9	827.000000E-12	4.996000E-9	628.300000E-9	-816.290000E-6	0.000000E+0	28.507000E+0	158.024000E+0	7.055000E-6	6.150000E-6	NaN	NaN
	09/05/2023 16:00:36	-17.375000E-3	2.000000E-9	826.000000E-12	4.996000E-9	628.300000E-9	-800.010000E-6	0.000000E+0	28.283000E+0	157.912000E+0	6.943000E-6	6.150000E-6	NaN	NaN
	09/05/2023 16:00:45	-17.473000E-3	2.000000E-9	826.000000E-12	4.996000E-9	629.100000E-9	-785.710000E-6	0.000000E+0	28.507000E+0	157.912000E+0	7.167000E-6	6.150000E-6	NaN	NaN
	09/05/2023 16:00:53	-17.548000E-3	2.010000E-9	822.000000E-12	4.996000E-9	629.100000E-9	-786.690000E-6	0.000000E+0	28.395000E+0	157.912000E+0	7.055000E-6	6.150000E-6	NaN	NaN
	09/05/2023 16:01:02	-17.521000E-3	1.980000E-9	819.000000E-12	4.996000E-9	629.100000E-9	-793.100000E-6	0.000000E+0	28.395000E+0	158.024000E+0	7.839000E-6	6.150000E-6	NaN	NaN
	09/05/2023 16:01:11	-16.832000E-3	1.990000E-9	819.000000E-12	4.996000E-9	628.300000E-9	-784.960000E-6	0.000000E+0	28.507000E+0	157.912000E+0	7.167000E-6	6.150000E-6	NaN	NaN
	09/05/2023 16:01:19	-17.351000E-3	1.970000E-9	820.000000E-12	4.996000E-9	629.100000E-9	-789.880000E-6	0.000000E+0	28.507000E+0	157.912000E+0	7.167000E-6	6.150000E-6	NaN	NaN
	09/05/2023 16:01:28	-17.622000E-3	2.000000E-9	810.000000E-12	4.996000E-9	629.100000E-9	-785.200000E-6	0.000000E+0	28.619000E+0	158.024000E+0	7.167000E-6	6.150000E-6	NaN	NaN
	09/05/2023 16:01:36	-17.324000E-3	2.000000E-9	810.000000E-12	4.996000E-9	629.100000E-9	-788.420000E-6	0.000000E+0	28.507000E+0	158.024000E+0	7.503000E-6	6.150000E-6	NaN	NaN
	09/05/2023 16:01:45	-17.521000E-3	2.000000E-9	810.000000E-12	4.996000E-9	629.100000E-9	-790.890000E-6	0.000000E+0	28.283000E+0	157.799000E+0	6.607000E-6	6.150000E-6	NaN	NaN
	09/05/2023 16:01:53	-17.151000E-3	2.000000E-9	812.000000E-12	4.996000E-9	629.100000E-9	-792.590000E-6	0.000000E+0	28.170000E+0	157.912000E+0	7.727000E-6	6.150000E-6	NaN	NaN
	09/05/2023 16:02:02	-17.053000E-3	2.000000E-9	812.000000E-12	4.996000E-9	629.100000E-9	-792.590000E-6	0.000000E+0	28.507000E+0	157.799000E+0	7.391000E-6	6.150000E-6	NaN	NaN
	09/05/2023 16:02:11	-17.622000E-3	2.000000E-9	817.000000E-12	4.996000E-9	629.100000E-9	-793.340000E-6	0.000000E+0	28.619000E+0	157.799000E+0	7.839000E-6	6.150000E-6	NaN	NaN
	09/05/2023 16:02:19	-16.931000E-3	2.000000E-9	818.000000E-12	4.996000E-9	629.100000E-9	-795.070000E-6	0.000000E+0	28.507000E+0	157.799000E+0	6.831000E-6	6.150000E-6	NaN	NaN
	09/05/2023 16:02:28	-17.226000E-3	2.000000E-9	822.000000E-12	4.996000E-9	629.100000E-9	-787.170000E-6	0.000000E+0	28.395000E+0	157.912000E+0	7.391000E-6	6.150000E-6	NaN	NaN
	09/05/2023 16:02:36	-17.226000E-3	1.980000E-9	821.000000E-12	4.996000E-9	629.100000E-9	-788.900000E-6	0.000000E+0	28.283000E+0	157.799000E+0	7.503000E-6	6.150000E-6	NaN	NaN
	09/05/2023 16:02:45	-17.053000E-3	1.990000E-9	819.000000E-12	4.996000E-9	629.100000E-9	-791.610000E-6	0.000000E+0	28.507000E+0	157.799000E+0	8.063000E-6	6.150000E-6	NaN	NaN
	09/05/2023 16:02:53	-17.646000E-3	2.010000E-9	816.000000E-12	4.996000E-9	629.100000E-9	-804.690000E-6	0.000000E+0	28.507000E+0	157.912000E+0	6.831000E-6	6.150000E-6	NaN	NaN
	09/05/2023 16:03:02	-17.005000E-3	1.990000E-9	808.000000E-12	4.996000E-9	629.100000E-9	-830.830000E-6	0.000000E+0	28.395000E+0	157.799000E+0	7.167000E-6	6.150000E-6	NaN	NaN
	09/05/2023 16:03:10	-17.497000E-3	1.990000E-9	819.000000E-12	4.996000E-9	629.100000E-9	-798.760000E-6	0.000000E+0	28.395000E+0	157.912000E+0	7.839000E-6	6.150000E-6	NaN	NaN
	09/05/2023 16:03:19	-16.907000E-3	2.010000E-9	826.000000E-12	4.996000E-9	629.100000E-9	-793.840000E-6	0.000000E+0	28.619000E+0	157.799000E+0	6.943000E-6	6.150000E-6	NaN	NaN
	09/05/2023 16:03:27	-17.151000E-3	1.970000E-9	821.000000E-12	4.996000E-9	629.100000E-9	-790.890000E-6	0.000000E+0	28.507000E+0	157.799000E+0	8.175000E-6	6.150000E-6	NaN	NaN
	09/05/2023 16:03:36	-17.473000E-3	1.990000E-9	814.000000E-12	4.996000E-9	629.800000E-9	-788.900000E-6	0.000000E+0	28.507000E+0	157.912000E+0	6.943000E-6	6.150000E-6	NaN	NaN
	09/05/2023 16:03:45	-17.104000E-3	2.010000E-9	807.000000E-12	4.996000E-9	629.100000E-9	-788.420000E-6	0.000000E+0	28.507000E+0	157.799000E+0	7.391000E-6	6.150000E-6	NaN	NaN
	09/05/2023 16:03:53	-17.422000E-3	1.980000E-9	818.000000E-12	4.996000E-9	629.800000E-9	-791.370000E-6	0.000000E+0	28.170000E+0	157.687000E+0	7.167000E-6	6.150000E-6	NaN	NaN
	09/05/2023 16:04:02	-16.856000E-3	1.980000E-9	822.000000E-12	4.996000E-9	629.800000E-9	-787.910000E-6	0.000000E+0	28.507000E+0	157.799000E+0	6.719000E-6	6.150000E-6	NaN	NaN
	09/05/2023 16:04:10	-17.375000E-3	2.000000E-9	809.000000E-12	4.996000E-9	629.800000E-9	-795.070000E-6	0.000000E+0	28.732000E+0	157.799000E+0	6.495000E-6	6.150000E-6	NaN	NaN
	09/05/2023 16:04:19	-16.907000E-3	2.000000E-9	822.000000E-12	4.996000E-9	629.800000E-9	-788.180000E-6	0.000000E+0	28.507000E+0	157.799000E+0	7.055000E-6	6.150000E-6	NaN	NaN
	09/05/2023 16:04:27	-17.422000E-3	1.990000E-9	820.000000E-12	4.996000E-9	629.800000E-9	-796.320000E-6	0.000000E+0	28.395000E+0	157.687000E+0	7.615000E-6	6.150000E-6	NaN	NaN
	09/05/2023 16:04:36	-17.324000E-3	2.000000E-9	812.000000E-12	4.996000E-9	629.800000E-9	-791.130000E-6	0.000000E+0	28.507000E+0	157.799000E+0	8.175000E-6	6.150000E-6	NaN	NaN
	09/05/2023 16:04:44	-17.622000E-3	1.980000E-9	821.000000E-12	4.996000E-9	629.800000E-9	-796.050000E-6	0.000000E+0	28.619000E+0	157.687000E+0	7.167000E-6	6.150000E-6	NaN	NaN
	09/05/2023 16:04:53	-17.276000E-3	1.990000E-9	819.000000E-12	4.996000E-9	629.800000E-9	-790.890000E-6	0.000000E+0	28.619000E+0	157.687000E+0	7.727000E-6	6.150000E-6	NaN	NaN
	09/05/2023 16:05:01	-17.670000E-3	1.990000E-9	812.000000E-12	4.996000E-9	629.800000E-9	-792.590000E-6	0.000000E+0	28.619000E+0	157.912000E+0	7.503000E-6	6.150000E-6	NaN	NaN
	09/05/2023 16:05:10	-17.351000E-3	1.990000E-9	821.000000E-12	4.996000E-9	629.800000E-9	-785.710000E-6	0.000000E+0	28.395000E+0	157.687000E+0	6.943000E-6	6.150000E-6	NaN	NaN
	09/05/2023 16:05:19	-17.941000E-3	2.000000E-9	815.000000E-12	4.996000E-9	629.800000E-9	-793.100000E-6	0.000000E+0	28.507000E+0	157.799000E+0	7.727000E-6	6.150000E-6	NaN	NaN
	09/05/2023 16:05:27	-17.571000E-3	1.990000E-9	814.000000E-12	4.996000E-9	629.800000E-9	-793.610000E-6	0.000000E+0	28.507000E+0	157.575000E+0	7.279000E-6	6.150000E-6	NaN	NaN
	09/05/2023 16:05:36	-17.351000E-3	1.990000E-9	808.000000E-12	4.996000E-9	629.800000E-9	-792.350000E-6	0.000000E+0	28.619000E+0	157.799000E+0	7.727000E-6	6.150000E-6	NaN	NaN
	09/05/2023 16:05:44	-17.694000E-3	2.010000E-9	806.000000E-12	4.996000E-9	629.800000E-9	-788.900000E-6	0.000000E+0	28.619000E+0	157.687000E+0	7.727000E-6	6.150000E-6	NaN	NaN
	09/05/2023 16:05:53	-17.127000E-3	1.990000E-9	809.000000E-12	4.996000E-9	629.800000E-9	-790.890000E-6	0.000000E+0	28.507000E+0	157.799000E+0	7.279000E-6	6.150000E-6	NaN	NaN
	09/05/2023 16:06:01	-17.399000E-3	1.990000E-9	818.000000E-12	4.996000E-9	629.800000E-9	-787.170000E-6	0.000000E+0	28.619000E+0	157.687000E+0	6.495000E-6	6.150000E-6	NaN	NaN
	09/05/2023 16:06:10	-16.931000E-3	1.990000E-9	823.000000E-12	4.996000E-9	629.800000E-9	-788.660000E-6	0.000000E+0	28.619000E+0	157.575000E+0	7.727000E-6	6.150000E-6	NaN	NaN
	09/05/2023 16:06:18	-17.670000E-3	2.000000E-9	816.000000E-12	4.996000E-9	629.800000E-9	-788.180000E-6	0.000000E+0	28.619000E+0	157.687000E+0	6.719000E-6	6.150000E-6	NaN	NaN
	09/05/2023 16:06:27	-17.276000E-3	2.010000E-9	818.000000E-12	4.996000E-9	629.800000E-9	-791.370000E-6	0.000000E+0	28.507000E+0	157.687000E+0	7.391000E-6	6.150000E-6	NaN	NaN
	09/05/2023 16:06:35	-16.832000E-3	1.990000E-9	816.000000E-12	4.996000E-9	629.800000E-9	-789.880000E-6	0.000000E+0	28.507000E+0	157.687000E+0	7.839000E-6	6.150000E-6	NaN	NaN
	09/05/2023 16:06:44	-16.907000E-3	1.990000E-9	814.000000E-12	4.996000E-9	629.800000E-9	-789.170000E-6	0.000000E+0	28.507000E+0	157.687000E+0	6.943000E-6	6.150000E-6	NaN	NaN
	09/05/2023 16:06:53	-17.202000E-3	1.980000E-9	814.000000E-12	4.996000E-9	629.800000E-9	-786.930000E-6	0.000000E+0	28.619000E+0	157.799000E+0	7.503000E-6	6.150000E-6	NaN	NaN
	09/05/2023 16:07:01	-17.226000E-3	1.990000E-9	814.000000E-12	4.996000E-9	629.800000E-9	-787.440000E-6	0.000000E+0	28.507000E+0	157.799000E+0	7.839000E-6	6.150000E-6	NaN	NaN
	09/05/2023 16:07:10	-17.449000E-3	1.970000E-9	808.000000E-12	4.996000E-9	629.800000E-9	-795.810000E-6	0.000000E+0	28.507000E+0	157.575000E+0	7.615000E-6	6.150000E-6	NaN	NaN
	09/05/2023 16:07:18	-17.622000E-3	1.990000E-9	810.000000E-12	4.996000E-9	629.800000E-9	-812.830000E-6	0.000000E+0	28.619000E+0	157.575000E+0	7.727000E-6	6.150000E-6	NaN	NaN
	09/05/2023 16:07:27	-17.422000E-3	1.980000E-9	813.000000E-12	4.996000E-9	629.800000E-9	-791.610000E-6	0.000000E+0	28.732000E+0	157.687000E+0	7.503000E-6	6.150000E-6	NaN	NaN
	09/05/2023 16:07:35	-17.127000E-3	2.000000E-9	815.000000E-12	4.996000E-9	629.800000E-9	-790.390000E-6	0.000000E+0	28.507000E+0	157.575000E+0	6.943000E-6	6.150000E-6	NaN	NaN
	09/05/2023 16:07:44	-17.324000E-3	1.990000E-9	816.000000E-12	4.996000E-9	629.800000E-9	-792.590000E-6	0.000000E+0	28.507000E+0	157.687000E+0	7.615000E-6	6.150000E-6	NaN	NaN
	09/05/2023 16:07:52	-17.571000E-3	2.000000E-9	817.000000E-12	4.996000E-9	629.800000E-9	-824.660000E-6	0.000000E+0	28.619000E+0	157.575000E+0	7.167000E-6	6.150000E-6	NaN	NaN
	09/05/2023 16:08:01	-17.276000E-3	2.000000E-9	815.000000E-12	4.996000E-9	629.800000E-9	-790.630000E-6	0.000000E+0	28.619000E+0	157.463000E+0	6.719000E-6	6.150000E-6	NaN	NaN
	09/05/2023 16:08:09	-17.226000E-3	1.980000E-9	817.000000E-12	4.996000E-9	629.800000E-9	-791.880000E-6	0.000000E+0	28.619000E+0	157.575000E+0	7.279000E-6	6.150000E-6	NaN	NaN
	09/05/2023 16:08:18	-17.127000E-3	1.990000E-9	819.000000E-12	4.996000E-9	629.800000E-9	-827.610000E-6	0.000000E+0	28.507000E+0	157.687000E+0	7.279000E-6	6.150000E-6	NaN	NaN
	09/05/2023 16:08:26	-17.276000E-3	1.990000E-9	821.000000E-12	4.996000E-9	629.800000E-9	-792.350000E-6	0.000000E+0	28.507000E+0	157.687000E+0	7.167000E-6	6.150000E-6	NaN	NaN
	09/05/2023 16:08:35	-17.941000E-3	2.010000E-9	820.000000E-12	4.996000E-9	629.800000E-9	-789.880000E-6	0.000000E+0	28.619000E+0	157.463000E+0	7.727000E-6	6.150000E-6	NaN	NaN
	09/05/2023 16:08:44	-17.422000E-3	1.990000E-9	815.000000E-12	4.996000E-9	629.800000E-9	-788.900000E-6	0.000000E+0	28.507000E+0	157.575000E+0	7.167000E-6	6.150000E-6	NaN	NaN
	09/05/2023 16:08:52	-17.571000E-3	1.990000E-9	809.000000E-12	4.996000E-9	629.800000E-9	-791.130000E-6	0.000000E+0	28.619000E+0	157.463000E+0	7.279000E-6	6.150000E-6	NaN	NaN
	09/05/2023 16:09:01	-17.029000E-3	1.990000E-9	810.000000E-12	4.996000E-9	629.800000E-9	-789.400000E-6	0.000000E+0	28.732000E+0	157.575000E+0	6.719000E-6	6.150000E-6	NaN	NaN
	09/05/2023 16:09:09	-17.622000E-3	2.050000E-9	826.000000E-12	4.996000E-9	629.800000E-9	-793.840000E-6	0.000000E+0	28.619000E+0	157.687000E+0	6.943000E-6	6.150000E-6	NaN	NaN
	09/05/2023 16:09:18	-17.694000E-3	26.200000E-9	8.560000E-9	9.451000E-9	630.600000E-9	-792.120000E-6	0.000000E+0	28.619000E+0	157.575000E+0	6.943000E-6	6.150000E-6	NaN	NaN
	09/05/2023 16:09:26	-17.497000E-3	23.400000E-9	5.850000E-9	9.417000E-9	629.800000E-9	-786.930000E-6	0.000000E+0	28.619000E+0	157.575000E+0	7.503000E-6	6.150000E-6	NaN	NaN
	09/05/2023 16:09:35	-17.843000E-3	25.700000E-9	6.350000E-9	11.600000E-9	630.600000E-9	-810.860000E-6	0.000000E+0	28.395000E+0	157.575000E+0	7.279000E-6	6.150000E-6	NaN	NaN
	09/05/2023 16:09:43	-17.178000E-3	28.500000E-9	6.880000E-9	11.720000E-9	629.800000E-9	-814.290000E-6	0.000000E+0	28.507000E+0	157.575000E+0	7.055000E-6	6.150000E-6	NaN	NaN
	09/05/2023 16:09:52	-17.893000E-3	32.800000E-9	7.890000E-9	13.070000E-9	630.600000E-9	-793.100000E-6	0.000000E+0	28.732000E+0	157.575000E+0	7.279000E-6	6.150000E-6	NaN	NaN
	09/05/2023 16:10:00	-17.449000E-3	32.300000E-9	7.630000E-9	12.930000E-9	630.600000E-9	-795.300000E-6	0.000000E+0	28.619000E+0	157.351000E+0	7.503000E-6	6.150000E-6	NaN	NaN
	09/05/2023 16:10:09	-17.744000E-3	32.700000E-9	7.680000E-9	13.130000E-9	629.800000E-9	-791.130000E-6	0.000000E+0	28.507000E+0	157.351000E+0	8.175000E-6	6.150000E-6	NaN	NaN
	09/05/2023 16:10:17	-18.165000E-3	32.900000E-9	7.610000E-9	13.340000E-9	630.600000E-9	-795.300000E-6	0.000000E+0	28.619000E+0	157.463000E+0	7.391000E-6	6.150000E-6	NaN	NaN
	09/05/2023 16:10:26	-17.375000E-3	33.700000E-9	7.730000E-9	13.860000E-9	630.600000E-9	-790.150000E-6	0.000000E+0	28.619000E+0	157.463000E+0	7.055000E-6	6.150000E-6	NaN	NaN
	09/05/2023 16:10:35	-17.053000E-3	34.800000E-9	8.010000E-9	14.080000E-9	630.600000E-9	-794.320000E-6	0.000000E+0	28.395000E+0	157.463000E+0	7.279000E-6	6.150000E-6	NaN	NaN
	09/05/2023 16:10:43	-17.080000E-3	35.500000E-9	8.200000E-9	14.480000E-9	629.800000E-9	-796.050000E-6	0.000000E+0	28.619000E+0	157.351000E+0	7.615000E-6	6.150000E-6	NaN	NaN
	09/05/2023 16:10:52	-17.473000E-3	41.900000E-9	9.870000E-9	16.920000E-9	630.600000E-9	-789.170000E-6	0.000000E+0	28.619000E+0	157.463000E+0	7.839000E-6	6.150000E-6	NaN	NaN
	09/05/2023 16:11:00	-17.324000E-3	39.200000E-9	8.980000E-9	15.910000E-9	630.600000E-9	-810.120000E-6	0.000000E+0	28.619000E+0	157.351000E+0	7.055000E-6	6.150000E-6	NaN	NaN
	09/05/2023 16:11:09	-16.734000E-3	38.700000E-9	8.810000E-9	15.670000E-9	630.600000E-9	-791.610000E-6	0.000000E+0	28.507000E+0	157.463000E+0	6.719000E-6	6.150000E-6	NaN	NaN
	09/05/2023 16:11:17	-17.104000E-3	38.800000E-9	8.810000E-9	15.850000E-9	632.900000E-9	-786.190000E-6	0.000000E+0	28.732000E+0	157.351000E+0	7.615000E-6	6.150000E-6	NaN	NaN
	09/05/2023 16:11:26	-16.978000E-3	39.000000E-9	8.860000E-9	15.740000E-9	631.400000E-9	-787.440000E-6	0.000000E+0	28.732000E+0	157.575000E+0	7.055000E-6	6.150000E-6	NaN	NaN
	09/05/2023 16:11:34	-16.707000E-3	38.300000E-9	8.740000E-9	15.630000E-9	633.700000E-9	-788.420000E-6	0.000000E+0	28.732000E+0	157.351000E+0	6.943000E-6	6.150000E-6	NaN	NaN
	09/05/2023 16:11:43	-17.646000E-3	38.900000E-9	8.850000E-9	15.870000E-9	635.200000E-9	-786.450000E-6	0.000000E+0	28.395000E+0	157.351000E+0	7.279000E-6	6.150000E-6	NaN	NaN
	09/05/2023 16:11:52	-17.720000E-3	50.700000E-9	11.100000E-9	20.010000E-9	634.400000E-9	-786.930000E-6	0.000000E+0	28.619000E+0	157.463000E+0	6.943000E-6	6.150000E-6	NaN	NaN
	09/05/2023 16:12:01	-17.473000E-3	42.500000E-9	9.610000E-9	17.330000E-9	635.200000E-9	-790.630000E-6	0.000000E+0	28.619000E+0	157.238000E+0	7.503000E-6	6.150000E-6	NaN	NaN
	09/05/2023 16:12:09	-17.178000E-3	41.100000E-9	9.280000E-9	16.960000E-9	635.900000E-9	-788.900000E-6	0.000000E+0	28.732000E+0	157.351000E+0	7.167000E-6	6.150000E-6	NaN	NaN
	09/05/2023 16:12:18	-17.375000E-3	40.700000E-9	9.190000E-9	16.660000E-9	635.900000E-9	-792.350000E-6	0.000000E+0	28.619000E+0	157.238000E+0	7.503000E-6	6.150000E-6	NaN	NaN
	09/05/2023 16:12:26	-17.646000E-3	40.400000E-9	9.130000E-9	16.680000E-9	635.900000E-9	-790.390000E-6	0.000000E+0	28.619000E+0	157.463000E+0	6.607000E-6	6.150000E-6	NaN	NaN
	09/05/2023 16:12:35	-17.622000E-3	40.500000E-9	9.170000E-9	16.720000E-9	635.900000E-9	-768.690000E-6	0.000000E+0	28.507000E+0	157.126000E+0	7.167000E-6	6.150000E-6	NaN	NaN
	09/05/2023 16:12:43	-16.880000E-3	42.400000E-9	9.670000E-9	17.290000E-9	635.900000E-9	-796.560000E-6	0.000000E+0	28.619000E+0	157.351000E+0	6.719000E-6	6.150000E-6	NaN	NaN
	09/05/2023 16:12:52	-17.300000E-3	41.300000E-9	9.370000E-9	16.920000E-9	635.900000E-9	-756.620000E-6	0.000000E+0	28.507000E+0	157.575000E+0	7.167000E-6	6.150000E-6	NaN	NaN
	09/05/2023 16:13:00	-17.548000E-3	41.000000E-9	9.290000E-9	17.020000E-9	635.900000E-9	-750.180000E-6	0.000000E+0	28.619000E+0	157.238000E+0	7.839000E-6	6.150000E-6	NaN	NaN
	09/05/2023 16:13:09	-17.250000E-3	40.900000E-9	9.220000E-9	16.820000E-9	635.900000E-9	-772.150000E-6	0.000000E+0	28.619000E+0	157.351000E+0	7.727000E-6	6.150000E-6	NaN	NaN
	09/05/2023 16:13:18	-17.127000E-3	40.700000E-9	9.190000E-9	16.620000E-9	635.900000E-9	-750.930000E-6	0.000000E+0	28.619000E+0	157.238000E+0	8.063000E-6	6.150000E-6	NaN	NaN
	09/05/2023 16:13:26	-17.473000E-3	40.900000E-9	9.220000E-9	16.800000E-9	635.900000E-9	-755.370000E-6	0.000000E+0	28.507000E+0	157.238000E+0	6.383000E-6	6.150000E-6	NaN	NaN
	09/05/2023 16:13:35	-18.039000E-3	40.400000E-9	9.160000E-9	16.600000E-9	635.900000E-9	-753.910000E-6	0.000000E+0	28.732000E+0	157.351000E+0	7.167000E-6	6.150000E-6	NaN	NaN
	09/05/2023 16:13:43	-17.276000E-3	40.700000E-9	9.200000E-9	16.740000E-9	635.900000E-9	-764.760000E-6	0.000000E+0	28.507000E+0	157.351000E+0	6.831000E-6	6.150000E-6	NaN	NaN
	09/05/2023 16:13:52	-17.300000E-3	41.100000E-9	9.320000E-9	17.020000E-9	635.900000E-9	-752.420000E-6	0.000000E+0	28.507000E+0	157.126000E+0	7.727000E-6	6.150000E-6	NaN	NaN
	09/05/2023 16:14:00	-14.883000E-3	41.000000E-9	9.320000E-9	17.000000E-9	635.900000E-9	-752.900000E-6	0.000000E+0	28.732000E+0	157.351000E+0	7.391000E-6	6.150000E-6	NaN	NaN
	09/05/2023 16:14:09	-17.250000E-3	41.000000E-9	9.300000E-9	16.970000E-9	635.900000E-9	-750.690000E-6	0.000000E+0	28.619000E+0	157.351000E+0	6.607000E-6	6.150000E-6	NaN	NaN
	09/05/2023 16:14:17	-17.300000E-3	41.200000E-9	9.320000E-9	16.860000E-9	1.237000E-6	-752.900000E-6	0.000000E+0	28.619000E+0	157.463000E+0	6.831000E-6	6.150000E-6	NaN	NaN
	09/05/2023 16:14:26	-17.473000E-3	41.600000E-9	9.420000E-9	17.080000E-9	982.100000E-9	-749.470000E-6	0.000000E+0	28.619000E+0	157.238000E+0	7.615000E-6	6.150000E-6	NaN	NaN
	09/05/2023 16:14:35	-17.422000E-3	41.300000E-9	9.360000E-9	17.020000E-9	841.200000E-9	-749.200000E-6	0.000000E+0	28.619000E+0	157.351000E+0	7.167000E-6	6.150000E-6	NaN	NaN
	09/05/2023 16:14:43	-16.978000E-3	41.200000E-9	9.330000E-9	16.860000E-9	762.300000E-9	-747.000000E-6	0.000000E+0	28.619000E+0	157.126000E+0	7.167000E-6	6.150000E-6	NaN	NaN
	09/05/2023 16:14:52	-17.375000E-3	41.000000E-9	9.300000E-9	16.780000E-9	715.400000E-9	-750.690000E-6	0.000000E+0	28.732000E+0	157.126000E+0	7.279000E-6	6.150000E-6	NaN	NaN
	09/05/2023 16:15:00	-17.473000E-3	41.200000E-9	9.340000E-9	16.940000E-9	687.500000E-9	-751.440000E-6	0.000000E+0	28.619000E+0	157.351000E+0	7.615000E-6	6.150000E-6	NaN	NaN
	09/05/2023 16:15:09	-17.720000E-3	41.200000E-9	9.330000E-9	16.880000E-9	672.000000E-9	-787.910000E-6	0.000000E+0	28.619000E+0	157.238000E+0	6.943000E-6	6.150000E-6	NaN	NaN
	09/05/2023 16:15:17	-17.151000E-3	40.900000E-9	9.290000E-9	16.740000E-9	661.600000E-9	-750.930000E-6	0.000000E+0	28.507000E+0	157.238000E+0	7.055000E-6	6.150000E-6	NaN	NaN
	09/05/2023 16:15:26	-17.250000E-3	40.600000E-9	9.230000E-9	16.840000E-9	653.700000E-9	-753.640000E-6	0.000000E+0	28.619000E+0	157.238000E+0	7.727000E-6	6.150000E-6	NaN	NaN
	09/05/2023 16:15:35	-17.178000E-3	50.300000E-9	10.800000E-9	22.050000E-9	648.300000E-9	-750.690000E-6	0.000000E+0	28.619000E+0	157.238000E+0	6.495000E-6	6.150000E-6	NaN	NaN
	09/05/2023 16:15:43	-17.792000E-3	58.000000E-9	13.100000E-9	24.870000E-9	646.000000E-9	-751.200000E-6	0.000000E+0	28.395000E+0	157.238000E+0	7.839000E-6	6.150000E-6	NaN	NaN
	09/05/2023 16:15:52	-17.595000E-3	60.500000E-9	13.600000E-9	26.160000E-9	643.600000E-9	-749.950000E-6	0.000000E+0	28.619000E+0	157.126000E+0	6.943000E-6	6.150000E-6	NaN	NaN
	09/05/2023 16:16:00	-17.202000E-3	62.000000E-9	13.900000E-9	26.820000E-9	642.100000E-9	-791.610000E-6	0.000000E+0	28.619000E+0	157.126000E+0	7.167000E-6	6.150000E-6	NaN	NaN
	09/05/2023 16:16:09	-16.758000E-3	62.500000E-9	13.900000E-9	27.150000E-9	641.300000E-9	-749.950000E-6	0.000000E+0	28.619000E+0	157.126000E+0	7.279000E-6	6.150000E-6	NaN	NaN
	09/05/2023 16:16:18	-17.351000E-3	63.400000E-9	14.100000E-9	27.540000E-9	640.500000E-9	-762.520000E-6	0.000000E+0	28.619000E+0	157.238000E+0	6.607000E-6	6.150000E-6	NaN	NaN
	09/05/2023 16:16:26	-17.744000E-3	64.100000E-9	14.200000E-9	27.970000E-9	639.700000E-9	-747.230000E-6	0.000000E+0	28.619000E+0	157.238000E+0	7.615000E-6	6.150000E-6	NaN	NaN
	09/05/2023 16:16:35	-17.324000E-3	64.100000E-9	14.300000E-9	27.710000E-9	639.700000E-9	-743.540000E-6	0.000000E+0	28.507000E+0	156.902000E+0	7.951000E-6	6.150000E-6	NaN	NaN
	09/05/2023 16:16:43	-17.694000E-3	64.500000E-9	14.300000E-9	28.110000E-9	638.200000E-9	-752.420000E-6	0.000000E+0	28.619000E+0	157.126000E+0	7.391000E-6	6.150000E-6	NaN	NaN
	09/05/2023 16:16:52	-17.449000E-3	64.500000E-9	14.400000E-9	28.010000E-9	637.500000E-9	-752.660000E-6	0.000000E+0	28.844000E+0	157.126000E+0	7.391000E-6	6.150000E-6	NaN	NaN
	09/05/2023 16:17:00	-17.226000E-3	65.100000E-9	14.400000E-9	28.320000E-9	637.500000E-9	-787.680000E-6	0.000000E+0	28.732000E+0	157.126000E+0	7.839000E-6	6.150000E-6	NaN	NaN
	09/05/2023 16:17:09	-17.250000E-3	64.500000E-9	14.400000E-9	28.080000E-9	637.500000E-9	-746.010000E-6	0.000000E+0	28.619000E+0	157.238000E+0	6.719000E-6	6.150000E-6	NaN	NaN
	09/05/2023 16:17:17	-17.104000E-3	64.100000E-9	14.300000E-9	27.910000E-9	637.500000E-9	-753.910000E-6	0.000000E+0	28.732000E+0	157.126000E+0	6.607000E-6	6.150000E-6	NaN	NaN
	09/05/2023 16:17:26	-16.955000E-3	63.800000E-9	14.200000E-9	27.680000E-9	637.500000E-9	-746.760000E-6	0.000000E+0	28.507000E+0	157.126000E+0	7.727000E-6	6.150000E-6	NaN	NaN
	09/05/2023 16:17:34	-17.992000E-3	63.800000E-9	14.200000E-9	27.780000E-9	637.500000E-9	-748.490000E-6	0.000000E+0	28.844000E+0	157.126000E+0	7.503000E-6	6.150000E-6	NaN	NaN
	09/05/2023 16:17:43	-16.931000E-3	64.000000E-9	14.300000E-9	27.710000E-9	637.500000E-9	-748.220000E-6	0.000000E+0	28.619000E+0	157.014000E+0	7.055000E-6	6.150000E-6	NaN	NaN
	09/05/2023 16:17:52	-16.856000E-3	61.600000E-9	13.900000E-9	26.030000E-9	637.500000E-9	-752.660000E-6	0.000000E+0	28.844000E+0	157.126000E+0	7.727000E-6	6.150000E-6	NaN	NaN
	09/05/2023 16:18:00	-17.202000E-3	57.800000E-9	13.000000E-9	24.580000E-9	636.700000E-9	-747.470000E-6	0.000000E+0	28.507000E+0	157.014000E+0	7.503000E-6	6.150000E-6	NaN	NaN
	09/05/2023 16:18:09	-17.646000E-3	56.700000E-9	12.700000E-9	24.220000E-9	636.700000E-9	-761.300000E-6	0.000000E+0	28.844000E+0	157.014000E+0	7.279000E-6	6.150000E-6	NaN	NaN
	09/05/2023 16:18:17	-17.548000E-3	56.200000E-9	12.600000E-9	24.220000E-9	636.700000E-9	-766.490000E-6	0.000000E+0	28.732000E+0	157.126000E+0	6.719000E-6	6.150000E-6	NaN	NaN
	09/05/2023 16:18:26	-17.151000E-3	56.000000E-9	12.600000E-9	23.730000E-9	636.700000E-9	-757.100000E-6	0.000000E+0	28.844000E+0	156.902000E+0	7.279000E-6	6.150000E-6	NaN	NaN
	09/05/2023 16:18:34	-17.720000E-3	55.800000E-9	12.500000E-9	23.540000E-9	636.700000E-9	-755.610000E-6	0.000000E+0	28.732000E+0	157.014000E+0	6.495000E-6	6.150000E-6	NaN	NaN
	09/05/2023 16:18:43	-17.226000E-3	55.200000E-9	12.400000E-9	23.570000E-9	636.700000E-9	-755.880000E-6	0.000000E+0	28.956000E+0	157.014000E+0	7.391000E-6	6.150000E-6	NaN	NaN
	09/05/2023 16:18:51	-17.622000E-3	55.000000E-9	12.400000E-9	23.280000E-9	636.700000E-9	-763.510000E-6	0.000000E+0	28.732000E+0	157.126000E+0	7.615000E-6	6.150000E-6	NaN	NaN
	09/05/2023 16:19:00	-17.005000E-3	54.100000E-9	12.200000E-9	22.920000E-9	636.700000E-9	-755.130000E-6	0.000000E+0	28.732000E+0	157.014000E+0	7.391000E-6	6.150000E-6	NaN	NaN
	09/05/2023 16:19:08	-17.351000E-3	53.800000E-9	12.100000E-9	22.970000E-9	636.700000E-9	-747.740000E-6	0.000000E+0	28.619000E+0	157.014000E+0	7.279000E-6	6.150000E-6	NaN	NaN
	09/05/2023 16:19:17	-17.622000E-3	53.900000E-9	12.100000E-9	22.780000E-9	636.700000E-9	-752.180000E-6	0.000000E+0	28.732000E+0	157.014000E+0	7.055000E-6	6.150000E-6	NaN	NaN
	09/05/2023 16:19:25	-16.907000E-3	53.500000E-9	12.000000E-9	22.600000E-9	637.500000E-9	-752.660000E-6	0.000000E+0	28.732000E+0	157.014000E+0	6.607000E-6	6.150000E-6	NaN	NaN
	09/05/2023 16:19:34	-17.646000E-3	53.300000E-9	12.000000E-9	22.510000E-9	636.700000E-9	-749.200000E-6	0.000000E+0	28.844000E+0	156.902000E+0	6.831000E-6	6.150000E-6	NaN	NaN
	09/05/2023 16:19:43	-17.276000E-3	53.100000E-9	12.000000E-9	22.430000E-9	636.700000E-9	-751.200000E-6	0.000000E+0	28.732000E+0	157.014000E+0	7.391000E-6	6.150000E-6	NaN	NaN
	09/05/2023 16:19:51	-17.843000E-3	53.000000E-9	11.900000E-9	22.140000E-9	636.700000E-9	-747.230000E-6	0.000000E+0	28.619000E+0	157.014000E+0	6.719000E-6	6.150000E-6	NaN	NaN
	09/05/2023 16:20:00	-17.104000E-3	52.200000E-9	11.800000E-9	22.110000E-9	636.700000E-9	-755.880000E-6	0.000000E+0	28.732000E+0	156.789000E+0	7.503000E-6	6.150000E-6	NaN	NaN
	09/05/2023 16:20:08	-17.005000E-3	51.700000E-9	11.700000E-9	21.850000E-9	636.700000E-9	-750.930000E-6	0.000000E+0	28.844000E+0	156.902000E+0	7.279000E-6	6.150000E-6	NaN	NaN
	09/05/2023 16:20:17	-17.324000E-3	52.100000E-9	11.800000E-9	21.920000E-9	648.300000E-9	-752.420000E-6	0.000000E+0	28.732000E+0	156.902000E+0	6.719000E-6	6.150000E-6	NaN	NaN
	09/05/2023 16:20:25	-17.497000E-3	51.800000E-9	11.700000E-9	21.900000E-9	645.200000E-9	-750.180000E-6	0.000000E+0	28.732000E+0	157.014000E+0	7.055000E-6	6.150000E-6	NaN	NaN
	09/05/2023 16:20:34	-17.497000E-3	51.500000E-9	11.600000E-9	21.740000E-9	642.900000E-9	-781.030000E-6	0.000000E+0	28.732000E+0	156.902000E+0	7.503000E-6	6.150000E-6	NaN	NaN
	09/05/2023 16:20:42	-17.694000E-3	50.900000E-9	11.500000E-9	21.280000E-9	641.300000E-9	-748.960000E-6	0.000000E+0	28.619000E+0	157.014000E+0	7.727000E-6	6.150000E-6	NaN	NaN
	09/05/2023 16:20:51	-17.449000E-3	50.400000E-9	11.400000E-9	21.200000E-9	642.100000E-9	-756.620000E-6	0.000000E+0	28.732000E+0	156.902000E+0	7.279000E-6	6.150000E-6	NaN	NaN
	09/05/2023 16:21:00	-17.571000E-3	50.000000E-9	11.300000E-9	21.070000E-9	640.500000E-9	-759.330000E-6	0.000000E+0	28.732000E+0	157.014000E+0	7.055000E-6	6.150000E-6	NaN	NaN
	09/05/2023 16:21:08	-17.571000E-3	49.400000E-9	11.100000E-9	20.600000E-9	640.500000E-9	-751.200000E-6	0.000000E+0	28.956000E+0	157.014000E+0	7.727000E-6	6.150000E-6	NaN	NaN
	09/05/2023 16:21:17	-17.178000E-3	49.100000E-9	11.200000E-9	20.650000E-9	638.200000E-9	-767.950000E-6	0.000000E+0	28.844000E+0	156.789000E+0	6.831000E-6	6.150000E-6	NaN	NaN
	09/05/2023 16:21:25	-17.005000E-3	49.100000E-9	11.100000E-9	20.400000E-9	638.200000E-9	-751.910000E-6	0.000000E+0	28.732000E+0	157.014000E+0	7.167000E-6	6.150000E-6	NaN	NaN
	09/05/2023 16:21:34	-17.422000E-3	48.100000E-9	10.900000E-9	18.400000E-9	638.200000E-9	-748.490000E-6	0.000000E+0	28.732000E+0	156.902000E+0	6.495000E-6	6.150000E-6	NaN	NaN
	09/05/2023 16:21:42	-17.080000E-3	39.400000E-9	8.810000E-9	16.140000E-9	637.500000E-9	-753.160000E-6	0.000000E+0	28.732000E+0	157.014000E+0	6.943000E-6	6.150000E-6	NaN	NaN
	09/05/2023 16:21:51	-17.768000E-3	37.500000E-9	8.400000E-9	15.240000E-9	637.500000E-9	-747.000000E-6	0.000000E+0	28.732000E+0	156.789000E+0	7.391000E-6	6.150000E-6	NaN	NaN
	09/05/2023 16:21:59	-17.080000E-3	36.100000E-9	8.180000E-9	14.760000E-9	637.500000E-9	-783.000000E-6	0.000000E+0	28.732000E+0	156.902000E+0	7.279000E-6	6.150000E-6	NaN	NaN
	09/05/2023 16:22:08	-17.250000E-3	35.000000E-9	7.970000E-9	14.440000E-9	637.500000E-9	-751.910000E-6	0.000000E+0	28.844000E+0	156.789000E+0	7.391000E-6	6.150000E-6	NaN	NaN
	09/05/2023 16:22:16	-17.351000E-3	34.400000E-9	7.780000E-9	14.010000E-9	637.500000E-9	-748.720000E-6	0.000000E+0	28.619000E+0	156.902000E+0	6.495000E-6	6.150000E-6	NaN	NaN
	09/05/2023 16:22:25	-17.422000E-3	33.900000E-9	7.680000E-9	13.780000E-9	637.500000E-9	-752.900000E-6	0.000000E+0	28.732000E+0	156.789000E+0	6.943000E-6	6.150000E-6	NaN	NaN
	09/05/2023 16:22:34	-17.548000E-3	33.200000E-9	7.580000E-9	13.520000E-9	637.500000E-9	-747.740000E-6	0.000000E+0	28.844000E+0	156.789000E+0	7.839000E-6	6.150000E-6	NaN	NaN
	09/05/2023 16:22:42	-17.548000E-3	32.900000E-9	7.550000E-9	13.330000E-9	637.500000E-9	-749.200000E-6	0.000000E+0	28.844000E+0	156.789000E+0	6.831000E-6	6.150000E-6	NaN	NaN
	09/05/2023 16:22:51	-16.978000E-3	32.300000E-9	7.360000E-9	13.210000E-9	637.500000E-9	-787.910000E-6	0.000000E+0	28.956000E+0	157.014000E+0	7.167000E-6	6.150000E-6	NaN	NaN
	09/05/2023 16:22:59	-17.866000E-3	32.200000E-9	7.340000E-9	13.020000E-9	637.500000E-9	-751.670000E-6	0.000000E+0	28.732000E+0	156.902000E+0	7.839000E-6	6.150000E-6	NaN	NaN
	09/05/2023 16:23:08	-17.151000E-3	31.700000E-9	7.290000E-9	12.840000E-9	637.500000E-9	-752.420000E-6	0.000000E+0	28.956000E+0	156.677000E+0	7.839000E-6	6.150000E-6	NaN	NaN
	09/05/2023 16:23:16	-17.399000E-3	31.100000E-9	7.140000E-9	12.730000E-9	637.500000E-9	-752.180000E-6	0.000000E+0	28.732000E+0	156.902000E+0	7.055000E-6	6.150000E-6	NaN	NaN
	09/05/2023 16:23:25	-17.375000E-3	31.300000E-9	7.180000E-9	12.760000E-9	637.500000E-9	-776.590000E-6	0.000000E+0	28.844000E+0	156.677000E+0	7.279000E-6	6.150000E-6	NaN	NaN
	09/05/2023 16:23:33	-17.571000E-3	30.900000E-9	7.120000E-9	12.640000E-9	637.500000E-9	-759.570000E-6	0.000000E+0	28.732000E+0	156.789000E+0	8.287000E-6	6.150000E-6	NaN	NaN
	09/05/2023 16:23:42	-17.422000E-3	30.600000E-9	7.050000E-9	12.490000E-9	637.500000E-9	-748.720000E-6	0.000000E+0	28.732000E+0	156.677000E+0	6.719000E-6	6.150000E-6	NaN	NaN
	09/05/2023 16:23:50	-17.473000E-3	30.300000E-9	6.990000E-9	12.400000E-9	637.500000E-9	-747.470000E-6	0.000000E+0	28.844000E+0	156.677000E+0	6.943000E-6	6.150000E-6	NaN	NaN
	09/05/2023 16:23:59	-17.104000E-3	30.100000E-9	6.930000E-9	12.300000E-9	637.500000E-9	-763.740000E-6	0.000000E+0	28.619000E+0	156.677000E+0	7.727000E-6	6.140000E-6	NaN	NaN
	09/05/2023 16:24:08	-17.548000E-3	30.100000E-9	6.950000E-9	12.300000E-9	637.500000E-9	-756.620000E-6	0.000000E+0	28.844000E+0	156.677000E+0	7.615000E-6	6.150000E-6	NaN	NaN
	09/05/2023 16:24:16	-17.893000E-3	30.100000E-9	6.970000E-9	12.280000E-9	637.500000E-9	-768.690000E-6	0.000000E+0	28.844000E+0	156.677000E+0	7.279000E-6	6.150000E-6	NaN	NaN
	09/05/2023 16:24:25	-17.622000E-3	30.100000E-9	6.970000E-9	12.370000E-9	638.200000E-9	-779.540000E-6	0.000000E+0	28.732000E+0	156.677000E+0	7.167000E-6	6.150000E-6	NaN	NaN
	09/05/2023 16:24:33	-18.287000E-3	30.200000E-9	6.960000E-9	12.300000E-9	638.200000E-9	-776.320000E-6	0.000000E+0	28.619000E+0	156.677000E+0	6.607000E-6	6.150000E-6	NaN	NaN
	09/05/2023 16:24:42	-17.080000E-3	30.000000E-9	6.910000E-9	12.190000E-9	638.200000E-9	-752.420000E-6	0.000000E+0	28.956000E+0	156.677000E+0	7.391000E-6	6.150000E-6	NaN	NaN
	09/05/2023 16:24:50	-17.127000E-3	29.800000E-9	6.900000E-9	12.460000E-9	637.500000E-9	-767.200000E-6	0.000000E+0	28.619000E+0	156.677000E+0	7.391000E-6	6.150000E-6	NaN	NaN
	09/05/2023 16:24:59	-17.473000E-3	29.800000E-9	6.940000E-9	12.150000E-9	638.200000E-9	-748.220000E-6	0.000000E+0	28.732000E+0	156.677000E+0	6.943000E-6	6.140000E-6	NaN	NaN
	09/05/2023 16:25:07	-17.351000E-3	29.700000E-9	6.850000E-9	12.060000E-9	638.200000E-9	-750.180000E-6	0.000000E+0	28.732000E+0	156.565000E+0	7.279000E-6	6.150000E-6	NaN	NaN
	09/05/2023 16:25:16	-17.992000E-3	29.400000E-9	6.810000E-9	11.970000E-9	637.500000E-9	-752.180000E-6	0.000000E+0	28.844000E+0	156.677000E+0	7.503000E-6	6.150000E-6	NaN	NaN
	09/05/2023 16:25:24	-17.375000E-3	29.300000E-9	6.790000E-9	11.970000E-9	637.500000E-9	-754.150000E-6	0.000000E+0	28.844000E+0	156.565000E+0	6.719000E-6	6.140000E-6	NaN	NaN
	09/05/2023 16:25:33	-17.226000E-3	29.300000E-9	6.760000E-9	11.870000E-9	638.200000E-9	-751.670000E-6	0.000000E+0	28.732000E+0	156.677000E+0	6.383000E-6	6.140000E-6	NaN	NaN
	09/05/2023 16:25:42	-17.622000E-3	29.200000E-9	6.740000E-9	11.830000E-9	638.200000E-9	-748.720000E-6	0.000000E+0	28.956000E+0	156.789000E+0	6.943000E-6	6.150000E-6	NaN	NaN
	09/05/2023 16:25:50	-14.836000E-3	29.000000E-9	6.780000E-9	11.950000E-9	638.200000E-9	-763.510000E-6	0.000000E+0	28.732000E+0	156.677000E+0	7.615000E-6	6.150000E-6	NaN	NaN
	09/05/2023 16:25:59	-18.165000E-3	39.000000E-9	9.090000E-9	16.040000E-9	637.500000E-9	-749.710000E-6	0.000000E+0	28.844000E+0	156.677000E+0	6.831000E-6	6.150000E-6	NaN	NaN
	09/05/2023 16:26:07	-17.324000E-3	41.000000E-9	9.500000E-9	16.860000E-9	637.500000E-9	-777.570000E-6	0.000000E+0	28.956000E+0	156.565000E+0	6.943000E-6	6.150000E-6	NaN	NaN
	09/05/2023 16:26:16	-17.375000E-3	42.200000E-9	9.710000E-9	17.330000E-9	637.500000E-9	-753.400000E-6	0.000000E+0	28.732000E+0	156.677000E+0	6.271000E-6	6.150000E-6	NaN	NaN
	09/05/2023 16:26:25	-17.324000E-3	42.800000E-9	9.870000E-9	17.650000E-9	638.200000E-9	-749.950000E-6	0.000000E+0	28.844000E+0	156.453000E+0	8.063000E-6	6.150000E-6	NaN	NaN
	09/05/2023 16:26:33	-17.399000E-3	43.600000E-9	10.000000E-9	17.940000E-9	637.500000E-9	-787.170000E-6	0.000000E+0	28.732000E+0	156.565000E+0	6.943000E-6	6.150000E-6	NaN	NaN
	09/05/2023 16:26:42	-17.178000E-3	44.300000E-9	10.200000E-9	18.140000E-9	637.500000E-9	-751.910000E-6	0.000000E+0	28.844000E+0	156.565000E+0	6.495000E-6	6.150000E-6	NaN	NaN
	09/05/2023 16:26:50	-17.005000E-3	44.300000E-9	10.100000E-9	18.340000E-9	637.500000E-9	-749.710000E-6	0.000000E+0	29.068000E+0	156.677000E+0	6.943000E-6	6.150000E-6	NaN	NaN
	09/05/2023 16:26:59	-17.449000E-3	44.600000E-9	10.200000E-9	18.380000E-9	638.200000E-9	-753.640000E-6	0.000000E+0	28.956000E+0	156.677000E+0	7.055000E-6	6.150000E-6	NaN	NaN
	09/05/2023 16:27:07	-17.080000E-3	45.000000E-9	10.300000E-9	18.760000E-9	638.200000E-9	-786.190000E-6	0.000000E+0	28.844000E+0	156.565000E+0	6.831000E-6	6.150000E-6	NaN	NaN
	09/05/2023 16:27:16	-17.178000E-3	45.400000E-9	10.400000E-9	18.800000E-9	638.200000E-9	-749.200000E-6	0.000000E+0	28.844000E+0	156.565000E+0	6.831000E-6	6.150000E-6	NaN	NaN
	09/05/2023 16:27:24	-17.622000E-3	45.700000E-9	10.400000E-9	18.980000E-9	638.200000E-9	-794.590000E-6	0.000000E+0	28.732000E+0	156.565000E+0	6.831000E-6	6.150000E-6	NaN	NaN
	09/05/2023 16:27:34	-17.104000E-3	45.700000E-9	10.400000E-9	18.870000E-9	637.500000E-9	-752.660000E-6	0.000000E+0	28.732000E+0	156.565000E+0	7.391000E-6	6.150000E-6	NaN	NaN
	09/05/2023 16:27:42	-17.720000E-3	45.500000E-9	10.400000E-9	18.870000E-9	638.200000E-9	-747.230000E-6	0.000000E+0	28.844000E+0	156.565000E+0	7.727000E-6	6.150000E-6	NaN	NaN
	09/05/2023 16:27:51	-17.005000E-3	45.600000E-9	10.400000E-9	18.850000E-9	638.200000E-9	-756.110000E-6	0.000000E+0	28.844000E+0	156.453000E+0	7.391000E-6	6.150000E-6	NaN	NaN
	09/05/2023 16:28:00	-17.473000E-3	46.000000E-9	10.500000E-9	18.910000E-9	638.200000E-9	-750.930000E-6	0.000000E+0	28.844000E+0	156.565000E+0	7.727000E-6	6.150000E-6	NaN	NaN
	09/05/2023 16:28:14	-17.375000E-3	45.800000E-9	10.500000E-9	19.140000E-9	637.500000E-9	-759.570000E-6	0.000000E+0	28.844000E+0	156.453000E+0	7.055000E-6	6.140000E-6	NaN	NaN
	09/05/2023 16:28:35	-21.690000E-3	45.600000E-9	10.400000E-9	19.000000E-9	638.200000E-9	-749.950000E-6	0.000000E+0	28.844000E+0	156.453000E+0	7.391000E-6	6.140000E-6	NaN	NaN
	09/05/2023 16:28:44	-17.646000E-3	45.800000E-9	10.400000E-9	18.890000E-9	637.500000E-9	-755.610000E-6	0.000000E+0	28.844000E+0	156.453000E+0	6.607000E-6	6.140000E-6	NaN	NaN
	09/05/2023 16:28:52	-17.521000E-3	45.800000E-9	10.400000E-9	19.100000E-9	637.500000E-9	-751.910000E-6	0.000000E+0	28.956000E+0	156.453000E+0	7.391000E-6	6.140000E-6	NaN	NaN
	09/05/2023 16:29:01	-17.276000E-3	45.800000E-9	10.500000E-9	18.940000E-9	637.500000E-9	-765.740000E-6	0.000000E+0	28.956000E+0	156.340000E+0	7.503000E-6	6.140000E-6	NaN	NaN
	09/05/2023 16:29:09	-18.236000E-3	45.800000E-9	10.400000E-9	18.940000E-9	637.500000E-9	-771.640000E-6	0.000000E+0	28.956000E+0	156.453000E+0	6.607000E-6	6.140000E-6	NaN	NaN
	09/05/2023 16:29:18	-17.276000E-3	45.900000E-9	10.400000E-9	19.140000E-9	638.200000E-9	-760.790000E-6	0.000000E+0	28.956000E+0	156.453000E+0	7.279000E-6	6.140000E-6	NaN	NaN
	09/05/2023 16:29:26	-17.694000E-3	46.300000E-9	10.600000E-9	19.190000E-9	637.500000E-9	-790.890000E-6	0.000000E+0	28.956000E+0	156.453000E+0	7.279000E-6	6.140000E-6	NaN	NaN
	09/05/2023 16:29:35	-17.670000E-3	46.500000E-9	10.600000E-9	19.310000E-9	637.500000E-9	-766.960000E-6	0.000000E+0	28.956000E+0	156.565000E+0	7.167000E-6	6.140000E-6	NaN	NaN
	09/05/2023 16:29:43	-17.399000E-3	46.700000E-9	10.600000E-9	19.350000E-9	638.200000E-9	-751.440000E-6	0.000000E+0	28.956000E+0	156.453000E+0	6.607000E-6	6.150000E-6	NaN	NaN
	09/05/2023 16:29:52	-17.202000E-3	46.900000E-9	10.700000E-9	19.520000E-9	640.500000E-9	-779.030000E-6	0.000000E+0	28.732000E+0	156.565000E+0	6.495000E-6	6.150000E-6	NaN	NaN
	09/05/2023 16:30:01	-17.744000E-3	47.300000E-9	10.800000E-9	19.660000E-9	640.500000E-9	-766.960000E-6	0.000000E+0	28.956000E+0	156.453000E+0	6.943000E-6	6.150000E-6	NaN	NaN
	09/05/2023 16:30:09	-17.053000E-3	47.400000E-9	10.800000E-9	19.750000E-9	640.500000E-9	-757.600000E-6	0.000000E+0	28.844000E+0	156.565000E+0	7.279000E-6	6.140000E-6	NaN	NaN
	09/05/2023 16:30:18	-17.276000E-3	47.700000E-9	10.900000E-9	19.870000E-9	639.700000E-9	-752.420000E-6	0.000000E+0	28.956000E+0	156.453000E+0	6.831000E-6	6.140000E-6	NaN	NaN
	09/05/2023 16:30:26	-17.571000E-3	47.300000E-9	10.800000E-9	19.850000E-9	640.500000E-9	-759.330000E-6	0.000000E+0	28.844000E+0	156.565000E+0	7.391000E-6	6.150000E-6	NaN	NaN
	09/05/2023 16:30:35	-17.866000E-3	47.500000E-9	10.800000E-9	19.890000E-9	640.500000E-9	-776.320000E-6	0.000000E+0	28.956000E+0	156.453000E+0	7.279000E-6	6.140000E-6	NaN	NaN
	09/05/2023 16:30:43	-17.843000E-3	47.600000E-9	10.800000E-9	19.960000E-9	640.500000E-9	-786.930000E-6	0.000000E+0	28.732000E+0	156.340000E+0	7.727000E-6	6.140000E-6	NaN	NaN
	09/05/2023 16:30:52	-17.622000E-3	48.000000E-9	10.900000E-9	20.030000E-9	640.500000E-9	-766.220000E-6	0.000000E+0	28.956000E+0	156.453000E+0	7.615000E-6	6.150000E-6	NaN	NaN
	09/05/2023 16:31:00	-17.375000E-3	47.700000E-9	10.900000E-9	19.890000E-9	640.500000E-9	-788.420000E-6	0.000000E+0	28.956000E+0	156.340000E+0	7.391000E-6	6.150000E-6	NaN	NaN
	09/05/2023 16:31:09	-16.978000E-3	47.800000E-9	10.900000E-9	19.990000E-9	640.500000E-9	-753.160000E-6	0.000000E+0	28.844000E+0	156.453000E+0	7.055000E-6	6.140000E-6	NaN	NaN
	09/05/2023 16:31:18	-17.250000E-3	47.600000E-9	10.800000E-9	20.010000E-9	640.500000E-9	-748.490000E-6	0.000000E+0	28.844000E+0	156.228000E+0	7.391000E-6	6.150000E-6	NaN	NaN
	09/05/2023 16:31:26	-17.571000E-3	47.600000E-9	10.800000E-9	19.870000E-9	640.500000E-9	-756.350000E-6	0.000000E+0	28.956000E+0	156.340000E+0	7.503000E-6	6.150000E-6	NaN	NaN
	09/05/2023 16:31:35	-17.104000E-3	47.800000E-9	10.800000E-9	19.870000E-9	641.300000E-9	-750.450000E-6	0.000000E+0	28.956000E+0	156.453000E+0	7.839000E-6	6.150000E-6	NaN	NaN
	09/05/2023 16:31:43	-17.646000E-3	47.600000E-9	10.800000E-9	19.870000E-9	641.300000E-9	-769.670000E-6	0.000000E+0	28.956000E+0	156.453000E+0	7.279000E-6	6.150000E-6	NaN	NaN
	09/05/2023 16:31:52	-17.917000E-3	48.100000E-9	10.900000E-9	20.030000E-9	642.100000E-9	-750.690000E-6	0.000000E+0	28.956000E+0	156.228000E+0	8.063000E-6	6.140000E-6	NaN	NaN
	09/05/2023 16:32:00	-17.571000E-3	47.700000E-9	10.900000E-9	19.850000E-9	642.100000E-9	-767.200000E-6	0.000000E+0	28.956000E+0	156.228000E+0	7.391000E-6	6.140000E-6	NaN	NaN
	09/05/2023 16:32:09	-17.005000E-3	47.700000E-9	10.800000E-9	19.820000E-9	642.100000E-9	-774.860000E-6	0.000000E+0	28.844000E+0	156.228000E+0	7.391000E-6	6.140000E-6	NaN	NaN
	09/05/2023 16:32:19	-17.670000E-3	47.400000E-9	10.800000E-9	19.710000E-9	642.100000E-9	-751.440000E-6	0.000000E+0	28.844000E+0	156.340000E+0	7.615000E-6	6.140000E-6	NaN	NaN
	09/05/2023 16:32:27	-17.497000E-3	47.600000E-9	10.800000E-9	19.850000E-9	642.100000E-9	-750.180000E-6	0.000000E+0	28.956000E+0	156.340000E+0	8.063000E-6	6.140000E-6	NaN	NaN
	09/05/2023 16:32:36	-17.992000E-3	47.900000E-9	10.900000E-9	20.130000E-9	642.900000E-9	-759.810000E-6	0.000000E+0	29.068000E+0	156.228000E+0	7.503000E-6	6.140000E-6	NaN	NaN
	09/05/2023 16:32:44	-17.646000E-3	48.100000E-9	10.900000E-9	20.160000E-9	642.900000E-9	-753.160000E-6	0.000000E+0	28.844000E+0	156.228000E+0	8.063000E-6	6.140000E-6	NaN	NaN
	09/05/2023 16:32:53	-17.473000E-3	48.200000E-9	10.900000E-9	20.130000E-9	642.900000E-9	-745.770000E-6	0.000000E+0	29.181000E+0	156.340000E+0	6.607000E-6	6.140000E-6	NaN	NaN
	09/05/2023 16:33:01	-17.202000E-3	46.200000E-9	10.600000E-9	17.750000E-9	642.900000E-9	-751.910000E-6	0.000000E+0	29.068000E+0	156.228000E+0	7.839000E-6	6.140000E-6	NaN	NaN
	09/05/2023 16:33:10	-17.422000E-3	38.600000E-9	8.650000E-9	15.840000E-9	642.900000E-9	-755.130000E-6	0.000000E+0	28.956000E+0	156.340000E+0	7.727000E-6	6.140000E-6	NaN	NaN
	09/05/2023 16:33:18	-17.202000E-3	36.600000E-9	8.310000E-9	15.000000E-9	643.600000E-9	-754.390000E-6	0.000000E+0	29.068000E+0	156.340000E+0	8.287000E-6	6.140000E-6	NaN	NaN
	09/05/2023 16:33:27	-17.843000E-3	35.700000E-9	8.150000E-9	14.790000E-9	643.600000E-9	-757.340000E-6	0.000000E+0	28.844000E+0	156.340000E+0	7.503000E-6	6.140000E-6	NaN	NaN
	09/05/2023 16:33:35	-18.016000E-3	35.300000E-9	8.030000E-9	14.430000E-9	643.600000E-9	-782.760000E-6	0.000000E+0	29.068000E+0	156.340000E+0	7.167000E-6	6.140000E-6	NaN	NaN
	09/05/2023 16:33:44	-17.375000E-3	34.400000E-9	7.870000E-9	14.110000E-9	642.900000E-9	-747.000000E-6	0.000000E+0	28.956000E+0	156.340000E+0	8.287000E-6	6.140000E-6	NaN	NaN
	09/05/2023 16:33:52	-17.548000E-3	34.100000E-9	7.800000E-9	13.930000E-9	643.600000E-9	-755.130000E-6	0.000000E+0	29.068000E+0	156.004000E+0	7.615000E-6	6.140000E-6	NaN	NaN
	09/05/2023 16:34:01	-17.768000E-3	33.600000E-9	7.680000E-9	13.680000E-9	644.400000E-9	-750.180000E-6	0.000000E+0	29.068000E+0	156.116000E+0	7.951000E-6	6.140000E-6	NaN	NaN
	09/05/2023 16:34:10	-17.250000E-3	33.100000E-9	7.570000E-9	13.410000E-9	643.600000E-9	-747.230000E-6	0.000000E+0	28.844000E+0	156.228000E+0	7.279000E-6	6.140000E-6	NaN	NaN
	09/05/2023 16:34:18	-17.941000E-3	32.300000E-9	7.410000E-9	13.230000E-9	643.600000E-9	-765.740000E-6	0.000000E+0	28.956000E+0	156.228000E+0	8.175000E-6	6.140000E-6	NaN	NaN
	09/05/2023 16:34:27	-17.792000E-3	32.300000E-9	7.380000E-9	13.130000E-9	643.600000E-9	-751.910000E-6	0.000000E+0	28.956000E+0	156.340000E+0	8.735000E-6	6.140000E-6	NaN	NaN
	09/05/2023 16:34:35	-17.399000E-3	31.800000E-9	7.300000E-9	13.000000E-9	644.400000E-9	-753.160000E-6	0.000000E+0	28.956000E+0	156.340000E+0	7.391000E-6	6.150000E-6	NaN	NaN
	09/05/2023 16:34:44	-17.521000E-3	31.900000E-9	7.320000E-9	13.030000E-9	644.400000E-9	-784.460000E-6	0.000000E+0	29.068000E+0	156.116000E+0	7.279000E-6	6.140000E-6	NaN	NaN
	09/05/2023 16:34:52	-17.893000E-3	31.800000E-9	7.320000E-9	12.990000E-9	644.400000E-9	-752.180000E-6	0.000000E+0	29.068000E+0	156.004000E+0	7.727000E-6	6.140000E-6	NaN	NaN
	09/05/2023 16:35:01	-17.571000E-3	31.900000E-9	7.300000E-9	12.970000E-9	645.200000E-9	-754.150000E-6	0.000000E+0	28.844000E+0	156.116000E+0	7.839000E-6	6.140000E-6	NaN	NaN
	09/05/2023 16:35:09	-18.063000E-3	31.900000E-9	7.330000E-9	12.990000E-9	645.200000E-9	-752.180000E-6	0.000000E+0	29.181000E+0	156.116000E+0	8.175000E-6	6.140000E-6	NaN	NaN
	09/05/2023 16:35:18	-17.399000E-3	31.600000E-9	7.240000E-9	12.840000E-9	644.400000E-9	-751.200000E-6	0.000000E+0	28.956000E+0	156.228000E+0	7.391000E-6	6.140000E-6	NaN	NaN
	09/05/2023 16:35:26	-17.744000E-3	31.500000E-9	7.250000E-9	12.880000E-9	646.000000E-9	-758.320000E-6	0.000000E+0	28.956000E+0	156.116000E+0	7.391000E-6	6.140000E-6	NaN	NaN
	09/05/2023 16:35:35	-17.497000E-3	31.200000E-9	7.210000E-9	13.070000E-9	645.200000E-9	-752.420000E-6	0.000000E+0	29.068000E+0	156.228000E+0	7.391000E-6	6.140000E-6	NaN	NaN
	09/05/2023 16:35:44	-17.622000E-3	31.600000E-9	7.330000E-9	12.870000E-9	646.700000E-9	-750.450000E-6	0.000000E+0	28.844000E+0	156.004000E+0	7.279000E-6	6.140000E-6	NaN	NaN
	09/05/2023 16:35:52	-18.287000E-3	31.500000E-9	7.320000E-9	12.870000E-9	646.000000E-9	-750.180000E-6	0.000000E+0	28.956000E+0	156.340000E+0	7.727000E-6	6.140000E-6	NaN	NaN
	09/05/2023 16:36:01	-17.104000E-3	31.200000E-9	7.220000E-9	12.720000E-9	646.700000E-9	-763.030000E-6	0.000000E+0	28.844000E+0	156.116000E+0	7.727000E-6	6.140000E-6	NaN	NaN
	09/05/2023 16:36:09	-17.992000E-3	31.100000E-9	7.170000E-9	12.820000E-9	646.000000E-9	-749.950000E-6	0.000000E+0	28.956000E+0	156.116000E+0	7.391000E-6	6.150000E-6	NaN	NaN
	09/05/2023 16:36:18	-17.497000E-3	30.800000E-9	7.120000E-9	12.690000E-9	646.700000E-9	-762.760000E-6	0.000000E+0	29.068000E+0	156.228000E+0	7.727000E-6	6.150000E-6	NaN	NaN
	09/05/2023 16:36:26	-17.473000E-3	30.700000E-9	7.070000E-9	12.540000E-9	647.500000E-9	-783.000000E-6	0.000000E+0	29.068000E+0	156.228000E+0	7.839000E-6	6.140000E-6	NaN	NaN
	09/05/2023 16:36:35	-14.490000E-3	30.700000E-9	7.100000E-9	12.580000E-9	647.500000E-9	-752.900000E-6	0.000000E+0	28.956000E+0	156.004000E+0	7.727000E-6	6.140000E-6	NaN	NaN
	09/05/2023 16:36:43	-17.548000E-3	31.100000E-9	7.180000E-9	12.640000E-9	684.300000E-9	-752.420000E-6	0.000000E+0	29.068000E+0	156.228000E+0	7.279000E-6	6.140000E-6	NaN	NaN
	09/05/2023 16:36:52	-17.893000E-3	30.600000E-9	7.090000E-9	12.520000E-9	666.400000E-9	-792.860000E-6	0.000000E+0	28.956000E+0	156.116000E+0	7.727000E-6	6.140000E-6	NaN	NaN
	09/05/2023 16:37:01	-17.694000E-3	30.400000E-9	7.010000E-9	12.390000E-9	660.800000E-9	-782.250000E-6	0.000000E+0	29.068000E+0	156.116000E+0	8.063000E-6	6.150000E-6	NaN	NaN
	09/05/2023 16:37:09	-17.300000E-3	30.500000E-9	7.050000E-9	12.430000E-9	654.500000E-9	-756.350000E-6	0.000000E+0	29.181000E+0	156.116000E+0	7.615000E-6	6.150000E-6	NaN	NaN
	09/05/2023 16:37:18	-17.744000E-3	30.300000E-9	7.060000E-9	12.360000E-9	653.000000E-9	-793.610000E-6	0.000000E+0	28.844000E+0	156.004000E+0	7.951000E-6	6.150000E-6	NaN	NaN
	09/05/2023 16:37:26	-17.497000E-3	30.200000E-9	7.060000E-9	12.390000E-9	651.400000E-9	-789.640000E-6	0.000000E+0	28.844000E+0	156.004000E+0	7.727000E-6	6.140000E-6	NaN	NaN
	09/05/2023 16:37:35	-17.449000E-3	29.800000E-9	6.990000E-9	12.250000E-9	650.600000E-9	-755.610000E-6	0.000000E+0	29.068000E+0	156.004000E+0	8.511000E-6	6.140000E-6	NaN	NaN
	09/05/2023 16:37:43	-17.866000E-3	30.000000E-9	6.970000E-9	12.280000E-9	649.800000E-9	-793.610000E-6	0.000000E+0	29.068000E+0	156.004000E+0	7.727000E-6	6.140000E-6	NaN	NaN
	09/05/2023 16:37:52	-17.080000E-3	30.200000E-9	6.990000E-9	12.400000E-9	649.800000E-9	-776.590000E-6	0.000000E+0	29.068000E+0	156.116000E+0	7.839000E-6	6.150000E-6	NaN	NaN
	09/05/2023 16:38:00	-17.744000E-3	30.300000E-9	6.970000E-9	12.330000E-9	649.800000E-9	-760.050000E-6	0.000000E+0	28.844000E+0	156.116000E+0	8.175000E-6	6.150000E-6	NaN	NaN
	09/05/2023 16:38:09	-17.768000E-3	30.400000E-9	7.040000E-9	12.400000E-9	694.200000E-9	-792.590000E-6	0.000000E+0	28.956000E+0	155.891000E+0	8.287000E-6	6.150000E-6	NaN	NaN
	09/05/2023 16:38:18	-17.422000E-3	30.600000E-9	7.080000E-9	12.490000E-9	681.000000E-9	-792.120000E-6	0.000000E+0	29.068000E+0	155.779000E+0	7.839000E-6	6.140000E-6	NaN	NaN
	09/05/2023 16:38:26	-17.375000E-3	30.400000E-9	7.070000E-9	12.510000E-9	672.800000E-9	-772.630000E-6	0.000000E+0	28.956000E+0	156.116000E+0	7.727000E-6	6.150000E-6	NaN	NaN
	09/05/2023 16:38:35	-17.893000E-3	30.500000E-9	7.150000E-9	12.510000E-9	666.400000E-9	-780.050000E-6	0.000000E+0	28.844000E+0	155.891000E+0	7.279000E-6	6.150000E-6	NaN	NaN
	09/05/2023 16:38:43	-17.497000E-3	30.900000E-9	7.190000E-9	12.600000E-9	662.400000E-9	-768.930000E-6	0.000000E+0	28.956000E+0	156.004000E+0	7.503000E-6	6.150000E-6	NaN	NaN
	09/05/2023 16:38:52	-16.978000E-3	30.900000E-9	7.110000E-9	12.640000E-9	660.800000E-9	-771.160000E-6	0.000000E+0	29.068000E+0	155.891000E+0	8.287000E-6	6.150000E-6	NaN	NaN
	09/05/2023 16:39:00	-17.744000E-3	30.900000E-9	7.180000E-9	12.610000E-9	659.300000E-9	-780.280000E-6	0.000000E+0	29.068000E+0	156.004000E+0	7.615000E-6	6.150000E-6	NaN	NaN
	09/05/2023 16:39:09	-17.202000E-3	30.800000E-9	7.150000E-9	12.630000E-9	654.500000E-9	-773.610000E-6	0.000000E+0	29.181000E+0	155.891000E+0	8.287000E-6	6.150000E-6	NaN	NaN
	09/05/2023 16:39:17	-17.893000E-3	31.000000E-9	7.190000E-9	12.640000E-9	654.500000E-9	-773.610000E-6	0.000000E+0	28.956000E+0	156.004000E+0	8.063000E-6	6.150000E-6	NaN	NaN
	09/05/2023 16:39:26	-17.497000E-3	30.800000E-9	7.150000E-9	12.570000E-9	654.500000E-9	-792.860000E-6	0.000000E+0	29.068000E+0	156.004000E+0	8.287000E-6	6.150000E-6	NaN	NaN
	09/05/2023 16:39:34	-17.473000E-3	31.100000E-9	7.210000E-9	12.630000E-9	653.700000E-9	-755.130000E-6	0.000000E+0	29.068000E+0	156.004000E+0	7.839000E-6	6.150000E-6	NaN	NaN
	09/05/2023 16:39:43	-17.571000E-3	30.800000E-9	7.150000E-9	12.540000E-9	653.700000E-9	-767.710000E-6	0.000000E+0	29.068000E+0	156.004000E+0	7.727000E-6	6.150000E-6	NaN	NaN
	09/05/2023 16:39:51	-17.250000E-3	30.700000E-9	7.110000E-9	12.660000E-9	653.700000E-9	-786.690000E-6	0.000000E+0	29.068000E+0	156.004000E+0	7.951000E-6	6.150000E-6	NaN	NaN
	09/05/2023 16:40:00	-17.670000E-3	30.500000E-9	7.080000E-9	12.510000E-9	653.700000E-9	-756.620000E-6	0.000000E+0	29.181000E+0	156.004000E+0	7.839000E-6	6.150000E-6	NaN	NaN
	09/05/2023 16:40:09	-17.324000E-3	30.500000E-9	7.060000E-9	12.490000E-9	653.700000E-9	-771.640000E-6	0.000000E+0	28.956000E+0	155.891000E+0	7.615000E-6	6.150000E-6	NaN	NaN
	09/05/2023 16:40:17	-17.250000E-3	30.500000E-9	7.060000E-9	12.490000E-9	653.700000E-9	-756.110000E-6	0.000000E+0	29.068000E+0	155.779000E+0	7.055000E-6	6.150000E-6	NaN	NaN
	09/05/2023 16:40:26	-17.226000E-3	30.400000E-9	7.050000E-9	12.490000E-9	653.700000E-9	-773.370000E-6	0.000000E+0	28.956000E+0	155.891000E+0	7.727000E-6	6.150000E-6	NaN	NaN
	09/05/2023 16:40:34	-17.473000E-3	30.700000E-9	7.090000E-9	12.510000E-9	653.700000E-9	-798.020000E-6	0.000000E+0	29.293000E+0	155.891000E+0	8.399000E-6	6.150000E-6	NaN	NaN
	09/05/2023 16:40:43	-17.548000E-3	30.500000E-9	7.050000E-9	12.400000E-9	653.700000E-9	-777.570000E-6	0.000000E+0	29.068000E+0	155.891000E+0	7.727000E-6	6.150000E-6	NaN	NaN
	09/05/2023 16:40:51	-17.521000E-3	30.100000E-9	6.980000E-9	12.360000E-9	653.700000E-9	-793.840000E-6	0.000000E+0	29.068000E+0	155.779000E+0	7.951000E-6	6.150000E-6	NaN	NaN
	09/05/2023 16:41:00	-17.178000E-3	30.300000E-9	7.070000E-9	12.390000E-9	653.700000E-9	-749.950000E-6	0.000000E+0	28.956000E+0	155.891000E+0	7.951000E-6	6.150000E-6	NaN	NaN
	09/05/2023 16:41:08	-17.965000E-3	30.300000E-9	7.110000E-9	12.420000E-9	653.700000E-9	-795.070000E-6	0.000000E+0	28.956000E+0	155.891000E+0	8.399000E-6	6.150000E-6	NaN	NaN
	09/05/2023 16:41:17	-17.792000E-3	30.200000E-9	7.060000E-9	12.370000E-9	653.700000E-9	-757.600000E-6	0.000000E+0	29.068000E+0	155.891000E+0	7.839000E-6	6.150000E-6	NaN	NaN
	09/05/2023 16:41:26	-16.880000E-3	30.300000E-9	6.990000E-9	12.360000E-9	653.700000E-9	-785.710000E-6	0.000000E+0	28.956000E+0	155.779000E+0	7.615000E-6	6.150000E-6	NaN	NaN
	09/05/2023 16:41:34	-17.670000E-3	30.200000E-9	7.010000E-9	12.340000E-9	654.500000E-9	-776.590000E-6	0.000000E+0	29.068000E+0	155.779000E+0	7.839000E-6	6.150000E-6	NaN	NaN
	09/05/2023 16:41:43	-18.039000E-3	30.100000E-9	7.010000E-9	12.460000E-9	654.500000E-9	-790.890000E-6	0.000000E+0	29.068000E+0	155.779000E+0	7.951000E-6	6.150000E-6	NaN	NaN
	09/05/2023 16:41:51	-17.300000E-3	30.100000E-9	7.020000E-9	12.310000E-9	654.500000E-9	-759.810000E-6	0.000000E+0	29.181000E+0	155.779000E+0	8.175000E-6	6.150000E-6	NaN	NaN
	09/05/2023 16:42:00	-17.005000E-3	30.100000E-9	6.990000E-9	12.520000E-9	653.700000E-9	-750.930000E-6	0.000000E+0	29.068000E+0	155.667000E+0	7.503000E-6	6.150000E-6	NaN	NaN
	09/05/2023 16:42:08	-17.843000E-3	30.000000E-9	6.950000E-9	12.310000E-9	653.700000E-9	-795.070000E-6	0.000000E+0	28.956000E+0	155.891000E+0	7.727000E-6	6.150000E-6	NaN	NaN
	09/05/2023 16:42:17	-17.571000E-3	29.900000E-9	6.950000E-9	12.190000E-9	653.700000E-9	-774.120000E-6	0.000000E+0	29.068000E+0	156.004000E+0	8.399000E-6	6.150000E-6	NaN	NaN
	09/05/2023 16:42:25	-18.039000E-3	29.900000E-9	6.940000E-9	12.190000E-9	654.500000E-9	-753.160000E-6	0.000000E+0	29.181000E+0	155.891000E+0	8.063000E-6	6.150000E-6	NaN	NaN
	09/05/2023 16:42:34	-17.595000E-3	30.200000E-9	6.990000E-9	12.330000E-9	654.500000E-9	-784.220000E-6	0.000000E+0	29.068000E+0	155.779000E+0	8.399000E-6	6.150000E-6	NaN	NaN
	09/05/2023 16:42:43	-17.324000E-3	30.100000E-9	6.980000E-9	12.330000E-9	654.500000E-9	-793.610000E-6	0.000000E+0	29.181000E+0	155.779000E+0	7.615000E-6	6.150000E-6	NaN	NaN
	09/05/2023 16:42:51	-17.548000E-3	30.100000E-9	6.950000E-9	12.310000E-9	654.500000E-9	-789.640000E-6	0.000000E+0	29.181000E+0	155.667000E+0	8.399000E-6	6.150000E-6	NaN	NaN
	09/05/2023 16:43:00	-17.917000E-3	30.000000E-9	6.960000E-9	12.250000E-9	654.500000E-9	-760.560000E-6	0.000000E+0	29.181000E+0	155.891000E+0	7.615000E-6	6.150000E-6	NaN	NaN
	09/05/2023 16:43:08	-17.548000E-3	29.900000E-9	6.920000E-9	12.300000E-9	654.500000E-9	-756.350000E-6	0.000000E+0	29.068000E+0	155.667000E+0	7.839000E-6	6.150000E-6	NaN	NaN
	09/05/2023 16:43:17	-17.720000E-3	29.800000E-9	6.920000E-9	12.180000E-9	654.500000E-9	-759.330000E-6	0.000000E+0	29.068000E+0	155.891000E+0	8.399000E-6	6.150000E-6	NaN	NaN
	09/05/2023 16:43:25	-18.016000E-3	30.100000E-9	6.960000E-9	12.310000E-9	654.500000E-9	-770.180000E-6	0.000000E+0	29.068000E+0	155.779000E+0	7.839000E-6	6.150000E-6	NaN	NaN
	09/05/2023 16:43:34	-17.351000E-3	29.900000E-9	6.950000E-9	12.270000E-9	654.500000E-9	-796.790000E-6	0.000000E+0	29.068000E+0	155.779000E+0	7.951000E-6	6.150000E-6	NaN	NaN
	09/05/2023 16:43:42	-17.646000E-3	30.000000E-9	6.980000E-9	12.280000E-9	654.500000E-9	-754.890000E-6	0.000000E+0	28.956000E+0	156.004000E+0	7.279000E-6	6.150000E-6	NaN	NaN
	09/05/2023 16:43:51	-17.571000E-3	29.900000E-9	6.970000E-9	12.340000E-9	654.500000E-9	-754.890000E-6	0.000000E+0	29.068000E+0	155.779000E+0	8.847000E-6	6.150000E-6	NaN	NaN
	09/05/2023 16:43:59	-17.324000E-3	29.900000E-9	6.960000E-9	12.240000E-9	654.500000E-9	-754.890000E-6	0.000000E+0	29.068000E+0	155.779000E+0	7.279000E-6	6.150000E-6	NaN	NaN
	09/05/2023 16:44:08	-17.744000E-3	29.900000E-9	6.970000E-9	12.190000E-9	654.500000E-9	-787.910000E-6	0.000000E+0	29.181000E+0	155.779000E+0	7.055000E-6	6.150000E-6	NaN	NaN
	09/05/2023 16:44:17	-17.694000E-3	29.800000E-9	6.970000E-9	12.210000E-9	654.500000E-9	-765.230000E-6	0.000000E+0	29.068000E+0	155.667000E+0	7.615000E-6	6.150000E-6	NaN	NaN
	09/05/2023 16:44:25	-17.571000E-3	29.700000E-9	6.880000E-9	12.090000E-9	654.500000E-9	-757.840000E-6	0.000000E+0	29.068000E+0	155.779000E+0	7.615000E-6	6.150000E-6	NaN	NaN
	09/05/2023 16:44:34	-17.571000E-3	29.700000E-9	6.900000E-9	12.070000E-9	655.300000E-9	-755.880000E-6	0.000000E+0	29.181000E+0	156.004000E+0	7.839000E-6	6.150000E-6	NaN	NaN
	09/05/2023 16:44:42	-17.670000E-3	29.500000E-9	6.880000E-9	12.070000E-9	655.300000E-9	-782.760000E-6	0.000000E+0	29.293000E+0	155.667000E+0	7.727000E-6	6.150000E-6	NaN	NaN
	09/05/2023 16:44:51	-17.422000E-3	29.600000E-9	6.930000E-9	12.060000E-9	655.300000E-9	-754.890000E-6	0.000000E+0	28.956000E+0	155.667000E+0	8.399000E-6	6.150000E-6	NaN	NaN
	09/05/2023 16:44:59	-17.422000E-3	29.300000E-9	6.830000E-9	12.010000E-9	655.300000E-9	-788.900000E-6	0.000000E+0	28.956000E+0	155.667000E+0	8.511000E-6	6.150000E-6	NaN	NaN
	09/05/2023 16:45:08	-17.250000E-3	29.200000E-9	6.850000E-9	12.090000E-9	655.300000E-9	-755.610000E-6	0.000000E+0	29.181000E+0	155.891000E+0	8.175000E-6	6.150000E-6	NaN	NaN
	09/05/2023 16:45:16	-17.694000E-3	29.600000E-9	6.900000E-9	12.040000E-9	657.700000E-9	-767.950000E-6	0.000000E+0	29.068000E+0	155.667000E+0	8.623000E-6	6.150000E-6	NaN	NaN
	09/05/2023 16:45:25	-18.165000E-3	29.800000E-9	6.890000E-9	12.120000E-9	659.300000E-9	-771.910000E-6	0.000000E+0	29.068000E+0	155.667000E+0	8.735000E-6	6.150000E-6	NaN	NaN
	09/05/2023 16:45:33	-17.941000E-3	29.600000E-9	6.880000E-9	12.160000E-9	658.500000E-9	-753.160000E-6	0.000000E+0	29.181000E+0	155.667000E+0	8.175000E-6	6.150000E-6	NaN	NaN
	09/05/2023 16:45:42	-16.880000E-3	29.700000E-9	6.920000E-9	12.210000E-9	660.000000E-9	-765.980000E-6	0.000000E+0	29.181000E+0	155.667000E+0	8.287000E-6	6.150000E-6	NaN	NaN
	09/05/2023 16:45:50	-17.399000E-3	30.000000E-9	6.970000E-9	12.250000E-9	659.300000E-9	-793.840000E-6	0.000000E+0	29.068000E+0	155.667000E+0	8.287000E-6	6.150000E-6	NaN	NaN
	09/05/2023 16:45:59	-17.819000E-3	30.000000E-9	7.000000E-9	13.310000E-9	660.000000E-9	-797.030000E-6	0.000000E+0	29.181000E+0	155.555000E+0	8.511000E-6	6.150000E-6	NaN	NaN
	09/05/2023 16:46:08	-17.521000E-3	40.900000E-9	9.510000E-9	16.860000E-9	660.000000E-9	-771.160000E-6	0.000000E+0	29.181000E+0	155.667000E+0	8.175000E-6	6.150000E-6	NaN	NaN
	09/05/2023 16:46:16	-17.276000E-3	42.600000E-9	9.890000E-9	17.670000E-9	660.000000E-9	-788.900000E-6	0.000000E+0	29.068000E+0	155.667000E+0	9.183000E-6	6.150000E-6	NaN	NaN
	09/05/2023 16:46:25	-17.276000E-3	43.600000E-9	10.100000E-9	17.980000E-9	660.000000E-9	-754.150000E-6	0.000000E+0	29.293000E+0	155.779000E+0	8.063000E-6	6.150000E-6	NaN	NaN
	09/05/2023 16:46:33	-17.571000E-3	44.600000E-9	10.300000E-9	18.380000E-9	660.800000E-9	-752.900000E-6	0.000000E+0	29.181000E+0	155.667000E+0	8.063000E-6	6.150000E-6	NaN	NaN
	09/05/2023 16:46:42	-17.622000E-3	45.200000E-9	10.400000E-9	18.600000E-9	660.800000E-9	-793.100000E-6	0.000000E+0	29.068000E+0	155.555000E+0	8.511000E-6	6.150000E-6	NaN	NaN
	09/05/2023 16:46:50	-18.039000E-3	45.400000E-9	10.500000E-9	18.850000E-9	660.800000E-9	-760.050000E-6	0.000000E+0	29.181000E+0	155.667000E+0	8.287000E-6	6.150000E-6	NaN	NaN
	09/05/2023 16:46:59	-17.792000E-3	46.000000E-9	10.600000E-9	19.070000E-9	660.800000E-9	-794.830000E-6	0.000000E+0	29.181000E+0	155.555000E+0	8.399000E-6	6.150000E-6	NaN	NaN
	09/05/2023 16:47:07	-17.819000E-3	46.400000E-9	10.700000E-9	19.280000E-9	660.800000E-9	-757.600000E-6	0.000000E+0	29.293000E+0	155.667000E+0	8.511000E-6	6.150000E-6	NaN	NaN
	09/05/2023 16:47:16	-17.893000E-3	46.700000E-9	10.700000E-9	19.470000E-9	661.600000E-9	-755.610000E-6	0.000000E+0	29.068000E+0	155.555000E+0	7.615000E-6	6.150000E-6	NaN	NaN
	09/05/2023 16:47:25	-17.941000E-3	47.000000E-9	10.800000E-9	19.610000E-9	661.600000E-9	-797.300000E-6	0.000000E+0	29.181000E+0	155.667000E+0	8.287000E-6	6.150000E-6	NaN	NaN
	09/05/2023 16:47:33	-17.548000E-3	47.800000E-9	10.900000E-9	19.820000E-9	661.600000E-9	-785.950000E-6	0.000000E+0	29.068000E+0	155.443000E+0	7.951000E-6	6.160000E-6	NaN	NaN
	09/05/2023 16:47:42	-17.151000E-3	47.800000E-9	10.900000E-9	19.850000E-9	661.600000E-9	-777.070000E-6	0.000000E+0	29.293000E+0	155.555000E+0	7.503000E-6	6.160000E-6	NaN	NaN
	09/05/2023 16:47:50	-17.917000E-3	47.900000E-9	11.000000E-9	19.990000E-9	661.600000E-9	-784.960000E-6	0.000000E+0	29.181000E+0	155.330000E+0	7.503000E-6	6.150000E-6	NaN	NaN
	09/05/2023 16:47:59	-17.300000E-3	48.200000E-9	11.000000E-9	20.080000E-9	661.600000E-9	-779.030000E-6	0.000000E+0	29.181000E+0	155.443000E+0	8.175000E-6	6.150000E-6	NaN	NaN
	09/05/2023 16:48:07	-17.622000E-3	48.600000E-9	11.100000E-9	20.210000E-9	661.600000E-9	-755.880000E-6	0.000000E+0	29.068000E+0	155.555000E+0	7.951000E-6	6.150000E-6	NaN	NaN
	09/05/2023 16:48:16	-17.792000E-3	48.200000E-9	11.000000E-9	20.080000E-9	661.600000E-9	-780.760000E-6	0.000000E+0	29.181000E+0	155.443000E+0	7.951000E-6	6.160000E-6	NaN	NaN
	09/05/2023 16:48:24	-17.622000E-3	39.100000E-9	8.850000E-9	15.970000E-9	661.600000E-9	-790.630000E-6	0.000000E+0	29.181000E+0	155.555000E+0	8.287000E-6	6.150000E-6	NaN	NaN
	09/05/2023 16:48:33	-17.521000E-3	37.100000E-9	8.370000E-9	15.090000E-9	661.600000E-9	-757.340000E-6	0.000000E+0	29.181000E+0	155.555000E+0	7.727000E-6	6.150000E-6	NaN	NaN
	09/05/2023 16:48:41	-17.226000E-3	35.800000E-9	8.110000E-9	14.740000E-9	662.400000E-9	-761.540000E-6	0.000000E+0	29.181000E+0	155.443000E+0	7.727000E-6	6.150000E-6	NaN	NaN
	09/05/2023 16:48:50	-17.497000E-3	34.900000E-9	7.910000E-9	14.290000E-9	662.400000E-9	-785.470000E-6	0.000000E+0	29.181000E+0	155.443000E+0	8.175000E-6	6.150000E-6	NaN	NaN
	09/05/2023 16:48:59	-17.497000E-3	33.900000E-9	7.750000E-9	13.880000E-9	663.200000E-9	-779.030000E-6	0.000000E+0	29.068000E+0	155.443000E+0	8.287000E-6	6.150000E-6	NaN	NaN
	09/05/2023 16:49:07	-17.744000E-3	33.400000E-9	7.610000E-9	13.750000E-9	663.200000E-9	-801.240000E-6	0.000000E+0	29.293000E+0	155.443000E+0	8.959000E-6	6.150000E-6	NaN	NaN
	09/05/2023 16:49:16	-17.571000E-3	33.000000E-9	7.550000E-9	13.500000E-9	662.400000E-9	-761.300000E-6	0.000000E+0	29.068000E+0	155.555000E+0	7.839000E-6	6.150000E-6	NaN	NaN
	09/05/2023 16:49:24	-17.646000E-3	32.900000E-9	7.550000E-9	13.490000E-9	663.200000E-9	-775.100000E-6	0.000000E+0	29.068000E+0	155.443000E+0	7.839000E-6	6.150000E-6	NaN	NaN
	09/05/2023 16:49:33	-17.375000E-3	32.700000E-9	7.520000E-9	13.370000E-9	663.200000E-9	-796.050000E-6	0.000000E+0	29.181000E+0	155.555000E+0	8.623000E-6	6.150000E-6	NaN	NaN
	09/05/2023 16:49:41	-17.744000E-3	32.700000E-9	7.520000E-9	13.330000E-9	664.000000E-9	-758.320000E-6	0.000000E+0	29.181000E+0	155.330000E+0	7.727000E-6	6.150000E-6	NaN	NaN
	09/05/2023 16:49:50	-17.375000E-3	31.900000E-9	7.370000E-9	13.120000E-9	664.800000E-9	-755.880000E-6	0.000000E+0	29.181000E+0	155.330000E+0	7.951000E-6	6.150000E-6	NaN	NaN
	09/05/2023 16:49:58	-17.720000E-3	31.600000E-9	7.310000E-9	12.910000E-9	664.800000E-9	-787.910000E-6	0.000000E+0	29.181000E+0	155.443000E+0	8.175000E-6	6.150000E-6	NaN	NaN
	09/05/2023 16:50:07	-17.300000E-3	32.000000E-9	7.390000E-9	13.000000E-9	665.600000E-9	-763.510000E-6	0.000000E+0	29.293000E+0	155.218000E+0	8.063000E-6	6.150000E-6	NaN	NaN
	09/05/2023 16:50:16	-17.595000E-3	32.000000E-9	7.420000E-9	12.990000E-9	664.800000E-9	-787.170000E-6	0.000000E+0	29.181000E+0	155.443000E+0	7.951000E-6	6.150000E-6	NaN	NaN
	09/05/2023 16:50:24	-17.053000E-3	31.800000E-9	7.390000E-9	13.080000E-9	665.600000E-9	-758.590000E-6	0.000000E+0	29.181000E+0	155.443000E+0	7.951000E-6	6.160000E-6	NaN	NaN
	09/05/2023 16:50:33	-17.104000E-3	31.700000E-9	7.360000E-9	13.020000E-9	665.600000E-9	-795.810000E-6	0.000000E+0	29.181000E+0	155.443000E+0	7.951000E-6	6.150000E-6	NaN	NaN
	09/05/2023 16:50:41	-18.090000E-3	31.700000E-9	7.340000E-9	12.910000E-9	665.600000E-9	-783.000000E-6	0.000000E+0	29.181000E+0	155.218000E+0	7.951000E-6	6.150000E-6	NaN	NaN
	09/05/2023 16:50:50	-17.720000E-3	31.400000E-9	7.300000E-9	12.810000E-9	666.400000E-9	-799.270000E-6	0.000000E+0	29.181000E+0	155.330000E+0	7.615000E-6	6.160000E-6	NaN	NaN
	09/05/2023 16:50:58	-17.720000E-3	31.100000E-9	7.220000E-9	12.660000E-9	666.400000E-9	-798.020000E-6	0.000000E+0	29.181000E+0	155.330000E+0	8.511000E-6	6.160000E-6	NaN	NaN
	09/05/2023 16:51:07	-17.965000E-3	30.700000E-9	7.090000E-9	12.520000E-9	666.400000E-9	-751.670000E-6	0.000000E+0	29.181000E+0	155.443000E+0	7.951000E-6	6.160000E-6	NaN	NaN
	09/05/2023 16:51:16	-17.720000E-3	30.800000E-9	7.100000E-9	12.550000E-9	666.400000E-9	-774.120000E-6	0.000000E+0	29.293000E+0	155.443000E+0	8.735000E-6	6.150000E-6	NaN	NaN
	09/05/2023 16:51:24	-17.893000E-3	30.500000E-9	7.070000E-9	12.510000E-9	666.400000E-9	-798.520000E-6	0.000000E+0	29.293000E+0	155.330000E+0	8.399000E-6	6.150000E-6	NaN	NaN
	09/05/2023 16:51:33	-17.843000E-3	30.600000E-9	7.080000E-9	12.550000E-9	667.200000E-9	-796.560000E-6	0.000000E+0	29.293000E+0	155.330000E+0	8.399000E-6	6.150000E-6	NaN	NaN
	09/05/2023 16:51:41	-17.670000E-3	30.500000E-9	7.050000E-9	12.600000E-9	667.200000E-9	-760.790000E-6	0.000000E+0	29.293000E+0	155.443000E+0	8.175000E-6	6.150000E-6	NaN	NaN
	09/05/2023 16:51:50	-17.548000E-3	30.600000E-9	7.050000E-9	12.450000E-9	667.200000E-9	-795.070000E-6	0.000000E+0	29.181000E+0	155.106000E+0	8.063000E-6	6.150000E-6	NaN	NaN
	09/05/2023 16:51:58	-17.670000E-3	30.600000E-9	7.060000E-9	12.540000E-9	667.200000E-9	-757.100000E-6	0.000000E+0	29.293000E+0	155.330000E+0	8.175000E-6	6.160000E-6	NaN	NaN
	09/05/2023 16:52:07	-18.165000E-3	30.400000E-9	7.050000E-9	12.480000E-9	667.200000E-9	-757.100000E-6	0.000000E+0	29.293000E+0	155.443000E+0	8.623000E-6	6.160000E-6	NaN	NaN
	09/05/2023 16:52:16	-17.375000E-3	30.200000E-9	7.050000E-9	12.400000E-9	667.200000E-9	-762.280000E-6	0.000000E+0	29.068000E+0	155.218000E+0	9.071000E-6	6.160000E-6	NaN	NaN
	09/05/2023 16:52:24	-17.375000E-3	30.400000E-9	7.100000E-9	12.400000E-9	668.000000E-9	-786.190000E-6	0.000000E+0	29.293000E+0	155.330000E+0	7.503000E-6	6.140000E-6	NaN	NaN
	09/05/2023 16:52:33	-17.992000E-3	30.600000E-9	7.120000E-9	12.670000E-9	668.000000E-9	-797.300000E-6	0.000000E+0	29.293000E+0	155.443000E+0	8.287000E-6	6.150000E-6	NaN	NaN
	09/05/2023 16:52:41	-18.016000E-3	40.500000E-9	9.350000E-9	16.740000E-9	668.000000E-9	-786.450000E-6	0.000000E+0	29.181000E+0	155.443000E+0	8.063000E-6	6.150000E-6	NaN	NaN
	09/05/2023 16:52:50	-17.422000E-3	42.500000E-9	9.930000E-9	17.480000E-9	668.000000E-9	-778.320000E-6	0.000000E+0	29.068000E+0	155.106000E+0	8.511000E-6	6.150000E-6	NaN	NaN
	09/05/2023 16:52:58	-17.670000E-3	43.400000E-9	10.100000E-9	17.920000E-9	668.000000E-9	-792.350000E-6	0.000000E+0	29.293000E+0	155.106000E+0	7.615000E-6	6.150000E-6	NaN	NaN
	09/05/2023 16:53:07	-17.473000E-3	44.300000E-9	10.300000E-9	18.180000E-9	668.800000E-9	-796.560000E-6	0.000000E+0	29.181000E+0	155.218000E+0	7.503000E-6	6.150000E-6	NaN	NaN
	09/05/2023 16:53:15	-18.236000E-3	44.900000E-9	10.400000E-9	18.560000E-9	668.000000E-9	-776.320000E-6	0.000000E+0	29.181000E+0	155.218000E+0	8.735000E-6	6.150000E-6	NaN	NaN
	09/05/2023 16:53:24	-18.063000E-3	45.400000E-9	10.500000E-9	18.780000E-9	668.000000E-9	-785.470000E-6	0.000000E+0	29.293000E+0	155.330000E+0	7.839000E-6	6.150000E-6	NaN	NaN
	09/05/2023 16:53:32	-17.521000E-3	46.300000E-9	10.700000E-9	19.520000E-9	668.000000E-9	-793.610000E-6	0.000000E+0	29.181000E+0	155.330000E+0	8.399000E-6	6.150000E-6	NaN	NaN
	09/05/2023 16:53:41	-17.792000E-3	46.900000E-9	10.800000E-9	19.490000E-9	668.800000E-9	-793.340000E-6	0.000000E+0	29.293000E+0	155.218000E+0	7.727000E-6	6.150000E-6	NaN	NaN
	09/05/2023 16:53:50	-17.622000E-3	47.600000E-9	10.900000E-9	19.850000E-9	668.800000E-9	-794.830000E-6	0.000000E+0	29.293000E+0	155.330000E+0	8.511000E-6	6.150000E-6	NaN	NaN
	09/05/2023 16:53:58	-17.866000E-3	47.800000E-9	11.000000E-9	19.870000E-9	669.600000E-9	-772.390000E-6	0.000000E+0	29.181000E+0	155.218000E+0	8.063000E-6	6.150000E-6	NaN	NaN
	09/05/2023 16:54:07	-17.622000E-3	48.000000E-9	11.000000E-9	20.060000E-9	669.600000E-9	-795.570000E-6	0.000000E+0	29.181000E+0	155.106000E+0	7.391000E-6	6.150000E-6	NaN	NaN
	09/05/2023 16:54:15	-17.622000E-3	48.200000E-9	11.000000E-9	20.110000E-9	668.800000E-9	-793.610000E-6	0.000000E+0	29.181000E+0	155.218000E+0	8.623000E-6	6.150000E-6	NaN	NaN
	09/05/2023 16:54:24	-17.127000E-3	48.300000E-9	11.100000E-9	20.210000E-9	669.600000E-9	-795.070000E-6	0.000000E+0	29.181000E+0	155.443000E+0	8.735000E-6	6.150000E-6	NaN	NaN
	09/05/2023 16:54:32	-17.622000E-3	48.400000E-9	11.100000E-9	20.080000E-9	669.600000E-9	-799.270000E-6	0.000000E+0	29.293000E+0	155.218000E+0	7.951000E-6	6.150000E-6	NaN	NaN
	09/05/2023 16:54:41	-17.178000E-3	48.300000E-9	11.100000E-9	20.210000E-9	669.600000E-9	-792.350000E-6	0.000000E+0	29.293000E+0	154.994000E+0	7.727000E-6	6.150000E-6	NaN	NaN
	09/05/2023 16:54:49	-17.622000E-3	48.600000E-9	11.100000E-9	20.310000E-9	670.400000E-9	-801.740000E-6	0.000000E+0	29.181000E+0	155.330000E+0	7.839000E-6	6.150000E-6	NaN	NaN
	09/05/2023 16:54:58	-17.422000E-3	48.600000E-9	11.100000E-9	20.380000E-9	670.400000E-9	-798.020000E-6	0.000000E+0	29.405000E+0	155.330000E+0	7.615000E-6	6.150000E-6	NaN	NaN
	09/05/2023 16:55:07	-17.622000E-3	48.500000E-9	11.100000E-9	20.230000E-9	670.400000E-9	-783.230000E-6	0.000000E+0	29.405000E+0	155.106000E+0	7.391000E-6	6.150000E-6	NaN	NaN
	09/05/2023 16:55:15	-17.670000E-3	48.800000E-9	11.200000E-9	20.450000E-9	669.600000E-9	-783.000000E-6	0.000000E+0	29.293000E+0	155.218000E+0	8.063000E-6	6.150000E-6	NaN	NaN
	09/05/2023 16:55:24	-17.992000E-3	48.500000E-9	11.100000E-9	20.210000E-9	670.400000E-9	-808.390000E-6	0.000000E+0	29.293000E+0	155.106000E+0	8.287000E-6	6.150000E-6	NaN	NaN
	09/05/2023 16:55:32	-17.843000E-3	40.000000E-9	9.160000E-9	16.360000E-9	671.200000E-9	-762.050000E-6	0.000000E+0	29.293000E+0	155.218000E+0	8.399000E-6	6.150000E-6	NaN	NaN
	09/05/2023 16:55:41	-17.473000E-3	37.600000E-9	8.530000E-9	15.430000E-9	671.200000E-9	-791.610000E-6	0.000000E+0	29.293000E+0	155.106000E+0	7.503000E-6	6.150000E-6	NaN	NaN
	09/05/2023 16:55:49	-17.473000E-3	36.000000E-9	8.240000E-9	14.770000E-9	671.200000E-9	-758.320000E-6	0.000000E+0	29.293000E+0	155.106000E+0	7.839000E-6	6.150000E-6	NaN	NaN
	09/05/2023 16:55:58	-17.497000E-3	35.200000E-9	8.070000E-9	14.440000E-9	671.200000E-9	-797.780000E-6	0.000000E+0	29.068000E+0	154.994000E+0	7.279000E-6	6.150000E-6	NaN	NaN
	09/05/2023 16:56:07	-17.202000E-3	34.600000E-9	7.970000E-9	14.220000E-9	671.200000E-9	-795.570000E-6	0.000000E+0	29.181000E+0	155.218000E+0	7.951000E-6	6.150000E-6	NaN	NaN
	09/05/2023 16:56:15	-17.178000E-3	34.300000E-9	7.900000E-9	13.990000E-9	672.000000E-9	-780.520000E-6	0.000000E+0	29.293000E+0	155.106000E+0	7.279000E-6	6.150000E-6	NaN	NaN
	09/05/2023 16:56:24	-17.375000E-3	33.700000E-9	7.800000E-9	13.750000E-9	672.000000E-9	-785.710000E-6	0.000000E+0	29.293000E+0	155.106000E+0	7.615000E-6	6.150000E-6	NaN	NaN
	09/05/2023 16:56:32	-17.497000E-3	33.500000E-9	7.730000E-9	13.650000E-9	672.000000E-9	-793.340000E-6	0.000000E+0	29.517000E+0	155.106000E+0	7.839000E-6	6.150000E-6	NaN	NaN
	09/05/2023 16:56:41	-17.670000E-3	33.000000E-9	7.660000E-9	13.540000E-9	672.000000E-9	-751.200000E-6	0.000000E+0	29.181000E+0	155.218000E+0	8.287000E-6	6.150000E-6	NaN	NaN
	09/05/2023 16:56:49	-17.571000E-3	32.900000E-9	7.590000E-9	13.550000E-9	672.000000E-9	-772.890000E-6	0.000000E+0	29.517000E+0	154.994000E+0	8.063000E-6	6.150000E-6	NaN	NaN
	09/05/2023 16:56:58	-17.449000E-3	32.700000E-9	7.550000E-9	13.360000E-9	672.000000E-9	-799.510000E-6	0.000000E+0	29.405000E+0	154.994000E+0	7.951000E-6	6.150000E-6	NaN	NaN
	09/05/2023 16:57:06	-17.571000E-3	32.600000E-9	7.530000E-9	13.290000E-9	672.000000E-9	-796.050000E-6	0.000000E+0	29.293000E+0	155.106000E+0	7.951000E-6	6.150000E-6	NaN	NaN
	09/05/2023 16:57:15	-17.819000E-3	32.200000E-9	7.440000E-9	13.180000E-9	672.800000E-9	-799.510000E-6	0.000000E+0	29.293000E+0	155.106000E+0	8.399000E-6	6.150000E-6	NaN	NaN
	09/05/2023 16:57:24	-18.436000E-3	32.300000E-9	7.440000E-9	13.160000E-9	672.800000E-9	-759.330000E-6	0.000000E+0	29.181000E+0	155.106000E+0	7.503000E-6	6.150000E-6	NaN	NaN
	09/05/2023 16:57:32	-17.250000E-3	32.000000E-9	7.400000E-9	13.210000E-9	672.800000E-9	-774.120000E-6	0.000000E+0	29.293000E+0	155.106000E+0	8.287000E-6	6.150000E-6	NaN	NaN
	09/05/2023 16:57:41	-17.226000E-3	31.900000E-9	7.390000E-9	12.970000E-9	672.800000E-9	-792.350000E-6	0.000000E+0	29.181000E+0	155.106000E+0	8.399000E-6	6.150000E-6	NaN	NaN
	09/05/2023 16:57:49	-18.090000E-3	31.700000E-9	7.370000E-9	12.880000E-9	672.800000E-9	-760.320000E-6	0.000000E+0	29.405000E+0	154.881000E+0	8.511000E-6	6.150000E-6	NaN	NaN
	09/05/2023 16:57:58	-17.571000E-3	41.100000E-9	9.400000E-9	17.060000E-9	672.800000E-9	-799.270000E-6	0.000000E+0	29.405000E+0	155.106000E+0	8.175000E-6	6.150000E-6	NaN	NaN
	09/05/2023 16:58:06	-17.300000E-3	43.200000E-9	10.000000E-9	17.880000E-9	673.700000E-9	-792.120000E-6	0.000000E+0	29.293000E+0	155.106000E+0	8.063000E-6	6.150000E-6	NaN	NaN
	09/05/2023 16:58:15	-17.473000E-3	44.900000E-9	10.300000E-9	18.560000E-9	673.700000E-9	-776.320000E-6	0.000000E+0	29.629000E+0	154.881000E+0	8.175000E-6	6.150000E-6	NaN	NaN
	09/05/2023 16:58:23	-17.375000E-3	45.700000E-9	10.500000E-9	18.960000E-9	672.800000E-9	-786.690000E-6	0.000000E+0	29.405000E+0	154.994000E+0	8.063000E-6	6.150000E-6	NaN	NaN
	09/05/2023 16:58:32	-17.646000E-3	46.700000E-9	10.800000E-9	19.400000E-9	672.800000E-9	-793.840000E-6	0.000000E+0	29.405000E+0	155.106000E+0	8.287000E-6	6.140000E-6	NaN	NaN
	09/05/2023 16:58:41	-17.720000E-3	47.200000E-9	10.800000E-9	19.680000E-9	673.700000E-9	-798.520000E-6	0.000000E+0	29.405000E+0	154.994000E+0	8.063000E-6	6.150000E-6	NaN	NaN
	09/05/2023 16:58:49	-17.548000E-3	47.600000E-9	10.900000E-9	19.890000E-9	673.700000E-9	-797.540000E-6	0.000000E+0	29.293000E+0	154.994000E+0	8.511000E-6	6.150000E-6	NaN	NaN
	09/05/2023 16:58:58	-17.843000E-3	48.100000E-9	11.000000E-9	20.030000E-9	673.700000E-9	-792.860000E-6	0.000000E+0	29.293000E+0	155.106000E+0	8.175000E-6	6.150000E-6	NaN	NaN
	09/05/2023 16:59:06	-18.090000E-3	48.300000E-9	11.100000E-9	20.110000E-9	673.700000E-9	-766.960000E-6	0.000000E+0	29.405000E+0	154.994000E+0	8.175000E-6	6.150000E-6	NaN	NaN
	09/05/2023 16:59:15	-17.941000E-3	48.400000E-9	11.100000E-9	20.230000E-9	673.700000E-9	-796.790000E-6	0.000000E+0	29.293000E+0	155.106000E+0	7.839000E-6	6.150000E-6	NaN	NaN
	09/05/2023 16:59:23	-17.792000E-3	48.300000E-9	11.000000E-9	20.230000E-9	674.500000E-9	-758.830000E-6	0.000000E+0	29.181000E+0	154.994000E+0	8.287000E-6	6.150000E-6	NaN	NaN
	09/05/2023 16:59:32	-17.720000E-3	48.000000E-9	11.000000E-9	20.130000E-9	673.700000E-9	-775.840000E-6	0.000000E+0	29.405000E+0	154.994000E+0	8.063000E-6	6.140000E-6	NaN	NaN
	09/05/2023 16:59:40	-17.422000E-3	48.300000E-9	11.000000E-9	20.130000E-9	673.700000E-9	-797.540000E-6	0.000000E+0	29.293000E+0	154.994000E+0	8.287000E-6	6.140000E-6	NaN	NaN
	09/05/2023 16:59:49	-17.893000E-3	48.200000E-9	10.900000E-9	20.080000E-9	673.700000E-9	-799.510000E-6	0.000000E+0	29.293000E+0	154.881000E+0	7.951000E-6	6.140000E-6	NaN	NaN
	09/05/2023 16:59:58	-17.399000E-3	48.000000E-9	11.000000E-9	20.060000E-9	673.700000E-9	-754.620000E-6	0.000000E+0	29.293000E+0	154.994000E+0	7.839000E-6	6.140000E-6	NaN	NaN
	09/05/2023 17:00:06	-17.792000E-3	48.100000E-9	11.000000E-9	20.180000E-9	673.700000E-9	-797.780000E-6	0.000000E+0	29.517000E+0	154.769000E+0	8.175000E-6	6.140000E-6	NaN	NaN
	09/05/2023 17:00:15	-17.300000E-3	49.100000E-9	11.200000E-9	19.940000E-9	673.700000E-9	-793.340000E-6	0.000000E+0	29.629000E+0	154.881000E+0	7.839000E-6	6.140000E-6	NaN	NaN
	09/05/2023 17:00:23	-17.375000E-3	39.300000E-9	8.970000E-9	16.120000E-9	674.500000E-9	-796.050000E-6	0.000000E+0	29.293000E+0	154.881000E+0	7.503000E-6	6.140000E-6	NaN	NaN
	09/05/2023 17:00:32	-17.670000E-3	37.400000E-9	8.470000E-9	15.320000E-9	674.500000E-9	-801.740000E-6	0.000000E+0	29.405000E+0	154.994000E+0	7.839000E-6	6.150000E-6	NaN	NaN
	09/05/2023 17:00:40	-18.361000E-3	35.900000E-9	8.160000E-9	14.720000E-9	673.700000E-9	-763.510000E-6	0.000000E+0	29.405000E+0	154.881000E+0	7.615000E-6	6.150000E-6	NaN	NaN
	09/05/2023 17:00:49	-18.016000E-3	35.000000E-9	7.960000E-9	14.360000E-9	674.500000E-9	-792.350000E-6	0.000000E+0	29.405000E+0	154.994000E+0	8.175000E-6	6.150000E-6	NaN	NaN
	09/05/2023 17:00:57	-17.324000E-3	34.300000E-9	7.830000E-9	14.020000E-9	674.500000E-9	-795.300000E-6	0.000000E+0	29.293000E+0	155.106000E+0	8.175000E-6	6.150000E-6	NaN	NaN
	09/05/2023 17:01:06	-18.287000E-3	33.900000E-9	7.750000E-9	13.960000E-9	674.500000E-9	-793.610000E-6	0.000000E+0	29.405000E+0	154.994000E+0	8.175000E-6	6.150000E-6	NaN	NaN
	09/05/2023 17:01:15	-17.792000E-3	33.600000E-9	7.720000E-9	13.700000E-9	674.500000E-9	-791.370000E-6	0.000000E+0	29.405000E+0	154.881000E+0	8.735000E-6	6.140000E-6	NaN	NaN
end of esd measurement	09/05/2023 17:01:23	-17.720000E-3	33.500000E-9	7.690000E-9	13.670000E-9	674.500000E-9	-779.030000E-6	0.000000E+0	29.405000E+0	154.881000E+0	8.287000E-6	6.150000E-6	NaN	NaN
	09/05/2023 17:01:32	-17.571000E-3	32.700000E-9	7.520000E-9	13.370000E-9	675.300000E-9	-772.150000E-6	0.000000E+0	29.181000E+0	154.769000E+0	7.839000E-6	6.150000E-6	NaN	NaN
	09/05/2023 17:01:40	-17.151000E-3	26.900000E-9	5.880000E-9	9.716000E-9	675.300000E-9	-783.470000E-6	0.000000E+0	29.293000E+0	154.881000E+0	8.287000E-6	6.150000E-6	NaN	NaN
	09/05/2023 17:01:49	-17.720000E-3	16.600000E-9	3.830000E-9	7.989000E-9	675.300000E-9	-763.030000E-6	0.000000E+0	29.293000E+0	154.994000E+0	7.727000E-6	6.150000E-6	NaN	NaN
	09/05/2023 17:01:57	-17.571000E-3	14.100000E-9	3.250000E-9	7.188000E-9	675.300000E-9	-754.150000E-6	0.000000E+0	29.405000E+0	154.545000E+0	8.063000E-6	6.150000E-6	NaN	NaN
	09/05/2023 17:02:06	-17.375000E-3	12.200000E-9	2.920000E-9	6.608000E-9	675.300000E-9	-760.320000E-6	0.000000E+0	29.517000E+0	154.881000E+0	7.951000E-6	6.150000E-6	NaN	NaN
	09/05/2023 17:02:14	-17.202000E-3	11.100000E-9	2.690000E-9	6.179000E-9	675.300000E-9	-800.730000E-6	0.000000E+0	29.293000E+0	154.545000E+0	8.623000E-6	6.150000E-6	NaN	NaN
	09/05/2023 17:02:23	-17.449000E-3	10.300000E-9	2.510000E-9	5.742000E-9	676.100000E-9	-767.470000E-6	0.000000E+0	29.405000E+0	154.881000E+0	8.287000E-6	6.150000E-6	NaN	NaN
	09/05/2023 17:02:32	-17.497000E-3	9.420000E-9	2.350000E-9	5.337000E-9	675.300000E-9	-785.950000E-6	0.000000E+0	29.293000E+0	154.881000E+0	7.727000E-6	6.150000E-6	NaN	NaN
	09/05/2023 17:02:40	-17.080000E-3	8.910000E-9	2.220000E-9	5.044000E-9	675.300000E-9	-759.330000E-6	0.000000E+0	29.293000E+0	154.769000E+0	7.727000E-6	6.150000E-6	NaN	NaN
	09/05/2023 17:02:49	-17.893000E-3	8.310000E-9	2.130000E-9	4.996000E-9	675.300000E-9	-797.780000E-6	0.000000E+0	29.405000E+0	154.657000E+0	8.063000E-6	6.150000E-6	NaN	NaN
	09/05/2023 17:02:57	-18.090000E-3	7.960000E-9	2.040000E-9	4.996000E-9	676.100000E-9	-795.810000E-6	0.000000E+0	29.405000E+0	154.881000E+0	7.279000E-6	6.150000E-6	NaN	NaN
	09/05/2023 17:03:06	-18.138000E-3	7.620000E-9	1.970000E-9	4.996000E-9	676.100000E-9	-796.050000E-6	0.000000E+0	29.181000E+0	154.881000E+0	7.727000E-6	6.150000E-6	NaN	NaN
	09/05/2023 17:03:14	-17.449000E-3	7.130000E-9	1.900000E-9	4.996000E-9	675.300000E-9	-798.020000E-6	0.000000E+0	29.293000E+0	154.769000E+0	8.287000E-6	6.150000E-6	NaN	NaN
	09/05/2023 17:03:23	-17.622000E-3	6.920000E-9	1.840000E-9	4.996000E-9	676.900000E-9	-790.630000E-6	0.000000E+0	29.405000E+0	154.881000E+0	7.727000E-6	6.150000E-6	NaN	NaN
