Live comments	Time	injection 100mbar	Barion_2	Barion_1	DUAL experiment	DUAL insulation	injection 1mbar	helium	T-platinum	T-CERNOX	I_emission	I_grid
	25/11/2022 11:10:08	-65.622000E-3	4.030000E-9	1.120000E-9	4.996000E-9	1.756000E-6	541.540000E-6	0.000000E+0	-112.121000E+0	55.219000E+0	NaN	NaN
	25/11/2022 11:10:15	-65.449000E-3	4.010000E-9	1.120000E-9	4.996000E-9	1.758000E-6	570.120000E-6	0.000000E+0	-112.457000E+0	54.994000E+0	NaN	NaN
	25/11/2022 11:10:22	-65.228000E-3	4.000000E-9	1.120000E-9	4.996000E-9	1.758000E-6	567.410000E-6	0.000000E+0	-112.233000E+0	54.994000E+0	NaN	NaN
	25/11/2022 11:10:29	-65.622000E-3	3.970000E-9	1.110000E-9	4.996000E-9	1.756000E-6	561.000000E-6	0.000000E+0	-112.345000E+0	55.219000E+0	NaN	NaN
	25/11/2022 11:10:36	-65.795000E-3	3.940000E-9	1.100000E-9	4.996000E-9	1.758000E-6	546.690000E-6	0.000000E+0	-112.345000E+0	54.994000E+0	NaN	NaN
	25/11/2022 11:10:44	-66.289000E-3	3.930000E-9	1.100000E-9	4.996000E-9	1.758000E-6	557.300000E-6	0.000000E+0	-112.345000E+0	54.994000E+0	NaN	NaN
	25/11/2022 11:10:51	-65.205000E-3	3.910000E-9	1.100000E-9	4.996000E-9	1.760000E-6	576.290000E-6	0.000000E+0	-112.233000E+0	54.994000E+0	NaN	NaN
	25/11/2022 11:10:58	-65.303000E-3	3.900000E-9	1.090000E-9	4.996000E-9	1.758000E-6	570.120000E-6	0.000000E+0	-112.345000E+0	55.106000E+0	NaN	NaN
	25/11/2022 11:11:05	-66.066000E-3	3.880000E-9	1.080000E-9	4.996000E-9	1.758000E-6	570.120000E-6	0.000000E+0	-112.233000E+0	55.106000E+0	NaN	NaN
	25/11/2022 11:11:12	-65.425000E-3	3.860000E-9	1.080000E-9	4.996000E-9	1.760000E-6	562.250000E-6	0.000000E+0	-112.345000E+0	54.770000E+0	NaN	NaN
	25/11/2022 11:11:20	-65.303000E-3	3.850000E-9	1.070000E-9	4.996000E-9	1.758000E-6	569.640000E-6	0.000000E+0	-112.233000E+0	54.994000E+0	NaN	NaN
	25/11/2022 11:11:27	-65.672000E-3	3.850000E-9	1.070000E-9	4.996000E-9	1.760000E-6	565.680000E-6	0.000000E+0	-112.345000E+0	55.106000E+0	NaN	NaN
	25/11/2022 11:11:34	-65.920000E-3	3.830000E-9	1.070000E-9	4.996000E-9	1.758000E-6	534.390000E-6	0.000000E+0	-112.121000E+0	54.994000E+0	NaN	NaN
	25/11/2022 11:11:41	-65.500000E-3	3.810000E-9	1.070000E-9	4.996000E-9	1.760000E-6	567.670000E-6	0.000000E+0	-112.233000E+0	55.106000E+0	NaN	NaN
	25/11/2022 11:11:48	-65.008000E-3	3.800000E-9	1.070000E-9	4.996000E-9	1.760000E-6	573.580000E-6	0.000000E+0	-112.121000E+0	55.106000E+0	NaN	NaN
	25/11/2022 11:11:56	-65.178000E-3	3.800000E-9	1.070000E-9	4.996000E-9	1.760000E-6	576.790000E-6	0.000000E+0	-112.345000E+0	55.106000E+0	NaN	NaN
	25/11/2022 11:12:03	-65.032000E-3	3.790000E-9	1.070000E-9	4.996000E-9	1.763000E-6	570.390000E-6	0.000000E+0	-112.345000E+0	54.994000E+0	NaN	NaN
	25/11/2022 11:12:10	-65.622000E-3	3.780000E-9	1.060000E-9	4.996000E-9	1.760000E-6	563.230000E-6	0.000000E+0	-112.121000E+0	54.994000E+0	NaN	NaN
	25/11/2022 11:12:17	-65.500000E-3	3.760000E-9	1.060000E-9	4.996000E-9	1.763000E-6	571.370000E-6	0.000000E+0	-112.345000E+0	55.106000E+0	NaN	NaN
	25/11/2022 11:12:24	-65.795000E-3	3.750000E-9	1.050000E-9	4.996000E-9	1.763000E-6	575.540000E-6	0.000000E+0	-112.121000E+0	55.106000E+0	NaN	NaN
	25/11/2022 11:12:32	-65.279000E-3	3.760000E-9	1.050000E-9	4.996000E-9	1.763000E-6	562.490000E-6	0.000000E+0	-112.457000E+0	54.882000E+0	NaN	NaN
	25/11/2022 11:12:39	-65.425000E-3	3.750000E-9	1.050000E-9	4.996000E-9	1.765000E-6	574.830000E-6	0.000000E+0	-112.233000E+0	55.106000E+0	NaN	NaN
	25/11/2022 11:12:46	-65.449000E-3	3.730000E-9	1.050000E-9	4.996000E-9	1.765000E-6	571.850000E-6	0.000000E+0	-112.345000E+0	55.219000E+0	NaN	NaN
	25/11/2022 11:12:53	-65.672000E-3	3.740000E-9	1.060000E-9	4.996000E-9	1.765000E-6	533.640000E-6	0.000000E+0	-112.233000E+0	55.219000E+0	NaN	NaN
	25/11/2022 11:13:00	-64.883000E-3	5.630000E-9	1.640000E-9	5.756000E-9	1.765000E-6	579.740000E-6	0.000000E+0	-112.233000E+0	55.219000E+0	NaN	NaN
	25/11/2022 11:13:08	-65.991000E-3	9.180000E-9	2.390000E-9	6.157000E-9	1.763000E-6	578.250000E-6	0.000000E+0	-112.345000E+0	54.882000E+0	NaN	NaN
	25/11/2022 11:13:15	-65.106000E-3	9.380000E-9	2.440000E-9	6.306000E-9	1.765000E-6	538.080000E-6	0.000000E+0	-112.233000E+0	55.219000E+0	NaN	NaN
	25/11/2022 11:13:22	-65.205000E-3	9.730000E-9	2.520000E-9	6.777000E-9	1.765000E-6	542.250000E-6	0.000000E+0	-112.457000E+0	55.219000E+0	NaN	NaN
	25/11/2022 11:13:29	-65.401000E-3	10.700000E-9	2.760000E-9	6.950000E-9	1.765000E-6	550.390000E-6	0.000000E+0	-112.233000E+0	54.994000E+0	NaN	NaN
	25/11/2022 11:13:36	-65.178000E-3	10.800000E-9	2.790000E-9	6.375000E-9	1.765000E-6	576.790000E-6	0.000000E+0	-112.345000E+0	54.882000E+0	NaN	NaN
	25/11/2022 11:13:43	-65.523000E-3	10.900000E-9	2.830000E-9	7.119000E-9	1.765000E-6	546.220000E-6	0.000000E+0	-112.121000E+0	55.106000E+0	NaN	NaN
	25/11/2022 11:13:51	-65.622000E-3	10.800000E-9	2.780000E-9	6.545000E-9	1.765000E-6	532.900000E-6	0.000000E+0	-112.233000E+0	55.106000E+0	NaN	NaN
	25/11/2022 11:13:58	-65.523000E-3	11.100000E-9	2.860000E-9	7.119000E-9	1.767000E-6	572.090000E-6	0.000000E+0	-112.233000E+0	55.106000E+0	NaN	NaN
	25/11/2022 11:14:05	-64.957000E-3	10.800000E-9	2.750000E-9	7.043000E-9	1.767000E-6	570.630000E-6	0.000000E+0	-112.121000E+0	55.219000E+0	NaN	NaN
	25/11/2022 11:14:12	-65.598000E-3	10.700000E-9	2.730000E-9	6.506000E-9	1.771000E-6	537.100000E-6	0.000000E+0	-112.233000E+0	55.219000E+0	NaN	NaN
	25/11/2022 11:14:19	-65.449000E-3	10.900000E-9	2.770000E-9	6.444000E-9	1.767000E-6	553.370000E-6	0.000000E+0	-112.233000E+0	55.219000E+0	NaN	NaN
	25/11/2022 11:14:26	-65.377000E-3	10.300000E-9	2.630000E-9	6.696000E-9	1.771000E-6	568.900000E-6	0.000000E+0	-112.570000E+0	54.994000E+0	NaN	NaN
	25/11/2022 11:14:34	-65.821000E-3	10.200000E-9	2.630000E-9	6.608000E-9	1.773000E-6	573.340000E-6	0.000000E+0	-112.233000E+0	54.994000E+0	NaN	NaN
	25/11/2022 11:14:41	-65.523000E-3	10.100000E-9	2.580000E-9	6.664000E-9	1.769000E-6	557.540000E-6	0.000000E+0	-112.233000E+0	55.219000E+0	NaN	NaN
	25/11/2022 11:14:48	-65.574000E-3	10.000000E-9	2.560000E-9	6.421000E-9	1.771000E-6	577.270000E-6	0.000000E+0	-112.233000E+0	55.106000E+0	NaN	NaN
	25/11/2022 11:14:55	-65.327000E-3	9.990000E-9	2.550000E-9	6.600000E-9	1.773000E-6	570.120000E-6	0.000000E+0	-112.345000E+0	55.106000E+0	NaN	NaN
	25/11/2022 11:15:02	-65.252000E-3	10.200000E-9	2.590000E-9	6.688000E-9	1.773000E-6	533.880000E-6	0.000000E+0	-112.345000E+0	54.994000E+0	NaN	NaN
	25/11/2022 11:15:10	-65.821000E-3	10.200000E-9	2.590000E-9	6.712000E-9	1.773000E-6	570.630000E-6	0.000000E+0	-112.233000E+0	55.106000E+0	NaN	NaN
	25/11/2022 11:15:17	-65.476000E-3	10.200000E-9	2.610000E-9	6.720000E-9	1.773000E-6	577.780000E-6	0.000000E+0	-112.345000E+0	54.994000E+0	NaN	NaN
	25/11/2022 11:15:24	-65.649000E-3	10.100000E-9	2.580000E-9	6.696000E-9	1.773000E-6	561.000000E-6	0.000000E+0	-112.345000E+0	55.219000E+0	NaN	NaN
	25/11/2022 11:15:31	-65.327000E-3	10.100000E-9	2.580000E-9	6.561000E-9	1.775000E-6	541.780000E-6	0.000000E+0	-112.233000E+0	55.106000E+0	NaN	NaN
	25/11/2022 11:15:38	-65.869000E-3	10.100000E-9	2.580000E-9	6.656000E-9	1.773000E-6	539.300000E-6	0.000000E+0	-112.121000E+0	55.106000E+0	NaN	NaN
	25/11/2022 11:15:45	-65.377000E-3	10.100000E-9	2.590000E-9	6.656000E-9	1.773000E-6	537.340000E-6	0.000000E+0	-112.345000E+0	55.106000E+0	NaN	NaN
	25/11/2022 11:15:53	-65.869000E-3	10.300000E-9	2.650000E-9	6.843000E-9	1.775000E-6	560.760000E-6	0.000000E+0	-112.345000E+0	54.994000E+0	NaN	NaN
	25/11/2022 11:16:00	-65.720000E-3	10.200000E-9	2.610000E-9	6.600000E-9	1.773000E-6	561.980000E-6	0.000000E+0	-112.233000E+0	55.219000E+0	NaN	NaN
	25/11/2022 11:16:07	-65.672000E-3	10.200000E-9	2.600000E-9	6.593000E-9	1.775000E-6	532.900000E-6	0.000000E+0	-112.233000E+0	54.994000E+0	NaN	NaN
	25/11/2022 11:16:14	-65.720000E-3	10.000000E-9	2.560000E-9	6.600000E-9	1.775000E-6	559.030000E-6	0.000000E+0	-112.121000E+0	55.106000E+0	NaN	NaN
	25/11/2022 11:16:21	-65.672000E-3	9.960000E-9	2.550000E-9	6.514000E-9	1.775000E-6	579.980000E-6	0.000000E+0	-112.345000E+0	55.106000E+0	NaN	NaN
	25/11/2022 11:16:29	-65.425000E-3	9.930000E-9	2.540000E-9	6.498000E-9	1.775000E-6	574.560000E-6	0.000000E+0	-112.345000E+0	54.882000E+0	NaN	NaN
	25/11/2022 11:16:36	-66.116000E-3	9.970000E-9	2.540000E-9	6.061000E-9	1.775000E-6	564.690000E-6	0.000000E+0	-112.345000E+0	55.219000E+0	NaN	NaN
	25/11/2022 11:16:43	-65.747000E-3	9.850000E-9	2.510000E-9	6.460000E-9	1.775000E-6	531.170000E-6	0.000000E+0	-112.233000E+0	55.219000E+0	NaN	NaN
	25/11/2022 11:16:50	-65.079000E-3	9.960000E-9	2.540000E-9	6.530000E-9	1.775000E-6	545.980000E-6	0.000000E+0	-112.233000E+0	54.994000E+0	NaN	NaN
	25/11/2022 11:16:57	-65.523000E-3	9.800000E-9	2.490000E-9	6.375000E-9	1.775000E-6	558.790000E-6	0.000000E+0	-112.345000E+0	54.994000E+0	NaN	NaN
	25/11/2022 11:17:04	-65.327000E-3	9.730000E-9	2.480000E-9	6.444000E-9	1.775000E-6	549.410000E-6	0.000000E+0	-112.345000E+0	54.882000E+0	NaN	NaN
	25/11/2022 11:17:12	-65.252000E-3	10.000000E-9	2.540000E-9	6.577000E-9	1.775000E-6	542.010000E-6	0.000000E+0	-112.233000E+0	55.106000E+0	NaN	NaN
	25/11/2022 11:17:19	-65.574000E-3	9.990000E-9	2.540000E-9	6.514000E-9	1.775000E-6	562.250000E-6	0.000000E+0	-112.345000E+0	55.219000E+0	NaN	NaN
	25/11/2022 11:17:26	-65.476000E-3	9.790000E-9	2.510000E-9	6.475000E-9	1.775000E-6	573.100000E-6	0.000000E+0	-112.233000E+0	54.994000E+0	NaN	NaN
	25/11/2022 11:17:33	-65.574000E-3	9.830000E-9	2.510000E-9	6.600000E-9	1.775000E-6	570.120000E-6	0.000000E+0	-112.121000E+0	54.882000E+0	NaN	NaN
	25/11/2022 11:17:40	-65.598000E-3	10.100000E-9	2.560000E-9	6.624000E-9	1.775000E-6	552.120000E-6	0.000000E+0	-112.233000E+0	55.106000E+0	NaN	NaN
	25/11/2022 11:17:48	-65.920000E-3	10.100000E-9	2.580000E-9	6.608000E-9	1.775000E-6	571.370000E-6	0.000000E+0	-112.345000E+0	54.994000E+0	NaN	NaN
	25/11/2022 11:17:55	-65.893000E-3	9.950000E-9	2.540000E-9	6.467000E-9	1.775000E-6	575.540000E-6	0.000000E+0	-112.233000E+0	54.882000E+0	NaN	NaN
	25/11/2022 11:18:02	-65.920000E-3	9.930000E-9	2.530000E-9	6.561000E-9	1.777000E-6	539.540000E-6	0.000000E+0	-112.345000E+0	55.106000E+0	NaN	NaN
	25/11/2022 11:18:09	-65.377000E-3	7.450000E-9	1.920000E-9	4.996000E-9	1.777000E-6	564.960000E-6	0.000000E+0	-112.233000E+0	54.994000E+0	NaN	NaN
	25/11/2022 11:18:16	-65.327000E-3	6.850000E-9	1.820000E-9	4.996000E-9	1.777000E-6	571.850000E-6	0.000000E+0	-112.345000E+0	55.219000E+0	NaN	NaN
	25/11/2022 11:18:24	-65.523000E-3	6.690000E-9	1.790000E-9	4.996000E-9	1.777000E-6	572.830000E-6	0.000000E+0	-112.345000E+0	54.994000E+0	NaN	NaN
	25/11/2022 11:18:31	-65.795000E-3	6.630000E-9	1.770000E-9	4.996000E-9	1.777000E-6	568.660000E-6	0.000000E+0	-112.345000E+0	55.106000E+0	NaN	NaN
	25/11/2022 11:18:38	-65.425000E-3	6.510000E-9	1.750000E-9	4.996000E-9	1.777000E-6	567.670000E-6	0.000000E+0	-112.121000E+0	54.994000E+0	NaN	NaN
	25/11/2022 11:18:45	-65.303000E-3	6.530000E-9	1.760000E-9	4.996000E-9	1.814000E-6	541.270000E-6	0.000000E+0	-112.233000E+0	55.106000E+0	NaN	NaN
	25/11/2022 11:18:52	-65.893000E-3	6.540000E-9	1.750000E-9	4.996000E-9	1.803000E-6	576.290000E-6	0.000000E+0	-112.233000E+0	55.106000E+0	NaN	NaN
	25/11/2022 11:18:59	-65.771000E-3	6.490000E-9	1.740000E-9	4.996000E-9	1.796000E-6	574.080000E-6	0.000000E+0	-112.233000E+0	54.994000E+0	NaN	NaN
	25/11/2022 11:19:07	-65.720000E-3	6.370000E-9	1.720000E-9	4.996000E-9	1.794000E-6	551.880000E-6	0.000000E+0	-112.233000E+0	55.106000E+0	NaN	NaN
	25/11/2022 11:19:14	-65.500000E-3	6.330000E-9	1.700000E-9	4.996000E-9	1.794000E-6	570.860000E-6	0.000000E+0	-112.008000E+0	55.106000E+0	NaN	NaN
	25/11/2022 11:19:21	-66.191000E-3	6.310000E-9	1.690000E-9	4.996000E-9	1.794000E-6	560.760000E-6	0.000000E+0	-112.233000E+0	55.219000E+0	NaN	NaN
	25/11/2022 11:19:28	-65.401000E-3	6.350000E-9	1.710000E-9	4.996000E-9	1.794000E-6	568.900000E-6	0.000000E+0	-112.345000E+0	54.994000E+0	NaN	NaN
	25/11/2022 11:19:35	-66.066000E-3	6.200000E-9	1.670000E-9	4.996000E-9	1.794000E-6	572.590000E-6	0.000000E+0	-112.345000E+0	55.106000E+0	NaN	NaN
	25/11/2022 11:19:42	-65.672000E-3	6.220000E-9	1.670000E-9	4.996000E-9	1.794000E-6	551.640000E-6	0.000000E+0	-112.345000E+0	55.106000E+0	NaN	NaN
	25/11/2022 11:19:50	-65.425000E-3	6.220000E-9	1.670000E-9	4.996000E-9	1.792000E-6	550.660000E-6	0.000000E+0	-112.233000E+0	54.994000E+0	NaN	NaN
	25/11/2022 11:19:57	-65.598000E-3	6.140000E-9	1.650000E-9	4.996000E-9	1.792000E-6	535.850000E-6	0.000000E+0	-112.233000E+0	55.106000E+0	NaN	NaN
	25/11/2022 11:20:04	-65.649000E-3	6.200000E-9	1.680000E-9	4.996000E-9	1.792000E-6	573.810000E-6	0.000000E+0	-112.233000E+0	55.219000E+0	NaN	NaN
	25/11/2022 11:20:11	-65.696000E-3	6.220000E-9	1.680000E-9	4.996000E-9	1.792000E-6	549.170000E-6	0.000000E+0	-112.121000E+0	55.106000E+0	NaN	NaN
	25/11/2022 11:20:18	-65.920000E-3	6.200000E-9	1.680000E-9	4.996000E-9	1.794000E-6	565.200000E-6	0.000000E+0	-112.345000E+0	54.994000E+0	NaN	NaN
	25/11/2022 11:20:26	-65.893000E-3	6.180000E-9	1.680000E-9	4.996000E-9	1.792000E-6	553.370000E-6	0.000000E+0	-112.233000E+0	54.994000E+0	NaN	NaN
	25/11/2022 11:20:33	-65.550000E-3	6.220000E-9	1.680000E-9	4.996000E-9	1.794000E-6	575.300000E-6	0.000000E+0	-112.345000E+0	55.106000E+0	NaN	NaN
	25/11/2022 11:20:40	-65.696000E-3	6.190000E-9	1.680000E-9	4.996000E-9	1.794000E-6	564.460000E-6	0.000000E+0	-112.233000E+0	55.106000E+0	NaN	NaN
	25/11/2022 11:20:47	-65.351000E-3	6.140000E-9	1.660000E-9	4.996000E-9	1.794000E-6	540.050000E-6	0.000000E+0	-112.233000E+0	54.994000E+0	NaN	NaN
	25/11/2022 11:20:54	-65.845000E-3	6.100000E-9	1.650000E-9	4.996000E-9	1.794000E-6	536.350000E-6	0.000000E+0	-112.233000E+0	55.219000E+0	NaN	NaN
	25/11/2022 11:21:01	-65.845000E-3	6.110000E-9	1.650000E-9	4.996000E-9	1.794000E-6	576.530000E-6	0.000000E+0	-112.121000E+0	55.106000E+0	NaN	NaN
	25/11/2022 11:21:09	-65.747000E-3	6.140000E-9	1.660000E-9	4.996000E-9	1.792000E-6	577.540000E-6	0.000000E+0	-112.233000E+0	55.106000E+0	NaN	NaN
	25/11/2022 11:21:16	-65.449000E-3	6.130000E-9	1.650000E-9	4.996000E-9	1.794000E-6	562.490000E-6	0.000000E+0	-112.233000E+0	54.882000E+0	NaN	NaN
	25/11/2022 11:21:23	-65.991000E-3	6.030000E-9	1.640000E-9	4.996000E-9	1.794000E-6	530.690000E-6	0.000000E+0	-112.457000E+0	55.106000E+0	NaN	NaN
	25/11/2022 11:21:30	-65.795000E-3	6.040000E-9	1.640000E-9	4.996000E-9	1.794000E-6	579.980000E-6	0.000000E+0	-112.345000E+0	55.106000E+0	NaN	NaN
	25/11/2022 11:21:37	-65.720000E-3	6.090000E-9	1.650000E-9	4.996000E-9	1.794000E-6	575.300000E-6	0.000000E+0	-112.345000E+0	54.994000E+0	NaN	NaN
	25/11/2022 11:21:45	-65.476000E-3	6.090000E-9	1.640000E-9	4.996000E-9	1.794000E-6	550.390000E-6	0.000000E+0	-112.233000E+0	55.106000E+0	NaN	NaN
	25/11/2022 11:21:52	-65.869000E-3	6.070000E-9	1.640000E-9	4.996000E-9	1.794000E-6	536.590000E-6	0.000000E+0	-112.345000E+0	54.994000E+0	NaN	NaN
	25/11/2022 11:21:59	-65.523000E-3	6.000000E-9	1.620000E-9	4.996000E-9	1.794000E-6	580.250000E-6	0.000000E+0	-112.233000E+0	54.994000E+0	NaN	NaN
	25/11/2022 11:22:06	-65.622000E-3	5.990000E-9	1.620000E-9	4.996000E-9	1.794000E-6	575.810000E-6	0.000000E+0	-112.008000E+0	55.106000E+0	NaN	NaN
	25/11/2022 11:22:13	-65.476000E-3	6.040000E-9	1.630000E-9	4.996000E-9	1.794000E-6	572.590000E-6	0.000000E+0	-112.345000E+0	54.770000E+0	NaN	NaN
	25/11/2022 11:22:21	-65.869000E-3	6.010000E-9	1.620000E-9	4.996000E-9	1.794000E-6	575.300000E-6	0.000000E+0	-112.345000E+0	54.882000E+0	NaN	NaN
	25/11/2022 11:22:28	-65.649000E-3	5.960000E-9	1.600000E-9	4.996000E-9	1.794000E-6	551.130000E-6	0.000000E+0	-112.121000E+0	55.219000E+0	NaN	NaN
	25/11/2022 11:22:35	-65.991000E-3	5.980000E-9	1.610000E-9	4.996000E-9	1.794000E-6	577.780000E-6	0.000000E+0	-112.121000E+0	55.106000E+0	NaN	NaN
	25/11/2022 11:22:42	-65.672000E-3	5.970000E-9	1.600000E-9	4.996000E-9	1.794000E-6	549.670000E-6	0.000000E+0	-112.457000E+0	54.994000E+0	NaN	NaN
	25/11/2022 11:22:49	-65.449000E-3	5.970000E-9	1.600000E-9	4.996000E-9	1.794000E-6	543.500000E-6	0.000000E+0	-112.345000E+0	54.994000E+0	NaN	NaN
	25/11/2022 11:22:56	-65.401000E-3	5.950000E-9	1.590000E-9	4.996000E-9	1.794000E-6	558.050000E-6	0.000000E+0	-112.345000E+0	55.106000E+0	NaN	NaN
	25/11/2022 11:23:04	-65.920000E-3	5.930000E-9	1.590000E-9	4.996000E-9	1.794000E-6	536.350000E-6	0.000000E+0	-112.233000E+0	54.994000E+0	NaN	NaN
	25/11/2022 11:23:11	-65.130000E-3	5.960000E-9	1.600000E-9	4.996000E-9	1.794000E-6	575.070000E-6	0.000000E+0	-112.345000E+0	54.994000E+0	NaN	NaN
	25/11/2022 11:23:18	-65.845000E-3	5.890000E-9	1.590000E-9	4.996000E-9	1.794000E-6	576.050000E-6	0.000000E+0	-112.345000E+0	54.882000E+0	NaN	NaN
	25/11/2022 11:23:25	-65.920000E-3	5.910000E-9	1.590000E-9	4.996000E-9	1.794000E-6	536.110000E-6	0.000000E+0	-112.233000E+0	54.994000E+0	NaN	NaN
	25/11/2022 11:23:32	-65.449000E-3	5.890000E-9	1.590000E-9	4.996000E-9	1.794000E-6	568.150000E-6	0.000000E+0	-112.345000E+0	54.994000E+0	NaN	NaN
	25/11/2022 11:23:40	-65.967000E-3	5.900000E-9	1.600000E-9	4.996000E-9	1.794000E-6	542.760000E-6	0.000000E+0	-112.345000E+0	54.994000E+0	NaN	NaN
	25/11/2022 11:23:47	-65.622000E-3	5.920000E-9	1.600000E-9	4.996000E-9	1.794000E-6	574.320000E-6	0.000000E+0	-112.345000E+0	54.994000E+0	NaN	NaN
	25/11/2022 11:23:54	-66.164000E-3	5.950000E-9	1.600000E-9	4.996000E-9	1.794000E-6	573.100000E-6	0.000000E+0	-112.345000E+0	54.994000E+0	NaN	NaN
	25/11/2022 11:24:01	-65.327000E-3	5.940000E-9	1.600000E-9	4.996000E-9	1.794000E-6	538.830000E-6	0.000000E+0	-112.121000E+0	54.994000E+0	NaN	NaN
	25/11/2022 11:24:08	-65.821000E-3	5.920000E-9	1.600000E-9	4.996000E-9	1.794000E-6	547.440000E-6	0.000000E+0	-112.121000E+0	55.219000E+0	NaN	NaN
	25/11/2022 11:24:16	-65.351000E-3	5.940000E-9	1.600000E-9	4.996000E-9	1.794000E-6	569.640000E-6	0.000000E+0	-112.345000E+0	55.106000E+0	NaN	NaN
	25/11/2022 11:24:23	-66.215000E-3	5.940000E-9	1.590000E-9	4.996000E-9	1.794000E-6	568.900000E-6	0.000000E+0	-112.457000E+0	55.219000E+0	NaN	NaN
	25/11/2022 11:24:30	-65.449000E-3	5.980000E-9	1.600000E-9	4.996000E-9	1.794000E-6	580.490000E-6	0.000000E+0	-112.121000E+0	54.994000E+0	NaN	NaN
	25/11/2022 11:24:37	-65.920000E-3	5.980000E-9	1.600000E-9	4.996000E-9	1.794000E-6	561.510000E-6	0.000000E+0	-112.008000E+0	55.106000E+0	NaN	NaN
	25/11/2022 11:24:44	-65.351000E-3	6.000000E-9	1.610000E-9	4.996000E-9	1.794000E-6	547.200000E-6	0.000000E+0	-112.233000E+0	54.770000E+0	NaN	NaN
	25/11/2022 11:24:52	-65.747000E-3	6.020000E-9	1.620000E-9	4.996000E-9	1.796000E-6	535.610000E-6	0.000000E+0	-112.121000E+0	55.106000E+0	NaN	NaN
	25/11/2022 11:24:59	-65.401000E-3	6.030000E-9	1.620000E-9	4.996000E-9	1.794000E-6	553.850000E-6	0.000000E+0	-112.345000E+0	55.219000E+0	NaN	NaN
	25/11/2022 11:25:06	-65.500000E-3	6.030000E-9	1.620000E-9	4.996000E-9	1.794000E-6	575.540000E-6	0.000000E+0	-112.233000E+0	55.106000E+0	NaN	NaN
	25/11/2022 11:25:13	-65.178000E-3	5.990000E-9	1.600000E-9	4.996000E-9	1.796000E-6	536.590000E-6	0.000000E+0	-112.233000E+0	55.106000E+0	NaN	NaN
	25/11/2022 11:25:20	-65.821000E-3	5.920000E-9	1.580000E-9	4.996000E-9	1.794000E-6	578.020000E-6	0.000000E+0	-112.233000E+0	55.106000E+0	NaN	NaN
	25/11/2022 11:25:27	-65.747000E-3	8.040000E-9	2.100000E-9	5.473000E-9	1.794000E-6	541.030000E-6	0.000000E+0	-112.233000E+0	55.106000E+0	NaN	NaN
	25/11/2022 11:25:35	-65.523000E-3	8.390000E-9	2.170000E-9	5.573000E-9	1.796000E-6	564.690000E-6	0.000000E+0	-112.233000E+0	54.994000E+0	NaN	NaN
	25/11/2022 11:25:42	-65.523000E-3	8.480000E-9	2.180000E-9	5.586000E-9	1.796000E-6	538.320000E-6	0.000000E+0	-112.233000E+0	54.994000E+0	NaN	NaN
	25/11/2022 11:25:49	-66.561000E-3	8.640000E-9	2.220000E-9	5.701000E-9	1.796000E-6	569.370000E-6	0.000000E+0	-112.233000E+0	54.994000E+0	NaN	NaN
	25/11/2022 11:25:56	-65.845000E-3	8.870000E-9	2.270000E-9	5.861000E-9	1.796000E-6	538.560000E-6	0.000000E+0	-112.345000E+0	55.106000E+0	NaN	NaN
	25/11/2022 11:26:03	-65.991000E-3	8.930000E-9	2.280000E-9	5.833000E-9	1.796000E-6	571.370000E-6	0.000000E+0	-112.233000E+0	55.219000E+0	NaN	NaN
	25/11/2022 11:26:11	-65.327000E-3	8.870000E-9	2.270000E-9	5.868000E-9	1.796000E-6	569.370000E-6	0.000000E+0	-112.233000E+0	55.106000E+0	NaN	NaN
	25/11/2022 11:26:18	-65.425000E-3	8.930000E-9	2.270000E-9	5.770000E-9	1.796000E-6	542.760000E-6	0.000000E+0	-112.345000E+0	55.106000E+0	NaN	NaN
	25/11/2022 11:26:25	-65.821000E-3	8.920000E-9	2.280000E-9	5.826000E-9	1.796000E-6	576.790000E-6	0.000000E+0	-112.121000E+0	55.331000E+0	NaN	NaN
	25/11/2022 11:26:32	-65.178000E-3	21.900000E-9	3.810000E-9	7.560000E-9	1.796000E-6	578.520000E-6	0.000000E+0	-112.457000E+0	54.994000E+0	NaN	NaN
	25/11/2022 11:26:39	-65.279000E-3	11.200000E-9	2.780000E-9	7.026000E-9	1.796000E-6	566.180000E-6	0.000000E+0	-112.233000E+0	54.994000E+0	NaN	NaN
	25/11/2022 11:26:46	-65.672000E-3	10.600000E-9	2.650000E-9	6.793000E-9	1.796000E-6	533.400000E-6	0.000000E+0	-112.233000E+0	55.219000E+0	NaN	NaN
	25/11/2022 11:26:54	-66.066000E-3	10.600000E-9	2.660000E-9	6.640000E-9	1.796000E-6	562.730000E-6	0.000000E+0	-112.121000E+0	55.219000E+0	NaN	NaN
	25/11/2022 11:27:01	-65.649000E-3	10.500000E-9	2.640000E-9	6.826000E-9	1.796000E-6	565.680000E-6	0.000000E+0	-112.345000E+0	55.106000E+0	NaN	NaN
	25/11/2022 11:27:08	-65.523000E-3	10.400000E-9	2.610000E-9	6.712000E-9	2.013000E-6	578.020000E-6	0.000000E+0	-112.345000E+0	54.994000E+0	NaN	NaN
	25/11/2022 11:27:15	-65.747000E-3	10.100000E-9	2.550000E-9	6.530000E-9	1.947000E-6	579.510000E-6	0.000000E+0	-112.233000E+0	55.219000E+0	NaN	NaN
	25/11/2022 11:27:22	-65.327000E-3	10.000000E-9	2.520000E-9	6.475000E-9	1.900000E-6	573.340000E-6	0.000000E+0	-112.121000E+0	54.994000E+0	NaN	NaN
	25/11/2022 11:27:30	-66.018000E-3	10.100000E-9	2.530000E-9	6.498000E-9	1.878000E-6	534.620000E-6	0.000000E+0	-112.121000E+0	54.994000E+0	NaN	NaN
	25/11/2022 11:27:37	-65.747000E-3	9.900000E-9	2.490000E-9	6.390000E-9	1.865000E-6	536.830000E-6	0.000000E+0	-112.121000E+0	54.994000E+0	NaN	NaN
	25/11/2022 11:27:44	-65.622000E-3	9.850000E-9	2.480000E-9	6.390000E-9	1.847000E-6	562.490000E-6	0.000000E+0	-112.233000E+0	55.106000E+0	NaN	NaN
	25/11/2022 11:27:51	-65.476000E-3	9.730000E-9	2.450000E-9	6.246000E-9	1.845000E-6	584.420000E-6	0.000000E+0	-112.233000E+0	55.106000E+0	NaN	NaN
	25/11/2022 11:27:58	-65.008000E-3	9.710000E-9	2.440000E-9	6.253000E-9	1.843000E-6	559.780000E-6	0.000000E+0	-112.345000E+0	55.106000E+0	NaN	NaN
	25/11/2022 11:28:06	-65.598000E-3	9.700000E-9	2.440000E-9	6.238000E-9	1.838000E-6	559.030000E-6	0.000000E+0	-112.345000E+0	55.106000E+0	NaN	NaN
	25/11/2022 11:28:13	-65.574000E-3	9.600000E-9	2.420000E-9	6.268000E-9	1.831000E-6	532.660000E-6	0.000000E+0	-112.121000E+0	54.882000E+0	NaN	NaN
	25/11/2022 11:28:20	-65.696000E-3	9.620000E-9	2.430000E-9	6.344000E-9	1.825000E-6	569.130000E-6	0.000000E+0	-112.233000E+0	54.994000E+0	NaN	NaN
	25/11/2022 11:28:27	-65.425000E-3	9.760000E-9	2.450000E-9	6.157000E-9	1.823000E-6	580.730000E-6	0.000000E+0	-112.233000E+0	55.106000E+0	NaN	NaN
	25/11/2022 11:28:34	-66.042000E-3	9.670000E-9	2.440000E-9	6.261000E-9	1.820000E-6	549.670000E-6	0.000000E+0	-112.345000E+0	55.106000E+0	NaN	NaN
	25/11/2022 11:28:41	-65.476000E-3	9.670000E-9	2.430000E-9	6.261000E-9	1.816000E-6	570.120000E-6	0.000000E+0	-112.457000E+0	55.106000E+0	NaN	NaN
	25/11/2022 11:28:49	-65.795000E-3	9.650000E-9	2.430000E-9	6.231000E-9	1.816000E-6	537.340000E-6	0.000000E+0	-112.233000E+0	54.882000E+0	NaN	NaN
	25/11/2022 11:28:56	-65.991000E-3	9.590000E-9	2.420000E-9	6.224000E-9	1.816000E-6	549.910000E-6	0.000000E+0	-112.233000E+0	55.106000E+0	NaN	NaN
	25/11/2022 11:29:03	-65.327000E-3	9.510000E-9	2.400000E-9	6.157000E-9	1.814000E-6	574.560000E-6	0.000000E+0	-112.345000E+0	55.106000E+0	NaN	NaN
	25/11/2022 11:29:10	-65.845000E-3	9.700000E-9	2.450000E-9	6.276000E-9	1.814000E-6	563.710000E-6	0.000000E+0	-112.233000E+0	55.106000E+0	NaN	NaN
	25/11/2022 11:29:17	-65.771000E-3	9.500000E-9	2.400000E-9	6.164000E-9	1.814000E-6	575.070000E-6	0.000000E+0	-112.345000E+0	54.994000E+0	NaN	NaN
	25/11/2022 11:29:25	-65.696000E-3	9.380000E-9	2.370000E-9	6.090000E-9	1.814000E-6	558.790000E-6	0.000000E+0	-112.345000E+0	54.994000E+0	NaN	NaN
	25/11/2022 11:29:32	-65.920000E-3	9.360000E-9	2.350000E-9	6.083000E-9	1.814000E-6	572.830000E-6	0.000000E+0	-112.233000E+0	55.219000E+0	NaN	NaN
	25/11/2022 11:29:39	-66.239000E-3	9.230000E-9	2.320000E-9	6.025000E-9	1.814000E-6	577.270000E-6	0.000000E+0	-112.233000E+0	55.106000E+0	NaN	NaN
	25/11/2022 11:29:46	-65.425000E-3	9.130000E-9	2.250000E-9	5.087000E-9	1.814000E-6	573.340000E-6	0.000000E+0	-112.233000E+0	54.994000E+0	NaN	NaN
	25/11/2022 11:29:53	-65.449000E-3	7.120000E-9	1.830000E-9	4.996000E-9	1.814000E-6	547.200000E-6	0.000000E+0	-112.233000E+0	54.994000E+0	NaN	NaN
	25/11/2022 11:30:01	-65.476000E-3	6.900000E-9	1.800000E-9	4.996000E-9	1.814000E-6	558.790000E-6	0.000000E+0	-112.345000E+0	54.994000E+0	NaN	NaN
	25/11/2022 11:30:08	-65.747000E-3	6.860000E-9	1.790000E-9	4.996000E-9	1.814000E-6	580.730000E-6	0.000000E+0	-112.345000E+0	54.882000E+0	NaN	NaN
	25/11/2022 11:30:15	-65.106000E-3	6.800000E-9	1.780000E-9	4.996000E-9	1.814000E-6	549.170000E-6	0.000000E+0	-112.121000E+0	54.994000E+0	NaN	NaN
	25/11/2022 11:30:22	-65.351000E-3	6.680000E-9	1.750000E-9	4.996000E-9	1.814000E-6	572.350000E-6	0.000000E+0	-112.345000E+0	55.106000E+0	NaN	NaN
	25/11/2022 11:30:29	-65.869000E-3	6.660000E-9	1.740000E-9	4.996000E-9	1.814000E-6	537.100000E-6	0.000000E+0	-112.008000E+0	55.106000E+0	NaN	NaN
	25/11/2022 11:30:36	-65.672000E-3	6.660000E-9	1.740000E-9	4.996000E-9	1.814000E-6	569.130000E-6	0.000000E+0	-112.121000E+0	54.994000E+0	NaN	NaN
	25/11/2022 11:30:44	-65.303000E-3	6.590000E-9	1.730000E-9	4.996000E-9	1.814000E-6	547.440000E-6	0.000000E+0	-112.345000E+0	55.106000E+0	NaN	NaN
	25/11/2022 11:30:51	-65.821000E-3	6.630000E-9	1.730000E-9	4.996000E-9	1.814000E-6	561.240000E-6	0.000000E+0	-112.233000E+0	55.106000E+0	NaN	NaN
	25/11/2022 11:30:58	-65.351000E-3	6.530000E-9	1.710000E-9	4.996000E-9	1.814000E-6	536.590000E-6	0.000000E+0	-112.121000E+0	54.882000E+0	NaN	NaN
	25/11/2022 11:31:05	-65.252000E-3	6.510000E-9	1.700000E-9	4.996000E-9	1.814000E-6	562.730000E-6	0.000000E+0	-112.457000E+0	55.106000E+0	NaN	NaN
	25/11/2022 11:31:12	-65.622000E-3	6.530000E-9	1.710000E-9	4.996000E-9	1.811000E-6	571.100000E-6	0.000000E+0	-112.457000E+0	54.994000E+0	NaN	NaN
	25/11/2022 11:31:20	-65.622000E-3	6.540000E-9	1.710000E-9	4.996000E-9	1.811000E-6	572.590000E-6	0.000000E+0	-112.345000E+0	55.106000E+0	NaN	NaN
	25/11/2022 11:31:27	-65.351000E-3	6.460000E-9	1.700000E-9	4.996000E-9	1.814000E-6	544.970000E-6	0.000000E+0	-112.457000E+0	55.106000E+0	NaN	NaN
	25/11/2022 11:31:34	-65.550000E-3	6.490000E-9	1.700000E-9	4.996000E-9	1.814000E-6	555.340000E-6	0.000000E+0	-112.233000E+0	54.994000E+0	NaN	NaN
	25/11/2022 11:31:41	-65.303000E-3	6.450000E-9	1.700000E-9	4.996000E-9	1.811000E-6	539.810000E-6	0.000000E+0	-112.233000E+0	55.106000E+0	NaN	NaN
	25/11/2022 11:31:48	-64.957000E-3	6.410000E-9	1.700000E-9	4.996000E-9	1.814000E-6	574.560000E-6	0.000000E+0	-112.121000E+0	55.106000E+0	NaN	NaN
	25/11/2022 11:31:55	-65.523000E-3	6.410000E-9	1.690000E-9	4.996000E-9	1.814000E-6	531.170000E-6	0.000000E+0	-112.345000E+0	55.106000E+0	NaN	NaN
	25/11/2022 11:32:03	-65.893000E-3	6.390000E-9	1.680000E-9	4.996000E-9	1.814000E-6	570.120000E-6	0.000000E+0	-112.345000E+0	55.106000E+0	NaN	NaN
	25/11/2022 11:32:10	-66.388000E-3	6.410000E-9	1.690000E-9	4.996000E-9	1.814000E-6	576.290000E-6	0.000000E+0	-112.345000E+0	55.106000E+0	NaN	NaN
	25/11/2022 11:32:17	-66.093000E-3	6.390000E-9	1.690000E-9	4.996000E-9	1.818000E-6	579.740000E-6	0.000000E+0	-112.345000E+0	54.882000E+0	NaN	NaN
	25/11/2022 11:32:24	-65.327000E-3	6.370000E-9	1.680000E-9	4.996000E-9	1.818000E-6	546.460000E-6	0.000000E+0	-112.345000E+0	55.219000E+0	NaN	NaN
	25/11/2022 11:32:31	-65.130000E-3	6.360000E-9	1.680000E-9	4.996000E-9	1.818000E-6	544.490000E-6	0.000000E+0	-112.345000E+0	55.106000E+0	NaN	NaN
	25/11/2022 11:32:39	-65.991000E-3	6.360000E-9	1.670000E-9	4.996000E-9	1.816000E-6	570.860000E-6	0.000000E+0	-112.345000E+0	55.106000E+0	NaN	NaN
	25/11/2022 11:32:46	-65.622000E-3	6.350000E-9	1.680000E-9	4.996000E-9	1.818000E-6	578.520000E-6	0.000000E+0	-112.345000E+0	54.994000E+0	NaN	NaN
	25/11/2022 11:32:53	-65.672000E-3	6.350000E-9	1.680000E-9	4.996000E-9	1.816000E-6	564.960000E-6	0.000000E+0	-112.345000E+0	54.994000E+0	NaN	NaN
	25/11/2022 11:33:00	-65.771000E-3	6.310000E-9	1.660000E-9	4.996000E-9	1.816000E-6	562.250000E-6	0.000000E+0	-112.233000E+0	55.106000E+0	NaN	NaN
	25/11/2022 11:33:07	-65.476000E-3	6.310000E-9	1.660000E-9	4.996000E-9	1.818000E-6	533.130000E-6	0.000000E+0	-112.233000E+0	55.106000E+0	NaN	NaN
	25/11/2022 11:33:14	-65.598000E-3	6.280000E-9	1.660000E-9	4.996000E-9	1.818000E-6	564.960000E-6	0.000000E+0	-112.233000E+0	55.106000E+0	NaN	NaN
	25/11/2022 11:33:21	-65.425000E-3	6.860000E-9	12.000000E-9	85.650000E-9	1.816000E-6	535.850000E-6	0.000000E+0	-112.457000E+0	54.994000E+0	NaN	NaN
	25/11/2022 11:33:29	-65.649000E-3	14.300000E-9	3.350000E-9	6.648000E-9	1.816000E-6	565.200000E-6	0.000000E+0	-112.345000E+0	54.994000E+0	NaN	NaN
	25/11/2022 11:33:36	-66.191000E-3	9.470000E-9	2.490000E-9	5.770000E-9	1.818000E-6	541.030000E-6	0.000000E+0	-112.233000E+0	54.994000E+0	NaN	NaN
	25/11/2022 11:33:43	-65.771000E-3	8.520000E-9	2.260000E-9	5.363000E-9	1.818000E-6	543.270000E-6	0.000000E+0	-112.345000E+0	55.106000E+0	NaN	NaN
	25/11/2022 11:33:50	-65.523000E-3	8.090000E-9	2.140000E-9	5.136000E-9	1.818000E-6	536.110000E-6	0.000000E+0	-112.233000E+0	55.106000E+0	NaN	NaN
	25/11/2022 11:33:57	-66.116000E-3	7.800000E-9	2.070000E-9	4.996000E-9	1.816000E-6	542.760000E-6	0.000000E+0	-112.233000E+0	54.994000E+0	NaN	NaN
	25/11/2022 11:34:05	-66.018000E-3	7.610000E-9	2.000000E-9	4.996000E-9	1.818000E-6	539.540000E-6	0.000000E+0	-112.233000E+0	55.106000E+0	NaN	NaN
	25/11/2022 11:34:12	-65.720000E-3	7.580000E-9	1.990000E-9	4.996000E-9	1.818000E-6	532.150000E-6	0.000000E+0	-112.233000E+0	55.106000E+0	NaN	NaN
	25/11/2022 11:34:19	-65.550000E-3	7.490000E-9	1.970000E-9	4.996000E-9	1.818000E-6	536.350000E-6	0.000000E+0	-112.233000E+0	54.994000E+0	NaN	NaN
	25/11/2022 11:34:26	-65.649000E-3	7.420000E-9	1.960000E-9	4.996000E-9	1.818000E-6	535.850000E-6	0.000000E+0	-112.233000E+0	55.219000E+0	NaN	NaN
	25/11/2022 11:34:33	-65.476000E-3	7.400000E-9	1.940000E-9	4.996000E-9	1.816000E-6	536.110000E-6	0.000000E+0	-112.233000E+0	54.994000E+0	NaN	NaN
	25/11/2022 11:34:40	-65.574000E-3	7.280000E-9	1.910000E-9	4.996000E-9	1.818000E-6	543.270000E-6	0.000000E+0	-112.233000E+0	54.882000E+0	NaN	NaN
	25/11/2022 11:34:48	-65.351000E-3	7.320000E-9	1.920000E-9	4.996000E-9	1.818000E-6	571.100000E-6	0.000000E+0	-112.345000E+0	55.106000E+0	NaN	NaN
	25/11/2022 11:34:55	-65.622000E-3	7.200000E-9	1.900000E-9	4.996000E-9	1.818000E-6	576.290000E-6	0.000000E+0	-112.233000E+0	55.106000E+0	NaN	NaN
	25/11/2022 11:35:02	-65.574000E-3	7.140000E-9	1.880000E-9	4.996000E-9	1.818000E-6	570.390000E-6	0.000000E+0	-112.345000E+0	55.106000E+0	NaN	NaN
	25/11/2022 11:35:09	-65.598000E-3	7.070000E-9	1.870000E-9	4.996000E-9	1.818000E-6	560.020000E-6	0.000000E+0	-112.233000E+0	54.994000E+0	NaN	NaN
	25/11/2022 11:35:16	-65.967000E-3	7.040000E-9	1.870000E-9	4.996000E-9	1.818000E-6	546.960000E-6	0.000000E+0	-112.345000E+0	54.994000E+0	NaN	NaN
	25/11/2022 11:35:23	-65.351000E-3	6.940000E-9	1.830000E-9	4.996000E-9	1.820000E-6	580.250000E-6	0.000000E+0	-112.457000E+0	55.106000E+0	NaN	NaN
	25/11/2022 11:35:31	-65.893000E-3	6.920000E-9	1.830000E-9	4.996000E-9	1.820000E-6	548.930000E-6	0.000000E+0	-112.345000E+0	55.106000E+0	NaN	NaN
	25/11/2022 11:35:38	-65.845000E-3	6.920000E-9	1.830000E-9	4.996000E-9	1.820000E-6	576.290000E-6	0.000000E+0	-112.233000E+0	54.994000E+0	NaN	NaN
	25/11/2022 11:35:45	-65.967000E-3	6.880000E-9	1.810000E-9	4.996000E-9	1.820000E-6	536.110000E-6	0.000000E+0	-112.345000E+0	54.994000E+0	NaN	NaN
	25/11/2022 11:35:52	-65.351000E-3	6.850000E-9	1.810000E-9	4.996000E-9	1.820000E-6	560.760000E-6	0.000000E+0	-112.345000E+0	55.106000E+0	NaN	NaN
	25/11/2022 11:35:59	-65.747000E-3	6.900000E-9	1.820000E-9	4.996000E-9	1.820000E-6	570.120000E-6	0.000000E+0	-112.233000E+0	54.882000E+0	NaN	NaN
	25/11/2022 11:36:07	-65.550000E-3	6.900000E-9	1.830000E-9	4.996000E-9	1.820000E-6	541.540000E-6	0.000000E+0	-112.345000E+0	55.219000E+0	NaN	NaN
	25/11/2022 11:36:14	-65.944000E-3	6.840000E-9	1.800000E-9	4.996000E-9	1.820000E-6	571.610000E-6	0.000000E+0	-112.345000E+0	54.994000E+0	NaN	NaN
	25/11/2022 11:36:21	-65.845000E-3	6.750000E-9	1.780000E-9	4.996000E-9	1.823000E-6	530.930000E-6	0.000000E+0	-112.345000E+0	55.106000E+0	NaN	NaN
	25/11/2022 11:36:28	-65.845000E-3	6.740000E-9	1.770000E-9	4.996000E-9	1.823000E-6	579.000000E-6	0.000000E+0	-112.345000E+0	54.994000E+0	NaN	NaN
	25/11/2022 11:36:35	-65.944000E-3	6.740000E-9	1.780000E-9	4.996000E-9	1.823000E-6	536.830000E-6	0.000000E+0	-112.121000E+0	55.106000E+0	NaN	NaN
	25/11/2022 11:36:43	-65.991000E-3	6.790000E-9	1.800000E-9	4.996000E-9	1.823000E-6	537.840000E-6	0.000000E+0	-112.233000E+0	55.106000E+0	NaN	NaN
	25/11/2022 11:36:50	-66.066000E-3	6.750000E-9	1.790000E-9	4.996000E-9	1.823000E-6	579.000000E-6	0.000000E+0	-112.121000E+0	54.994000E+0	NaN	NaN
	25/11/2022 11:36:57	-65.720000E-3	6.730000E-9	1.780000E-9	4.996000E-9	1.823000E-6	545.470000E-6	0.000000E+0	-112.345000E+0	54.994000E+0	NaN	NaN
	25/11/2022 11:37:04	-66.116000E-3	6.710000E-9	1.770000E-9	4.996000E-9	1.823000E-6	540.790000E-6	0.000000E+0	-112.121000E+0	54.994000E+0	NaN	NaN
	25/11/2022 11:37:11	-66.066000E-3	6.690000E-9	1.760000E-9	4.996000E-9	1.825000E-6	535.370000E-6	0.000000E+0	-112.121000E+0	54.994000E+0	NaN	NaN
	25/11/2022 11:37:18	-65.401000E-3	6.660000E-9	1.740000E-9	4.996000E-9	1.823000E-6	569.880000E-6	0.000000E+0	-112.121000E+0	55.106000E+0	NaN	NaN
	25/11/2022 11:37:26	-65.967000E-3	6.660000E-9	1.750000E-9	4.996000E-9	1.823000E-6	534.620000E-6	0.000000E+0	-112.345000E+0	54.994000E+0	NaN	NaN
	25/11/2022 11:37:33	-65.747000E-3	6.620000E-9	1.750000E-9	4.996000E-9	1.823000E-6	575.070000E-6	0.000000E+0	-112.345000E+0	54.882000E+0	NaN	NaN
	25/11/2022 11:37:40	-65.649000E-3	6.670000E-9	1.760000E-9	4.996000E-9	1.823000E-6	548.420000E-6	0.000000E+0	-112.345000E+0	55.106000E+0	NaN	NaN
	25/11/2022 11:37:47	-65.327000E-3	6.630000E-9	1.760000E-9	4.996000E-9	1.825000E-6	541.780000E-6	0.000000E+0	-112.345000E+0	54.994000E+0	NaN	NaN
	25/11/2022 11:37:54	-65.500000E-3	6.610000E-9	1.750000E-9	4.996000E-9	1.825000E-6	535.850000E-6	0.000000E+0	-112.233000E+0	54.994000E+0	NaN	NaN
	25/11/2022 11:38:02	-65.449000E-3	6.600000E-9	1.740000E-9	4.996000E-9	1.823000E-6	534.620000E-6	0.000000E+0	-112.345000E+0	55.219000E+0	NaN	NaN
	25/11/2022 11:38:09	-65.696000E-3	6.620000E-9	1.750000E-9	4.996000E-9	1.823000E-6	533.640000E-6	0.000000E+0	-112.345000E+0	55.106000E+0	NaN	NaN
	25/11/2022 11:38:16	-65.500000E-3	6.620000E-9	1.740000E-9	4.996000E-9	1.825000E-6	567.910000E-6	0.000000E+0	-112.345000E+0	54.882000E+0	NaN	NaN
	25/11/2022 11:38:23	-65.574000E-3	6.630000E-9	1.750000E-9	4.996000E-9	1.825000E-6	537.340000E-6	0.000000E+0	-112.345000E+0	55.106000E+0	NaN	NaN
	25/11/2022 11:38:30	-65.476000E-3	6.600000E-9	1.740000E-9	4.996000E-9	1.825000E-6	532.420000E-6	0.000000E+0	-112.233000E+0	55.106000E+0	NaN	NaN
	25/11/2022 11:38:37	-65.154000E-3	6.580000E-9	1.730000E-9	4.996000E-9	1.825000E-6	563.230000E-6	0.000000E+0	-112.345000E+0	54.994000E+0	NaN	NaN
	25/11/2022 11:38:45	-65.130000E-3	6.590000E-9	1.730000E-9	4.996000E-9	1.825000E-6	543.270000E-6	0.000000E+0	-112.345000E+0	54.994000E+0	NaN	NaN
	25/11/2022 11:38:52	-66.093000E-3	6.600000E-9	1.730000E-9	4.996000E-9	1.825000E-6	575.810000E-6	0.000000E+0	-112.345000E+0	55.106000E+0	NaN	NaN
	25/11/2022 11:38:59	-65.523000E-3	6.540000E-9	1.720000E-9	4.996000E-9	1.825000E-6	543.270000E-6	0.000000E+0	-112.345000E+0	54.994000E+0	NaN	NaN
	25/11/2022 11:39:06	-65.869000E-3	6.520000E-9	1.710000E-9	4.996000E-9	1.825000E-6	534.620000E-6	0.000000E+0	-112.345000E+0	54.994000E+0	NaN	NaN
	25/11/2022 11:39:13	-65.303000E-3	6.560000E-9	1.730000E-9	4.996000E-9	1.827000E-6	545.470000E-6	0.000000E+0	-112.345000E+0	55.106000E+0	NaN	NaN
	25/11/2022 11:39:20	-66.066000E-3	9.130000E-9	2.320000E-9	6.253000E-9	1.825000E-6	576.790000E-6	0.000000E+0	-112.233000E+0	54.994000E+0	NaN	NaN
	25/11/2022 11:39:28	-65.869000E-3	9.990000E-9	2.500000E-9	6.616000E-9	1.825000E-6	577.030000E-6	0.000000E+0	-112.345000E+0	54.994000E+0	NaN	NaN
	25/11/2022 11:39:35	-65.720000E-3	10.200000E-9	2.540000E-9	6.616000E-9	1.827000E-6	543.740000E-6	0.000000E+0	-112.345000E+0	55.219000E+0	NaN	NaN
	25/11/2022 11:39:42	-65.476000E-3	9.980000E-9	2.480000E-9	6.577000E-9	1.827000E-6	563.230000E-6	0.000000E+0	-112.345000E+0	54.994000E+0	NaN	NaN
	25/11/2022 11:39:49	-65.228000E-3	10.200000E-9	2.530000E-9	6.608000E-9	1.827000E-6	535.610000E-6	0.000000E+0	-112.345000E+0	55.106000E+0	NaN	NaN
	25/11/2022 11:39:56	-65.869000E-3	10.200000E-9	2.520000E-9	6.664000E-9	1.827000E-6	575.070000E-6	0.000000E+0	-112.345000E+0	54.994000E+0	NaN	NaN
	25/11/2022 11:40:04	-65.622000E-3	10.300000E-9	2.550000E-9	6.737000E-9	1.827000E-6	535.130000E-6	0.000000E+0	-112.233000E+0	54.994000E+0	NaN	NaN
	25/11/2022 11:40:11	-65.696000E-3	10.500000E-9	2.590000E-9	6.769000E-9	1.827000E-6	547.440000E-6	0.000000E+0	-112.345000E+0	55.106000E+0	NaN	NaN
	25/11/2022 11:40:18	-65.279000E-3	10.600000E-9	2.630000E-9	6.777000E-9	1.827000E-6	575.810000E-6	0.000000E+0	-112.345000E+0	55.106000E+0	NaN	NaN
	25/11/2022 11:40:25	-65.205000E-3	10.500000E-9	2.600000E-9	6.608000E-9	1.827000E-6	571.850000E-6	0.000000E+0	-112.345000E+0	55.106000E+0	NaN	NaN
	25/11/2022 11:40:32	-65.351000E-3	10.800000E-9	2.660000E-9	6.984000E-9	1.827000E-6	535.610000E-6	0.000000E+0	-112.233000E+0	54.882000E+0	NaN	NaN
	25/11/2022 11:40:40	-65.869000E-3	10.700000E-9	2.640000E-9	6.925000E-9	1.829000E-6	557.540000E-6	0.000000E+0	-112.233000E+0	54.882000E+0	NaN	NaN
	25/11/2022 11:40:47	-65.649000E-3	10.700000E-9	2.630000E-9	6.467000E-9	1.827000E-6	572.350000E-6	0.000000E+0	-112.233000E+0	54.994000E+0	NaN	NaN
	25/11/2022 11:40:54	-65.967000E-3	10.700000E-9	2.640000E-9	6.909000E-9	1.829000E-6	573.810000E-6	0.000000E+0	-112.345000E+0	54.994000E+0	NaN	NaN
	25/11/2022 11:41:01	-65.649000E-3	10.700000E-9	2.630000E-9	6.436000E-9	1.827000E-6	545.710000E-6	0.000000E+0	-112.345000E+0	55.106000E+0	NaN	NaN
	25/11/2022 11:41:08	-65.598000E-3	10.600000E-9	2.620000E-9	6.851000E-9	1.827000E-6	563.950000E-6	0.000000E+0	-112.345000E+0	55.106000E+0	NaN	NaN
	25/11/2022 11:41:16	-65.598000E-3	10.500000E-9	2.600000E-9	6.769000E-9	1.829000E-6	561.510000E-6	0.000000E+0	-112.233000E+0	54.994000E+0	NaN	NaN
	25/11/2022 11:41:23	-65.500000E-3	10.600000E-9	2.600000E-9	6.851000E-9	1.829000E-6	579.240000E-6	0.000000E+0	-112.233000E+0	55.106000E+0	NaN	NaN
	25/11/2022 11:41:30	-65.303000E-3	10.600000E-9	2.610000E-9	6.917000E-9	1.829000E-6	569.640000E-6	0.000000E+0	-112.233000E+0	54.994000E+0	NaN	NaN
	25/11/2022 11:41:37	-65.574000E-3	10.600000E-9	2.610000E-9	6.680000E-9	1.829000E-6	570.390000E-6	0.000000E+0	-112.345000E+0	54.994000E+0	NaN	NaN
	25/11/2022 11:41:44	-65.550000E-3	10.600000E-9	2.600000E-9	6.875000E-9	1.829000E-6	569.640000E-6	0.000000E+0	-112.345000E+0	55.219000E+0	NaN	NaN
	25/11/2022 11:41:51	-65.720000E-3	10.500000E-9	2.580000E-9	6.777000E-9	1.827000E-6	564.690000E-6	0.000000E+0	-112.345000E+0	55.106000E+0	NaN	NaN
	25/11/2022 11:41:59	-65.622000E-3	10.600000E-9	2.610000E-9	6.834000E-9	1.829000E-6	571.850000E-6	0.000000E+0	-112.345000E+0	55.219000E+0	NaN	NaN
	25/11/2022 11:42:06	-65.967000E-3	10.600000E-9	2.630000E-9	6.875000E-9	1.829000E-6	544.490000E-6	0.000000E+0	-112.233000E+0	55.106000E+0	NaN	NaN
	25/11/2022 11:42:13	-65.523000E-3	10.600000E-9	2.610000E-9	6.712000E-9	1.829000E-6	538.560000E-6	0.000000E+0	-112.233000E+0	54.882000E+0	NaN	NaN
	25/11/2022 11:42:20	-65.720000E-3	10.700000E-9	2.650000E-9	7.009000E-9	1.829000E-6	574.830000E-6	0.000000E+0	-112.457000E+0	55.106000E+0	NaN	NaN
	25/11/2022 11:42:27	-65.649000E-3	10.700000E-9	2.650000E-9	6.942000E-9	1.829000E-6	576.530000E-6	0.000000E+0	-112.345000E+0	54.994000E+0	NaN	NaN
	25/11/2022 11:42:34	-65.893000E-3	10.800000E-9	2.670000E-9	6.900000E-9	1.829000E-6	536.350000E-6	0.000000E+0	-112.121000E+0	55.106000E+0	NaN	NaN
	25/11/2022 11:42:42	-65.598000E-3	10.900000E-9	2.670000E-9	6.967000E-9	1.829000E-6	572.590000E-6	0.000000E+0	-112.233000E+0	54.994000E+0	NaN	NaN
	25/11/2022 11:42:49	-65.622000E-3	11.000000E-9	2.690000E-9	6.967000E-9	1.829000E-6	534.620000E-6	0.000000E+0	-112.345000E+0	55.219000E+0	NaN	NaN
	25/11/2022 11:42:56	-65.425000E-3	10.900000E-9	2.690000E-9	7.128000E-9	1.829000E-6	539.300000E-6	0.000000E+0	-112.345000E+0	55.106000E+0	NaN	NaN
	25/11/2022 11:43:03	-65.747000E-3	10.900000E-9	2.690000E-9	6.640000E-9	1.831000E-6	539.810000E-6	0.000000E+0	-112.233000E+0	55.106000E+0	NaN	NaN
	25/11/2022 11:43:10	-65.991000E-3	10.900000E-9	2.700000E-9	6.777000E-9	1.829000E-6	573.100000E-6	0.000000E+0	-112.233000E+0	55.106000E+0	NaN	NaN
	25/11/2022 11:43:18	-65.845000E-3	10.800000E-9	2.660000E-9	6.934000E-9	1.831000E-6	552.860000E-6	0.000000E+0	-112.345000E+0	54.994000E+0	NaN	NaN
	25/11/2022 11:43:25	-65.672000E-3	10.800000E-9	2.660000E-9	6.892000E-9	1.831000E-6	571.610000E-6	0.000000E+0	-112.345000E+0	55.106000E+0	NaN	NaN
	25/11/2022 11:43:32	-66.066000E-3	11.000000E-9	2.690000E-9	7.051000E-9	1.831000E-6	555.810000E-6	0.000000E+0	-112.345000E+0	54.994000E+0	NaN	NaN
	25/11/2022 11:43:39	-65.747000E-3	10.800000E-9	2.660000E-9	6.950000E-9	1.831000E-6	534.620000E-6	0.000000E+0	-112.345000E+0	55.219000E+0	NaN	NaN
	25/11/2022 11:43:46	-65.154000E-3	11.000000E-9	2.700000E-9	6.656000E-9	1.831000E-6	535.610000E-6	0.000000E+0	-112.345000E+0	55.106000E+0	NaN	NaN
	25/11/2022 11:43:53	-65.649000E-3	11.100000E-9	2.720000E-9	6.600000E-9	1.831000E-6	531.170000E-6	0.000000E+0	-112.233000E+0	55.219000E+0	NaN	NaN
	25/11/2022 11:44:01	-65.449000E-3	11.100000E-9	2.720000E-9	7.145000E-9	1.831000E-6	550.900000E-6	0.000000E+0	-112.233000E+0	55.106000E+0	NaN	NaN
	25/11/2022 11:44:08	-65.500000E-3	11.000000E-9	2.710000E-9	7.085000E-9	1.831000E-6	572.090000E-6	0.000000E+0	-112.233000E+0	54.994000E+0	NaN	NaN
	25/11/2022 11:44:15	-65.500000E-3	10.900000E-9	2.680000E-9	6.925000E-9	1.831000E-6	569.880000E-6	0.000000E+0	-112.233000E+0	54.994000E+0	NaN	NaN
	25/11/2022 11:44:22	-65.351000E-3	11.000000E-9	2.700000E-9	7.093000E-9	1.831000E-6	542.250000E-6	0.000000E+0	-112.345000E+0	55.106000E+0	NaN	NaN
	25/11/2022 11:44:29	-65.523000E-3	11.000000E-9	2.710000E-9	6.688000E-9	1.831000E-6	535.610000E-6	0.000000E+0	-112.345000E+0	55.106000E+0	NaN	NaN
	25/11/2022 11:44:36	-66.116000E-3	11.000000E-9	2.690000E-9	7.111000E-9	1.831000E-6	551.880000E-6	0.000000E+0	-112.457000E+0	54.994000E+0	NaN	NaN
	25/11/2022 11:44:44	-65.920000E-3	8.480000E-9	2.040000E-9	4.996000E-9	1.831000E-6	575.540000E-6	0.000000E+0	-112.345000E+0	55.106000E+0	NaN	NaN
	25/11/2022 11:44:51	-65.944000E-3	6.900000E-9	1.750000E-9	4.996000E-9	1.831000E-6	575.540000E-6	0.000000E+0	-112.457000E+0	54.882000E+0	NaN	NaN
	25/11/2022 11:44:58	-65.649000E-3	6.610000E-9	1.680000E-9	4.996000E-9	1.831000E-6	571.850000E-6	0.000000E+0	-112.233000E+0	55.106000E+0	NaN	NaN
	25/11/2022 11:45:05	-65.869000E-3	6.420000E-9	1.650000E-9	4.996000E-9	1.834000E-6	566.180000E-6	0.000000E+0	-112.345000E+0	54.882000E+0	NaN	NaN
	25/11/2022 11:45:12	-65.869000E-3	6.330000E-9	1.630000E-9	4.996000E-9	1.831000E-6	558.790000E-6	0.000000E+0	-112.345000E+0	54.994000E+0	NaN	NaN
	25/11/2022 11:45:19	-65.622000E-3	6.240000E-9	1.610000E-9	4.996000E-9	1.834000E-6	555.100000E-6	0.000000E+0	-112.345000E+0	54.994000E+0	NaN	NaN
	25/11/2022 11:45:27	-65.476000E-3	6.150000E-9	1.590000E-9	4.996000E-9	1.834000E-6	541.270000E-6	0.000000E+0	-112.345000E+0	55.106000E+0	NaN	NaN
	25/11/2022 11:45:34	-65.032000E-3	6.040000E-9	1.570000E-9	4.996000E-9	1.834000E-6	551.640000E-6	0.000000E+0	-112.345000E+0	55.106000E+0	NaN	NaN
	25/11/2022 11:45:41	-65.574000E-3	6.010000E-9	1.560000E-9	4.996000E-9	1.834000E-6	576.530000E-6	0.000000E+0	-112.345000E+0	55.106000E+0	NaN	NaN
	25/11/2022 11:45:48	-65.574000E-3	5.960000E-9	1.550000E-9	4.996000E-9	1.834000E-6	570.860000E-6	0.000000E+0	-112.121000E+0	54.994000E+0	NaN	NaN
	25/11/2022 11:45:56	-65.720000E-3	5.880000E-9	1.540000E-9	4.996000E-9	1.834000E-6	578.250000E-6	0.000000E+0	-112.345000E+0	54.882000E+0	NaN	NaN
	25/11/2022 11:46:03	-65.377000E-3	5.830000E-9	1.520000E-9	4.996000E-9	1.834000E-6	569.370000E-6	0.000000E+0	-112.345000E+0	54.994000E+0	NaN	NaN
	25/11/2022 11:46:10	-65.178000E-3	5.800000E-9	1.510000E-9	4.996000E-9	1.836000E-6	574.080000E-6	0.000000E+0	-112.345000E+0	55.219000E+0	NaN	NaN
	25/11/2022 11:46:17	-65.795000E-3	5.760000E-9	1.500000E-9	4.996000E-9	1.834000E-6	536.350000E-6	0.000000E+0	-112.345000E+0	55.106000E+0	NaN	NaN
	25/11/2022 11:46:24	-66.018000E-3	5.710000E-9	1.490000E-9	4.996000E-9	1.834000E-6	538.320000E-6	0.000000E+0	-112.233000E+0	55.106000E+0	NaN	NaN
	25/11/2022 11:46:31	-65.795000E-3	5.660000E-9	1.490000E-9	4.996000E-9	1.834000E-6	572.590000E-6	0.000000E+0	-112.233000E+0	55.219000E+0	NaN	NaN
	25/11/2022 11:46:39	-65.377000E-3	5.630000E-9	1.480000E-9	4.996000E-9	1.836000E-6	555.810000E-6	0.000000E+0	-112.345000E+0	54.994000E+0	NaN	NaN
	25/11/2022 11:46:46	-65.795000E-3	5.570000E-9	1.480000E-9	4.996000E-9	1.836000E-6	534.860000E-6	0.000000E+0	-112.121000E+0	55.106000E+0	NaN	NaN
	25/11/2022 11:46:53	-65.720000E-3	5.570000E-9	1.470000E-9	4.996000E-9	1.836000E-6	575.070000E-6	0.000000E+0	-112.345000E+0	54.994000E+0	NaN	NaN
	25/11/2022 11:47:00	-65.649000E-3	5.530000E-9	1.470000E-9	4.996000E-9	1.836000E-6	544.250000E-6	0.000000E+0	-112.345000E+0	54.994000E+0	NaN	NaN
	25/11/2022 11:47:07	-65.598000E-3	5.490000E-9	1.460000E-9	4.996000E-9	1.836000E-6	545.980000E-6	0.000000E+0	-112.233000E+0	55.106000E+0	NaN	NaN
	25/11/2022 11:47:15	-65.449000E-3	5.450000E-9	1.450000E-9	4.996000E-9	1.836000E-6	570.630000E-6	0.000000E+0	-112.345000E+0	55.106000E+0	NaN	NaN
	25/11/2022 11:47:22	-65.771000E-3	5.420000E-9	1.440000E-9	4.996000E-9	1.840000E-6	574.080000E-6	0.000000E+0	-112.457000E+0	55.106000E+0	NaN	NaN
	25/11/2022 11:47:29	-65.401000E-3	5.420000E-9	1.430000E-9	4.996000E-9	1.836000E-6	539.060000E-6	0.000000E+0	-112.345000E+0	55.106000E+0	NaN	NaN
	25/11/2022 11:47:36	-65.598000E-3	5.380000E-9	1.420000E-9	4.996000E-9	1.840000E-6	535.370000E-6	0.000000E+0	-112.345000E+0	54.994000E+0	NaN	NaN
	25/11/2022 11:47:43	-65.377000E-3	5.350000E-9	1.420000E-9	4.996000E-9	1.836000E-6	569.130000E-6	0.000000E+0	-112.345000E+0	55.106000E+0	NaN	NaN
	25/11/2022 11:47:50	-65.672000E-3	5.330000E-9	1.420000E-9	4.996000E-9	1.840000E-6	579.000000E-6	0.000000E+0	-112.345000E+0	54.994000E+0	NaN	NaN
	25/11/2022 11:47:58	-65.449000E-3	5.290000E-9	1.420000E-9	4.996000E-9	1.840000E-6	561.980000E-6	0.000000E+0	-112.570000E+0	54.994000E+0	NaN	NaN
	25/11/2022 11:48:05	-65.649000E-3	5.270000E-9	1.420000E-9	4.996000E-9	1.843000E-6	549.170000E-6	0.000000E+0	-112.233000E+0	55.219000E+0	NaN	NaN
	25/11/2022 11:48:12	-65.550000E-3	5.260000E-9	1.410000E-9	4.996000E-9	1.843000E-6	552.390000E-6	0.000000E+0	-112.345000E+0	54.994000E+0	NaN	NaN
	25/11/2022 11:48:19	-65.449000E-3	5.280000E-9	1.400000E-9	4.996000E-9	1.843000E-6	559.780000E-6	0.000000E+0	-112.457000E+0	54.994000E+0	NaN	NaN
	25/11/2022 11:48:26	-65.303000E-3	5.270000E-9	1.400000E-9	4.996000E-9	1.843000E-6	537.340000E-6	0.000000E+0	-112.233000E+0	54.994000E+0	NaN	NaN
	25/11/2022 11:48:33	-65.303000E-3	5.250000E-9	1.400000E-9	4.996000E-9	1.843000E-6	570.390000E-6	0.000000E+0	-112.233000E+0	54.994000E+0	NaN	NaN
