Live comments	Time	injection 100mbar	Barion_2	Barion_1	DUAL experiment	DUAL insulation	injection 1mbar	helium	T-platinum	T-CERNOX	I_emission	I_grid
	14/11/2022 16:44:29	-65.279000E-3	2.720000E-9	989.000000E-12	4.996000E-9	792.200000E-9	238.000000E-6	0.000000E+0	-96.071000E+0	63.861000E+0	0.000000E+0	NaN
	14/11/2022 16:44:39	-65.622000E-3	2.710000E-9	975.000000E-12	4.996000E-9	793.100000E-9	238.510000E-6	0.000000E+0	-96.071000E+0	63.861000E+0	0.000000E+0	NaN
	14/11/2022 16:44:48	-63.133000E-3	2.680000E-9	970.000000E-12	4.996000E-9	792.200000E-9	273.260000E-6	0.000000E+0	-96.184000E+0	63.973000E+0	0.000000E+0	NaN
	14/11/2022 16:44:57	-67.225000E-3	2.670000E-9	962.000000E-12	4.996000E-9	792.200000E-9	242.710000E-6	0.000000E+0	-96.071000E+0	64.085000E+0	0.000000E+0	NaN
	14/11/2022 16:45:06	-67.127000E-3	2.650000E-9	957.000000E-12	4.996000E-9	793.100000E-9	245.420000E-6	0.000000E+0	-96.071000E+0	63.861000E+0	0.000000E+0	NaN
	14/11/2022 16:45:15	-62.960000E-3	2.640000E-9	940.000000E-12	4.996000E-9	792.200000E-9	272.540000E-6	0.000000E+0	-95.847000E+0	64.085000E+0	0.000000E+0	NaN
	14/11/2022 16:45:25	-63.181000E-3	2.630000E-9	938.000000E-12	4.996000E-9	792.200000E-9	247.630000E-6	0.000000E+0	-95.959000E+0	63.973000E+0	0.000000E+0	NaN
	14/11/2022 16:45:34	-63.306000E-3	2.610000E-9	935.000000E-12	4.996000E-9	792.200000E-9	259.700000E-6	0.000000E+0	-96.071000E+0	64.085000E+0	0.000000E+0	NaN
	14/11/2022 16:45:43	-66.930000E-3	2.600000E-9	937.000000E-12	4.996000E-9	792.200000E-9	260.680000E-6	0.000000E+0	-95.959000E+0	63.973000E+0	0.000000E+0	NaN
	14/11/2022 16:45:52	-63.452000E-3	2.600000E-9	933.000000E-12	4.996000E-9	792.200000E-9	240.240000E-6	0.000000E+0	-95.959000E+0	64.085000E+0	0.000000E+0	NaN
	14/11/2022 16:46:01	-66.805000E-3	2.580000E-9	930.000000E-12	4.996000E-9	792.200000E-9	252.810000E-6	0.000000E+0	-95.959000E+0	64.085000E+0	0.000000E+0	NaN
	14/11/2022 16:46:11	-63.404000E-3	2.570000E-9	932.000000E-12	4.996000E-9	792.200000E-9	260.680000E-6	0.000000E+0	-96.071000E+0	63.973000E+0	0.000000E+0	NaN
	14/11/2022 16:46:20	-63.577000E-3	2.560000E-9	917.000000E-12	4.996000E-9	792.200000E-9	238.510000E-6	0.000000E+0	-95.959000E+0	64.197000E+0	0.000000E+0	NaN
	14/11/2022 16:46:29	-67.201000E-3	2.550000E-9	911.000000E-12	4.996000E-9	792.200000E-9	243.690000E-6	0.000000E+0	-96.071000E+0	64.085000E+0	0.000000E+0	NaN
	14/11/2022 16:46:38	-63.208000E-3	2.540000E-9	917.000000E-12	4.996000E-9	792.200000E-9	251.560000E-6	0.000000E+0	-96.071000E+0	63.973000E+0	0.000000E+0	NaN
	14/11/2022 16:46:47	-65.622000E-3	2.530000E-9	908.000000E-12	4.996000E-9	792.200000E-9	246.410000E-6	0.000000E+0	-96.071000E+0	63.861000E+0	0.000000E+0	NaN
	14/11/2022 16:46:57	-64.364000E-3	2.530000E-9	914.000000E-12	4.996000E-9	793.100000E-9	237.290000E-6	0.000000E+0	-95.959000E+0	63.973000E+0	0.000000E+0	NaN
	14/11/2022 16:47:06	-62.764000E-3	2.520000E-9	910.000000E-12	4.996000E-9	964.600000E-9	246.880000E-6	0.000000E+0	-95.959000E+0	63.973000E+0	0.000000E+0	NaN
	14/11/2022 16:47:15	-65.228000E-3	2.500000E-9	901.000000E-12	4.996000E-9	866.800000E-9	241.460000E-6	0.000000E+0	-95.959000E+0	64.197000E+0	0.000000E+0	NaN
	14/11/2022 16:47:24	-65.550000E-3	2.490000E-9	896.000000E-12	4.996000E-9	835.200000E-9	261.190000E-6	0.000000E+0	-95.847000E+0	64.085000E+0	0.000000E+0	NaN
	14/11/2022 16:47:33	-63.083000E-3	2.490000E-9	895.000000E-12	4.996000E-9	821.200000E-9	259.220000E-6	0.000000E+0	-96.296000E+0	64.085000E+0	0.000000E+0	NaN
	14/11/2022 16:47:43	-67.151000E-3	2.470000E-9	896.000000E-12	4.996000E-9	810.400000E-9	269.560000E-6	0.000000E+0	-96.071000E+0	64.085000E+0	0.000000E+0	NaN
	14/11/2022 16:47:52	-63.133000E-3	2.470000E-9	889.000000E-12	4.996000E-9	802.700000E-9	258.240000E-6	0.000000E+0	-96.071000E+0	63.973000E+0	0.000000E+0	NaN
	14/11/2022 16:48:01	-67.076000E-3	2.470000E-9	890.000000E-12	4.996000E-9	801.700000E-9	241.220000E-6	0.000000E+0	-95.959000E+0	64.197000E+0	0.000000E+0	NaN
	14/11/2022 16:48:10	-63.723000E-3	2.460000E-9	883.000000E-12	4.996000E-9	800.800000E-9	259.220000E-6	0.000000E+0	-95.959000E+0	64.085000E+0	0.000000E+0	NaN
	14/11/2022 16:48:19	-67.645000E-3	2.460000E-9	889.000000E-12	4.996000E-9	794.100000E-9	265.630000E-6	0.000000E+0	-95.847000E+0	64.197000E+0	0.000000E+0	NaN
	14/11/2022 16:48:28	-63.428000E-3	2.450000E-9	890.000000E-12	4.996000E-9	793.100000E-9	251.560000E-6	0.000000E+0	-95.735000E+0	64.197000E+0	0.000000E+0	NaN
	14/11/2022 16:48:38	-63.428000E-3	2.440000E-9	889.000000E-12	4.996000E-9	793.100000E-9	248.850000E-6	0.000000E+0	-95.847000E+0	64.197000E+0	0.000000E+0	NaN
	14/11/2022 16:48:47	-67.127000E-3	2.430000E-9	878.000000E-12	4.996000E-9	793.100000E-9	252.810000E-6	0.000000E+0	-95.959000E+0	64.085000E+0	0.000000E+0	NaN
	14/11/2022 16:48:56	-64.093000E-3	2.920000E-9	1.090000E-9	4.996000E-9	1.074000E-6	244.920000E-6	0.000000E+0	-95.959000E+0	64.085000E+0	0.000000E+0	NaN
	14/11/2022 16:49:05	-67.422000E-3	6.180000E-9	1.820000E-9	4.996000E-9	955.400000E-9	262.680000E-6	0.000000E+0	-96.071000E+0	64.197000E+0	0.000000E+0	NaN
	14/11/2022 16:49:14	-65.205000E-3	6.490000E-9	1.900000E-9	4.996000E-9	889.000000E-9	243.930000E-6	0.000000E+0	-95.847000E+0	64.197000E+0	0.000000E+0	NaN
	14/11/2022 16:49:24	-67.669000E-3	6.570000E-9	1.910000E-9	4.996000E-9	848.300000E-9	265.390000E-6	0.000000E+0	-95.959000E+0	64.085000E+0	0.000000E+0	NaN
	14/11/2022 16:49:33	-64.564000E-3	6.730000E-9	1.960000E-9	4.996000E-9	830.200000E-9	239.250000E-6	0.000000E+0	-95.847000E+0	64.085000E+0	0.000000E+0	NaN
	14/11/2022 16:49:42	-67.323000E-3	6.630000E-9	1.930000E-9	4.996000E-9	824.200000E-9	272.040000E-6	0.000000E+0	-95.959000E+0	64.197000E+0	0.000000E+0	NaN
	14/11/2022 16:49:51	-63.995000E-3	6.890000E-9	1.990000E-9	4.996000E-9	814.400000E-9	247.870000E-6	0.000000E+0	-95.959000E+0	63.973000E+0	0.000000E+0	NaN
	14/11/2022 16:50:00	-67.571000E-3	7.120000E-9	2.060000E-9	4.996000E-9	807.500000E-9	261.690000E-6	0.000000E+0	-96.071000E+0	64.085000E+0	0.000000E+0	NaN
	14/11/2022 16:50:10	-63.035000E-3	6.970000E-9	2.000000E-9	4.996000E-9	1.860000E-6	272.270000E-6	0.000000E+0	-95.959000E+0	64.309000E+0	0.000000E+0	NaN
	14/11/2022 16:50:19	-68.015000E-3	7.010000E-9	2.030000E-9	4.996000E-9	1.489000E-6	270.810000E-6	0.000000E+0	-95.847000E+0	64.085000E+0	0.000000E+0	NaN
	14/11/2022 16:50:28	-63.428000E-3	7.340000E-9	2.100000E-9	4.996000E-9	1.243000E-6	255.530000E-6	0.000000E+0	-96.071000E+0	64.197000E+0	0.000000E+0	NaN
	14/11/2022 16:50:37	-63.503000E-3	7.290000E-9	2.090000E-9	4.996000E-9	1.086000E-6	241.700000E-6	0.000000E+0	-95.959000E+0	64.197000E+0	0.000000E+0	NaN
	14/11/2022 16:50:46	-63.995000E-3	7.270000E-9	2.080000E-9	4.996000E-9	983.300000E-9	251.080000E-6	0.000000E+0	-95.959000E+0	64.085000E+0	0.000000E+0	NaN
	14/11/2022 16:50:55	-65.008000E-3	7.360000E-9	2.100000E-9	4.996000E-9	919.400000E-9	256.750000E-6	0.000000E+0	-95.959000E+0	64.085000E+0	0.000000E+0	NaN
	14/11/2022 16:51:05	-63.527000E-3	7.400000E-9	2.110000E-9	4.996000E-9	874.100000E-9	261.930000E-6	0.000000E+0	-95.959000E+0	64.309000E+0	0.000000E+0	NaN
	14/11/2022 16:51:14	-63.381000E-3	7.290000E-9	2.080000E-9	4.996000E-9	845.300000E-9	245.660000E-6	0.000000E+0	-95.959000E+0	63.861000E+0	0.000000E+0	NaN
	14/11/2022 16:51:23	-63.008000E-3	7.290000E-9	2.080000E-9	4.996000E-9	832.200000E-9	248.850000E-6	0.000000E+0	-95.959000E+0	64.197000E+0	0.000000E+0	NaN
	14/11/2022 16:51:32	-65.991000E-3	7.310000E-9	2.080000E-9	4.996000E-9	823.200000E-9	240.470000E-6	0.000000E+0	-95.847000E+0	64.085000E+0	0.000000E+0	NaN
	14/11/2022 16:51:41	-63.428000E-3	7.720000E-9	2.200000E-9	4.996000E-9	816.300000E-9	244.920000E-6	0.000000E+0	-95.847000E+0	64.085000E+0	0.000000E+0	NaN
	14/11/2022 16:51:51	-67.496000E-3	7.870000E-9	2.240000E-9	4.996000E-9	811.400000E-9	241.970000E-6	0.000000E+0	-95.847000E+0	64.197000E+0	0.000000E+0	NaN
	14/11/2022 16:52:00	-65.476000E-3	7.750000E-9	2.210000E-9	4.996000E-9	807.500000E-9	249.120000E-6	0.000000E+0	-96.071000E+0	64.197000E+0	0.000000E+0	NaN
	14/11/2022 16:52:09	-66.388000E-3	7.830000E-9	2.220000E-9	4.996000E-9	1.026000E-6	249.590000E-6	0.000000E+0	-95.959000E+0	63.973000E+0	0.000000E+0	NaN
	14/11/2022 16:52:18	-62.937000E-3	7.790000E-9	2.210000E-9	4.996000E-9	936.100000E-9	266.130000E-6	0.000000E+0	-95.735000E+0	64.197000E+0	0.000000E+0	NaN
	14/11/2022 16:52:27	-62.788000E-3	7.890000E-9	2.250000E-9	4.996000E-9	883.600000E-9	272.040000E-6	0.000000E+0	-95.735000E+0	64.197000E+0	0.000000E+0	NaN
	14/11/2022 16:52:37	-67.422000E-3	7.910000E-9	2.260000E-9	4.996000E-9	849.300000E-9	270.070000E-6	0.000000E+0	-95.959000E+0	64.197000E+0	0.000000E+0	NaN
	14/11/2022 16:52:46	-63.503000E-3	8.070000E-9	2.310000E-9	4.996000E-9	833.200000E-9	264.410000E-6	0.000000E+0	-95.847000E+0	64.309000E+0	0.000000E+0	NaN
	14/11/2022 16:52:55	-66.561000E-3	8.120000E-9	2.300000E-9	4.996000E-9	822.200000E-9	254.030000E-6	0.000000E+0	-95.735000E+0	64.085000E+0	0.000000E+0	NaN
	14/11/2022 16:53:04	-63.527000E-3	8.320000E-9	2.360000E-9	4.996000E-9	815.300000E-9	239.250000E-6	0.000000E+0	-96.071000E+0	64.197000E+0	0.000000E+0	NaN
	14/11/2022 16:53:13	-67.693000E-3	7.930000E-9	2.250000E-9	4.996000E-9	810.400000E-9	251.560000E-6	0.000000E+0	-95.847000E+0	64.197000E+0	0.000000E+0	NaN
	14/11/2022 16:53:23	-67.276000E-3	8.070000E-9	2.290000E-9	4.996000E-9	806.600000E-9	245.420000E-6	0.000000E+0	-95.847000E+0	64.197000E+0	0.000000E+0	NaN
	14/11/2022 16:53:32	-67.449000E-3	8.000000E-9	2.280000E-9	4.996000E-9	803.700000E-9	252.540000E-6	0.000000E+0	-95.847000E+0	64.309000E+0	0.000000E+0	NaN
	14/11/2022 16:53:41	-64.316000E-3	7.980000E-9	2.270000E-9	4.996000E-9	801.700000E-9	251.080000E-6	0.000000E+0	-95.847000E+0	64.197000E+0	0.000000E+0	NaN
	14/11/2022 16:53:50	-63.381000E-3	7.900000E-9	2.240000E-9	4.996000E-9	800.800000E-9	239.490000E-6	0.000000E+0	-95.959000E+0	64.085000E+0	0.000000E+0	NaN
	14/11/2022 16:53:59	-63.527000E-3	7.750000E-9	2.200000E-9	4.996000E-9	801.700000E-9	240.470000E-6	0.000000E+0	-95.959000E+0	64.309000E+0	0.000000E+0	NaN
	14/11/2022 16:54:09	-63.059000E-3	7.570000E-9	2.150000E-9	4.996000E-9	800.800000E-9	245.150000E-6	0.000000E+0	-95.959000E+0	64.197000E+0	0.000000E+0	NaN
	14/11/2022 16:54:18	-63.577000E-3	7.580000E-9	2.170000E-9	4.996000E-9	800.800000E-9	244.680000E-6	0.000000E+0	-95.735000E+0	64.197000E+0	0.000000E+0	NaN
	14/11/2022 16:54:27	-66.781000E-3	7.590000E-9	2.140000E-9	4.996000E-9	800.800000E-9	261.430000E-6	0.000000E+0	-95.847000E+0	64.085000E+0	0.000000E+0	NaN
	14/11/2022 16:54:36	-64.120000E-3	7.090000E-9	2.030000E-9	4.996000E-9	800.800000E-9	245.420000E-6	0.000000E+0	-95.735000E+0	64.197000E+0	0.000000E+0	NaN
	14/11/2022 16:54:45	-67.005000E-3	7.020000E-9	2.010000E-9	4.996000E-9	800.800000E-9	242.950000E-6	0.000000E+0	-95.735000E+0	64.085000E+0	0.000000E+0	NaN
	14/11/2022 16:54:55	-67.005000E-3	6.930000E-9	1.980000E-9	4.996000E-9	799.800000E-9	252.540000E-6	0.000000E+0	-95.735000E+0	64.085000E+0	0.000000E+0	NaN
	14/11/2022 16:55:04	-63.255000E-3	6.830000E-9	1.950000E-9	4.996000E-9	794.100000E-9	240.000000E-6	0.000000E+0	-95.847000E+0	64.309000E+0	0.000000E+0	NaN
	14/11/2022 16:55:13	-63.181000E-3	6.690000E-9	1.920000E-9	4.996000E-9	794.100000E-9	247.120000E-6	0.000000E+0	-95.735000E+0	64.085000E+0	0.000000E+0	NaN
	14/11/2022 16:55:22	-63.157000E-3	6.580000E-9	1.890000E-9	4.996000E-9	793.100000E-9	269.090000E-6	0.000000E+0	-95.959000E+0	64.309000E+0	0.000000E+0	NaN
	14/11/2022 16:55:31	-63.428000E-3	6.470000E-9	1.860000E-9	4.996000E-9	793.100000E-9	241.220000E-6	0.000000E+0	-95.735000E+0	64.197000E+0	0.000000E+0	NaN
	14/11/2022 16:55:40	-64.513000E-3	6.410000E-9	1.860000E-9	4.996000E-9	793.100000E-9	253.050000E-6	0.000000E+0	-95.959000E+0	64.085000E+0	0.000000E+0	NaN
	14/11/2022 16:55:50	-66.683000E-3	6.450000E-9	1.860000E-9	4.996000E-9	793.100000E-9	243.190000E-6	0.000000E+0	-95.735000E+0	64.309000E+0	0.000000E+0	NaN
	14/11/2022 16:55:59	-66.805000E-3	6.460000E-9	1.860000E-9	4.996000E-9	793.100000E-9	255.760000E-6	0.000000E+0	-95.847000E+0	64.085000E+0	0.000000E+0	NaN
	14/11/2022 16:56:08	-67.890000E-3	6.390000E-9	1.850000E-9	4.996000E-9	793.100000E-9	243.430000E-6	0.000000E+0	-95.735000E+0	64.085000E+0	0.000000E+0	NaN
	14/11/2022 16:56:17	-66.289000E-3	6.350000E-9	1.850000E-9	4.996000E-9	793.100000E-9	270.550000E-6	0.000000E+0	-95.959000E+0	64.197000E+0	0.000000E+0	NaN
	14/11/2022 16:56:26	-62.886000E-3	6.260000E-9	1.830000E-9	4.996000E-9	793.100000E-9	272.270000E-6	0.000000E+0	-95.847000E+0	64.422000E+0	0.000000E+0	NaN
	14/11/2022 16:56:36	-63.381000E-3	6.300000E-9	1.840000E-9	4.996000E-9	793.100000E-9	252.310000E-6	0.000000E+0	-95.735000E+0	64.197000E+0	0.000000E+0	NaN
	14/11/2022 16:56:45	-62.639000E-3	6.420000E-9	1.860000E-9	4.996000E-9	793.100000E-9	241.220000E-6	0.000000E+0	-95.735000E+0	64.197000E+0	0.000000E+0	NaN
	14/11/2022 16:56:54	-67.449000E-3	6.430000E-9	1.870000E-9	4.996000E-9	793.100000E-9	275.730000E-6	0.000000E+0	-95.847000E+0	64.197000E+0	0.000000E+0	NaN
	14/11/2022 16:57:03	-63.330000E-3	6.510000E-9	1.890000E-9	4.996000E-9	792.200000E-9	243.930000E-6	0.000000E+0	-95.847000E+0	64.197000E+0	0.000000E+0	NaN
	14/11/2022 16:57:12	-67.595000E-3	6.580000E-9	1.890000E-9	4.996000E-9	793.100000E-9	244.170000E-6	0.000000E+0	-95.735000E+0	64.197000E+0	0.000000E+0	NaN
	14/11/2022 16:57:22	-66.879000E-3	6.400000E-9	1.860000E-9	4.996000E-9	792.200000E-9	254.540000E-6	0.000000E+0	-95.735000E+0	64.197000E+0	0.000000E+0	NaN
	14/11/2022 16:57:31	-62.937000E-3	6.350000E-9	1.840000E-9	4.996000E-9	792.200000E-9	249.120000E-6	0.000000E+0	-95.847000E+0	64.085000E+0	0.000000E+0	NaN
	14/11/2022 16:57:40	-65.476000E-3	6.320000E-9	1.840000E-9	4.996000E-9	792.200000E-9	242.950000E-6	0.000000E+0	-95.735000E+0	64.197000E+0	0.000000E+0	NaN
	14/11/2022 16:57:49	-64.662000E-3	6.900000E-9	1.990000E-9	4.996000E-9	793.100000E-9	255.260000E-6	0.000000E+0	-95.735000E+0	64.197000E+0	0.000000E+0	NaN
	14/11/2022 16:57:58	-67.201000E-3	6.850000E-9	1.970000E-9	4.996000E-9	792.200000E-9	247.630000E-6	0.000000E+0	-95.735000E+0	64.197000E+0	0.000000E+0	NaN
	14/11/2022 16:58:07	-63.133000E-3	6.820000E-9	1.970000E-9	4.996000E-9	792.200000E-9	247.870000E-6	0.000000E+0	-95.622000E+0	64.309000E+0	0.000000E+0	NaN
	14/11/2022 16:58:17	-67.964000E-3	6.830000E-9	1.960000E-9	4.996000E-9	792.200000E-9	246.880000E-6	0.000000E+0	-95.622000E+0	64.422000E+0	0.000000E+0	NaN
	14/11/2022 16:58:26	-63.601000E-3	6.820000E-9	1.950000E-9	4.996000E-9	791.200000E-9	258.710000E-6	0.000000E+0	-95.735000E+0	64.197000E+0	0.000000E+0	NaN
	14/11/2022 16:58:35	-63.279000E-3	6.740000E-9	1.950000E-9	4.996000E-9	791.200000E-9	247.120000E-6	0.000000E+0	-95.622000E+0	64.309000E+0	0.000000E+0	NaN
	14/11/2022 16:58:44	-66.978000E-3	6.710000E-9	1.930000E-9	4.996000E-9	791.200000E-9	246.140000E-6	0.000000E+0	-95.622000E+0	64.085000E+0	0.000000E+0	NaN
	14/11/2022 16:58:53	-67.177000E-3	6.690000E-9	1.920000E-9	4.996000E-9	792.200000E-9	241.700000E-6	0.000000E+0	-95.735000E+0	64.309000E+0	0.000000E+0	NaN
	14/11/2022 16:59:03	-64.835000E-3	6.660000E-9	1.920000E-9	4.996000E-9	791.200000E-9	246.410000E-6	0.000000E+0	-95.735000E+0	64.197000E+0	0.000000E+0	NaN
	14/11/2022 16:59:12	-65.747000E-3	6.620000E-9	1.910000E-9	4.996000E-9	791.200000E-9	267.120000E-6	0.000000E+0	-95.735000E+0	64.197000E+0	0.000000E+0	NaN
	14/11/2022 16:59:21	-64.242000E-3	6.660000E-9	1.920000E-9	4.996000E-9	793.100000E-9	241.220000E-6	0.000000E+0	-95.735000E+0	64.422000E+0	0.000000E+0	NaN
	14/11/2022 16:59:30	-63.133000E-3	6.670000E-9	1.920000E-9	4.996000E-9	792.200000E-9	258.480000E-6	0.000000E+0	-95.510000E+0	64.197000E+0	0.000000E+0	NaN
	14/11/2022 16:59:39	-67.645000E-3	6.640000E-9	1.910000E-9	4.996000E-9	927.100000E-9	264.140000E-6	0.000000E+0	-95.735000E+0	64.309000E+0	0.000000E+0	NaN
	14/11/2022 16:59:49	-66.879000E-3	6.750000E-9	1.930000E-9	4.996000E-9	975.100000E-9	254.780000E-6	0.000000E+0	-95.622000E+0	64.422000E+0	0.000000E+0	NaN
	14/11/2022 16:59:58	-63.083000E-3	6.740000E-9	1.940000E-9	4.996000E-9	906.200000E-9	250.580000E-6	0.000000E+0	-95.622000E+0	64.309000E+0	0.000000E+0	NaN
	14/11/2022 17:00:07	-63.354000E-3	6.690000E-9	1.920000E-9	4.996000E-9	857.500000E-9	244.920000E-6	0.000000E+0	-95.510000E+0	64.197000E+0	0.000000E+0	NaN
	14/11/2022 17:00:16	-63.181000E-3	6.650000E-9	1.920000E-9	4.996000E-9	833.200000E-9	243.190000E-6	0.000000E+0	-95.735000E+0	64.197000E+0	0.000000E+0	NaN
	14/11/2022 17:00:25	-67.422000E-3	6.700000E-9	1.920000E-9	4.996000E-9	816.300000E-9	244.170000E-6	0.000000E+0	-95.510000E+0	64.309000E+0	0.000000E+0	NaN
	14/11/2022 17:00:35	-63.527000E-3	6.770000E-9	1.950000E-9	4.996000E-9	806.600000E-9	250.850000E-6	0.000000E+0	-95.735000E+0	64.197000E+0	0.000000E+0	NaN
	14/11/2022 17:00:44	-62.984000E-3	6.750000E-9	1.940000E-9	4.996000E-9	800.800000E-9	248.610000E-6	0.000000E+0	-95.622000E+0	64.309000E+0	0.000000E+0	NaN
	14/11/2022 17:00:53	-67.300000E-3	6.700000E-9	1.930000E-9	4.996000E-9	793.100000E-9	243.690000E-6	0.000000E+0	-95.510000E+0	64.309000E+0	0.000000E+0	NaN
	14/11/2022 17:01:02	-63.723000E-3	6.600000E-9	1.910000E-9	4.996000E-9	799.800000E-9	248.370000E-6	0.000000E+0	-95.622000E+0	64.309000E+0	0.000000E+0	NaN
	14/11/2022 17:01:11	-66.954000E-3	6.600000E-9	1.910000E-9	4.996000E-9	800.800000E-9	243.190000E-6	0.000000E+0	-95.622000E+0	64.534000E+0	0.000000E+0	NaN
	14/11/2022 17:01:21	-63.527000E-3	6.570000E-9	1.890000E-9	4.996000E-9	793.100000E-9	246.880000E-6	0.000000E+0	-95.622000E+0	64.422000E+0	0.000000E+0	NaN
	14/11/2022 17:01:30	-67.496000E-3	6.520000E-9	1.890000E-9	4.996000E-9	791.200000E-9	230.370000E-6	0.000000E+0	-95.622000E+0	64.422000E+0	0.000000E+0	NaN
	14/11/2022 17:01:39	-62.615000E-3	6.460000E-9	1.860000E-9	4.996000E-9	785.600000E-9	256.270000E-6	0.000000E+0	-95.622000E+0	64.197000E+0	0.000000E+0	NaN
	14/11/2022 17:01:48	-66.832000E-3	6.500000E-9	1.870000E-9	4.996000E-9	783.700000E-9	248.850000E-6	0.000000E+0	-95.510000E+0	64.309000E+0	0.000000E+0	NaN
	14/11/2022 17:01:57	-67.005000E-3	6.500000E-9	1.860000E-9	4.996000E-9	781.800000E-9	244.680000E-6	0.000000E+0	-95.622000E+0	64.309000E+0	0.000000E+0	NaN
	14/11/2022 17:02:06	-64.093000E-3	6.550000E-9	1.890000E-9	4.996000E-9	778.100000E-9	244.920000E-6	0.000000E+0	-95.622000E+0	64.309000E+0	0.000000E+0	NaN
	14/11/2022 17:02:16	-66.289000E-3	6.450000E-9	1.850000E-9	4.996000E-9	776.200000E-9	247.120000E-6	0.000000E+0	-95.398000E+0	64.197000E+0	0.000000E+0	NaN
	14/11/2022 17:02:25	-64.144000E-3	6.420000E-9	1.850000E-9	4.996000E-9	774.300000E-9	246.640000E-6	0.000000E+0	-95.847000E+0	64.309000E+0	0.000000E+0	NaN
	14/11/2022 17:02:34	-63.035000E-3	5.580000E-9	1.610000E-9	4.996000E-9	772.500000E-9	261.690000E-6	0.000000E+0	-95.622000E+0	64.309000E+0	0.000000E+0	NaN
	14/11/2022 17:02:43	-64.957000E-3	4.870000E-9	1.480000E-9	4.996000E-9	771.500000E-9	238.980000E-6	0.000000E+0	-95.510000E+0	64.422000E+0	0.000000E+0	NaN
	14/11/2022 17:02:52	-62.910000E-3	4.770000E-9	1.450000E-9	4.996000E-9	770.600000E-9	244.920000E-6	0.000000E+0	-95.735000E+0	64.422000E+0	0.000000E+0	NaN
	14/11/2022 17:03:02	-67.571000E-3	4.690000E-9	1.450000E-9	4.996000E-9	770.600000E-9	247.120000E-6	0.000000E+0	-95.510000E+0	64.422000E+0	0.000000E+0	NaN
	14/11/2022 17:03:11	-63.652000E-3	4.640000E-9	1.430000E-9	4.996000E-9	767.800000E-9	247.630000E-6	0.000000E+0	-95.510000E+0	64.309000E+0	0.000000E+0	NaN
	14/11/2022 17:03:20	-62.567000E-3	4.630000E-9	1.430000E-9	4.996000E-9	764.200000E-9	249.590000E-6	0.000000E+0	-95.510000E+0	64.309000E+0	0.000000E+0	NaN
	14/11/2022 17:03:29	-66.805000E-3	4.660000E-9	1.440000E-9	4.996000E-9	763.300000E-9	255.020000E-6	0.000000E+0	-95.510000E+0	64.197000E+0	0.000000E+0	NaN
	14/11/2022 17:03:38	-63.479000E-3	4.570000E-9	1.420000E-9	4.996000E-9	762.300000E-9	243.690000E-6	0.000000E+0	-95.510000E+0	64.197000E+0	0.000000E+0	NaN
	14/11/2022 17:03:48	-67.225000E-3	4.550000E-9	1.420000E-9	4.996000E-9	776.200000E-9	251.320000E-6	0.000000E+0	-95.622000E+0	64.309000E+0	0.000000E+0	NaN
	14/11/2022 17:03:57	-62.984000E-3	4.560000E-9	1.420000E-9	4.996000E-9	770.600000E-9	245.900000E-6	0.000000E+0	-95.622000E+0	64.309000E+0	0.000000E+0	NaN
	14/11/2022 17:04:06	-67.300000E-3	4.520000E-9	1.410000E-9	4.996000E-9	762.300000E-9	244.170000E-6	0.000000E+0	-95.510000E+0	64.534000E+0	0.000000E+0	NaN
	14/11/2022 17:04:15	-64.883000E-3	4.510000E-9	1.410000E-9	4.996000E-9	759.600000E-9	245.660000E-6	0.000000E+0	-95.622000E+0	64.309000E+0	0.000000E+0	NaN
	14/11/2022 17:04:24	-62.639000E-3	4.520000E-9	1.410000E-9	4.996000E-9	756.900000E-9	279.430000E-6	0.000000E+0	-95.398000E+0	64.309000E+0	0.000000E+0	NaN
	14/11/2022 17:04:33	-63.848000E-3	4.480000E-9	1.400000E-9	4.996000E-9	756.000000E-9	242.710000E-6	0.000000E+0	-95.622000E+0	64.534000E+0	0.000000E+0	NaN
	14/11/2022 17:04:43	-67.374000E-3	4.490000E-9	1.410000E-9	4.996000E-9	755.100000E-9	253.560000E-6	0.000000E+0	-95.510000E+0	64.309000E+0	0.000000E+0	NaN
	14/11/2022 17:04:52	-67.201000E-3	4.490000E-9	1.400000E-9	4.996000E-9	752.300000E-9	247.390000E-6	0.000000E+0	-95.510000E+0	64.422000E+0	0.000000E+0	NaN
	14/11/2022 17:05:01	-63.527000E-3	4.470000E-9	1.410000E-9	4.996000E-9	752.300000E-9	277.700000E-6	0.000000E+0	-95.622000E+0	64.422000E+0	0.000000E+0	NaN
	14/11/2022 17:05:10	-63.232000E-3	4.480000E-9	1.400000E-9	4.996000E-9	750.500000E-9	255.530000E-6	0.000000E+0	-95.510000E+0	64.309000E+0	0.000000E+0	NaN
	14/11/2022 17:05:19	-65.991000E-3	4.450000E-9	1.390000E-9	4.996000E-9	750.500000E-9	246.640000E-6	0.000000E+0	-95.398000E+0	64.309000E+0	0.000000E+0	NaN
	14/11/2022 17:05:28	-63.822000E-3	4.430000E-9	1.400000E-9	4.996000E-9	749.600000E-9	253.560000E-6	0.000000E+0	-95.510000E+0	64.197000E+0	0.000000E+0	NaN
	14/11/2022 17:05:38	-67.347000E-3	4.400000E-9	1.390000E-9	4.996000E-9	750.500000E-9	265.630000E-6	0.000000E+0	-95.510000E+0	64.309000E+0	0.000000E+0	NaN
	14/11/2022 17:05:47	-63.527000E-3	4.380000E-9	1.370000E-9	4.996000E-9	750.500000E-9	248.850000E-6	0.000000E+0	-95.510000E+0	64.309000E+0	0.000000E+0	NaN
	14/11/2022 17:05:56	-67.276000E-3	4.370000E-9	1.390000E-9	4.996000E-9	748.700000E-9	256.510000E-6	0.000000E+0	-95.510000E+0	64.197000E+0	0.000000E+0	NaN
	14/11/2022 17:06:05	-62.862000E-3	4.360000E-9	1.380000E-9	4.996000E-9	746.900000E-9	243.930000E-6	0.000000E+0	-95.622000E+0	64.422000E+0	0.000000E+0	NaN
	14/11/2022 17:06:14	-67.571000E-3	4.320000E-9	1.360000E-9	4.996000E-9	744.300000E-9	241.700000E-6	0.000000E+0	-95.510000E+0	64.309000E+0	0.000000E+0	NaN
	14/11/2022 17:06:24	-63.059000E-3	4.290000E-9	1.360000E-9	4.996000E-9	743.400000E-9	252.810000E-6	0.000000E+0	-95.510000E+0	64.534000E+0	0.000000E+0	NaN
	14/11/2022 17:06:33	-67.276000E-3	4.270000E-9	1.350000E-9	4.996000E-9	742.500000E-9	245.150000E-6	0.000000E+0	-95.622000E+0	64.309000E+0	0.000000E+0	NaN
	14/11/2022 17:06:42	-63.428000E-3	4.300000E-9	1.350000E-9	4.996000E-9	742.500000E-9	242.950000E-6	0.000000E+0	-95.398000E+0	64.422000E+0	0.000000E+0	NaN
	14/11/2022 17:06:51	-67.595000E-3	4.250000E-9	1.350000E-9	4.996000E-9	741.600000E-9	261.930000E-6	0.000000E+0	-95.510000E+0	64.534000E+0	0.000000E+0	NaN
	14/11/2022 17:07:00	-63.181000E-3	4.220000E-9	1.340000E-9	4.996000E-9	741.600000E-9	243.930000E-6	0.000000E+0	-95.622000E+0	64.534000E+0	0.000000E+0	NaN
	14/11/2022 17:07:10	-63.208000E-3	4.190000E-9	1.320000E-9	4.996000E-9	741.600000E-9	272.540000E-6	0.000000E+0	-95.510000E+0	64.534000E+0	0.000000E+0	NaN
	14/11/2022 17:07:19	-64.293000E-3	4.190000E-9	1.330000E-9	4.996000E-9	741.600000E-9	238.270000E-6	0.000000E+0	-95.622000E+0	64.309000E+0	0.000000E+0	NaN
	14/11/2022 17:07:28	-63.279000E-3	4.200000E-9	1.330000E-9	4.996000E-9	740.700000E-9	240.980000E-6	0.000000E+0	-95.510000E+0	64.534000E+0	0.000000E+0	NaN
	14/11/2022 17:07:37	-64.808000E-3	4.180000E-9	1.320000E-9	4.996000E-9	735.400000E-9	264.410000E-6	0.000000E+0	-95.622000E+0	64.422000E+0	0.000000E+0	NaN
	14/11/2022 17:07:46	-63.255000E-3	4.230000E-9	1.350000E-9	4.996000E-9	734.500000E-9	242.950000E-6	0.000000E+0	-95.510000E+0	64.534000E+0	0.000000E+0	NaN
	14/11/2022 17:07:56	-67.398000E-3	4.220000E-9	1.350000E-9	4.996000E-9	734.500000E-9	258.240000E-6	0.000000E+0	-95.398000E+0	64.422000E+0	0.000000E+0	NaN
	14/11/2022 17:08:05	-63.059000E-3	4.230000E-9	1.340000E-9	4.996000E-9	734.500000E-9	243.690000E-6	0.000000E+0	-95.510000E+0	64.309000E+0	0.000000E+0	NaN
	14/11/2022 17:08:14	-63.452000E-3	4.200000E-9	1.320000E-9	4.996000E-9	734.500000E-9	241.700000E-6	0.000000E+0	-95.286000E+0	64.534000E+0	0.000000E+0	NaN
	14/11/2022 17:08:23	-64.808000E-3	4.180000E-9	1.330000E-9	4.996000E-9	734.500000E-9	244.920000E-6	0.000000E+0	-95.510000E+0	64.646000E+0	0.000000E+0	NaN
	14/11/2022 17:08:32	-66.659000E-3	4.190000E-9	1.330000E-9	4.996000E-9	733.600000E-9	256.990000E-6	0.000000E+0	-95.510000E+0	64.309000E+0	0.000000E+0	NaN
	14/11/2022 17:08:42	-67.103000E-3	4.210000E-9	1.340000E-9	4.996000E-9	733.600000E-9	246.410000E-6	0.000000E+0	-95.510000E+0	64.534000E+0	0.000000E+0	NaN
	14/11/2022 17:08:51	-65.598000E-3	4.240000E-9	1.350000E-9	4.996000E-9	732.700000E-9	261.190000E-6	0.000000E+0	-95.286000E+0	64.422000E+0	0.000000E+0	NaN
	14/11/2022 17:09:00	-63.550000E-3	4.250000E-9	1.350000E-9	4.996000E-9	731.900000E-9	245.660000E-6	0.000000E+0	-95.398000E+0	64.422000E+0	0.000000E+0	NaN
	14/11/2022 17:09:09	-63.601000E-3	6.000000E-9	1.760000E-9	4.996000E-9	729.200000E-9	247.390000E-6	0.000000E+0	-95.286000E+0	64.534000E+0	0.000000E+0	NaN
	14/11/2022 17:09:18	-63.109000E-3	6.400000E-9	1.850000E-9	4.996000E-9	729.200000E-9	261.430000E-6	0.000000E+0	-95.510000E+0	64.422000E+0	0.000000E+0	NaN
	14/11/2022 17:09:28	-63.503000E-3	6.590000E-9	1.900000E-9	4.996000E-9	728.400000E-9	246.140000E-6	0.000000E+0	-95.398000E+0	64.422000E+0	0.000000E+0	NaN
	14/11/2022 17:09:37	-62.937000E-3	6.530000E-9	1.900000E-9	4.996000E-9	727.500000E-9	246.880000E-6	0.000000E+0	-95.398000E+0	64.309000E+0	0.000000E+0	NaN
	14/11/2022 17:09:46	-66.289000E-3	6.750000E-9	1.960000E-9	4.996000E-9	727.500000E-9	273.760000E-6	0.000000E+0	-95.398000E+0	64.422000E+0	0.000000E+0	NaN
	14/11/2022 17:09:55	-66.486000E-3	7.030000E-9	2.020000E-9	4.996000E-9	726.600000E-9	242.440000E-6	0.000000E+0	-95.510000E+0	64.422000E+0	0.000000E+0	NaN
	14/11/2022 17:10:04	-63.452000E-3	7.510000E-9	2.130000E-9	4.996000E-9	726.600000E-9	242.440000E-6	0.000000E+0	-95.398000E+0	64.534000E+0	0.000000E+0	NaN
	14/11/2022 17:10:14	-67.300000E-3	7.170000E-9	2.040000E-9	4.996000E-9	725.700000E-9	278.950000E-6	0.000000E+0	-95.286000E+0	64.646000E+0	0.000000E+0	NaN
	14/11/2022 17:10:23	-63.527000E-3	6.670000E-9	1.900000E-9	4.996000E-9	724.900000E-9	240.000000E-6	0.000000E+0	-95.286000E+0	64.646000E+0	0.000000E+0	NaN
	14/11/2022 17:10:32	-63.550000E-3	6.350000E-9	1.810000E-9	4.996000E-9	724.000000E-9	253.290000E-6	0.000000E+0	-95.061000E+0	64.534000E+0	0.000000E+0	NaN
	14/11/2022 17:10:41	-67.744000E-3	6.080000E-9	1.740000E-9	4.996000E-9	723.100000E-9	235.800000E-6	0.000000E+0	-95.398000E+0	64.422000E+0	0.000000E+0	NaN
	14/11/2022 17:10:50	-63.208000E-3	6.000000E-9	1.740000E-9	4.996000E-9	722.200000E-9	238.980000E-6	0.000000E+0	-95.286000E+0	64.534000E+0	0.000000E+0	NaN
	14/11/2022 17:10:59	-63.676000E-3	5.970000E-9	1.730000E-9	4.996000E-9	721.400000E-9	257.490000E-6	0.000000E+0	-95.286000E+0	64.309000E+0	0.000000E+0	NaN
	14/11/2022 17:11:09	-67.177000E-3	5.930000E-9	1.720000E-9	4.996000E-9	721.400000E-9	263.150000E-6	0.000000E+0	-95.286000E+0	64.758000E+0	0.000000E+0	NaN
	14/11/2022 17:11:18	-65.228000E-3	5.860000E-9	1.700000E-9	4.996000E-9	720.500000E-9	241.460000E-6	0.000000E+0	-95.398000E+0	64.534000E+0	0.000000E+0	NaN
	14/11/2022 17:11:27	-67.768000E-3	5.790000E-9	1.690000E-9	4.996000E-9	719.600000E-9	244.680000E-6	0.000000E+0	-95.286000E+0	64.422000E+0	0.000000E+0	NaN
	14/11/2022 17:11:36	-62.540000E-3	5.800000E-9	1.690000E-9	4.996000E-9	719.600000E-9	264.140000E-6	0.000000E+0	-95.398000E+0	64.534000E+0	0.000000E+0	NaN
	14/11/2022 17:11:45	-64.737000E-3	5.800000E-9	1.690000E-9	4.996000E-9	718.800000E-9	266.130000E-6	0.000000E+0	-95.286000E+0	64.422000E+0	0.000000E+0	NaN
	14/11/2022 17:11:55	-66.116000E-3	5.720000E-9	1.660000E-9	4.996000E-9	717.900000E-9	243.190000E-6	0.000000E+0	-95.173000E+0	64.422000E+0	0.000000E+0	NaN
	14/11/2022 17:12:04	-63.354000E-3	5.650000E-9	1.650000E-9	4.996000E-9	716.200000E-9	253.050000E-6	0.000000E+0	-95.286000E+0	64.534000E+0	0.000000E+0	NaN
	14/11/2022 17:12:13	-63.404000E-3	5.720000E-9	1.670000E-9	4.996000E-9	715.400000E-9	245.420000E-6	0.000000E+0	-95.398000E+0	64.534000E+0	0.000000E+0	NaN
	14/11/2022 17:12:22	-67.177000E-3	5.730000E-9	1.670000E-9	4.996000E-9	715.400000E-9	245.150000E-6	0.000000E+0	-95.398000E+0	64.309000E+0	0.000000E+0	NaN
	14/11/2022 17:12:31	-67.645000E-3	5.630000E-9	1.640000E-9	4.996000E-9	715.400000E-9	240.000000E-6	0.000000E+0	-95.173000E+0	64.422000E+0	0.000000E+0	NaN
	14/11/2022 17:12:41	-66.289000E-3	5.700000E-9	1.660000E-9	4.996000E-9	714.500000E-9	247.630000E-6	0.000000E+0	-95.286000E+0	64.422000E+0	0.000000E+0	NaN
	14/11/2022 17:12:50	-63.652000E-3	5.640000E-9	1.640000E-9	4.996000E-9	714.500000E-9	247.120000E-6	0.000000E+0	-95.173000E+0	64.534000E+0	0.000000E+0	NaN
	14/11/2022 17:12:59	-63.279000E-3	5.700000E-9	1.660000E-9	4.996000E-9	714.500000E-9	245.660000E-6	0.000000E+0	-95.398000E+0	64.422000E+0	0.000000E+0	NaN
	14/11/2022 17:13:08	-67.151000E-3	5.670000E-9	1.650000E-9	4.996000E-9	713.600000E-9	240.000000E-6	0.000000E+0	-95.286000E+0	64.422000E+0	0.000000E+0	NaN
	14/11/2022 17:13:17	-67.151000E-3	5.670000E-9	1.650000E-9	4.996000E-9	713.600000E-9	253.800000E-6	0.000000E+0	-95.398000E+0	64.534000E+0	0.000000E+0	NaN
	14/11/2022 17:13:26	-63.601000E-3	5.680000E-9	1.660000E-9	4.996000E-9	713.600000E-9	230.850000E-6	0.000000E+0	-95.286000E+0	64.646000E+0	0.000000E+0	NaN
	14/11/2022 17:13:36	-64.340000E-3	5.670000E-9	1.650000E-9	4.996000E-9	713.600000E-9	248.850000E-6	0.000000E+0	-95.286000E+0	64.646000E+0	0.000000E+0	NaN
	14/11/2022 17:13:45	-67.472000E-3	5.670000E-9	1.650000E-9	4.996000E-9	713.600000E-9	255.260000E-6	0.000000E+0	-95.286000E+0	64.422000E+0	0.000000E+0	NaN
	14/11/2022 17:13:54	-65.476000E-3	5.650000E-9	1.640000E-9	4.996000E-9	713.600000E-9	256.270000E-6	0.000000E+0	-95.286000E+0	64.534000E+0	0.000000E+0	NaN
	14/11/2022 17:14:03	-67.201000E-3	5.660000E-9	1.640000E-9	4.996000E-9	713.600000E-9	246.410000E-6	0.000000E+0	-95.173000E+0	64.534000E+0	0.000000E+0	NaN
	14/11/2022 17:14:12	-65.821000E-3	5.650000E-9	1.640000E-9	4.996000E-9	711.900000E-9	254.270000E-6	0.000000E+0	-95.398000E+0	64.534000E+0	0.000000E+0	NaN
	14/11/2022 17:14:22	-66.832000E-3	5.630000E-9	1.630000E-9	4.996000E-9	713.600000E-9	265.390000E-6	0.000000E+0	-95.173000E+0	64.309000E+0	0.000000E+0	NaN
	14/11/2022 17:14:31	-67.645000E-3	5.520000E-9	1.610000E-9	4.996000E-9	707.600000E-9	263.900000E-6	0.000000E+0	-95.510000E+0	64.534000E+0	0.000000E+0	NaN
	14/11/2022 17:14:40	-67.151000E-3	5.540000E-9	1.620000E-9	4.996000E-9	707.600000E-9	245.150000E-6	0.000000E+0	-95.398000E+0	64.646000E+0	0.000000E+0	NaN
	14/11/2022 17:14:49	-66.635000E-3	5.590000E-9	1.630000E-9	4.996000E-9	707.600000E-9	244.410000E-6	0.000000E+0	-95.173000E+0	64.534000E+0	0.000000E+0	NaN
	14/11/2022 17:14:58	-67.052000E-3	4.620000E-9	1.390000E-9	4.996000E-9	706.800000E-9	248.130000E-6	0.000000E+0	-95.173000E+0	64.309000E+0	0.000000E+0	NaN
	14/11/2022 17:15:08	-63.133000E-3	4.280000E-9	1.330000E-9	4.996000E-9	706.800000E-9	247.630000E-6	0.000000E+0	-95.398000E+0	64.646000E+0	0.000000E+0	NaN
	14/11/2022 17:15:17	-66.978000E-3	4.190000E-9	1.300000E-9	4.996000E-9	707.600000E-9	248.850000E-6	0.000000E+0	-95.286000E+0	64.646000E+0	0.000000E+0	NaN
	14/11/2022 17:15:26	-63.109000E-3	4.140000E-9	1.290000E-9	4.996000E-9	706.800000E-9	250.850000E-6	0.000000E+0	-95.061000E+0	64.534000E+0	0.000000E+0	NaN
	14/11/2022 17:15:35	-67.323000E-3	4.080000E-9	1.270000E-9	4.996000E-9	706.800000E-9	258.480000E-6	0.000000E+0	-95.286000E+0	64.534000E+0	0.000000E+0	NaN
	14/11/2022 17:15:44	-66.832000E-3	4.090000E-9	1.280000E-9	4.996000E-9	706.800000E-9	233.560000E-6	0.000000E+0	-95.061000E+0	64.646000E+0	0.000000E+0	NaN
	14/11/2022 17:15:53	-67.818000E-3	4.070000E-9	1.280000E-9	4.996000E-9	706.800000E-9	271.290000E-6	0.000000E+0	-95.286000E+0	64.422000E+0	0.000000E+0	NaN
	14/11/2022 17:16:03	-64.364000E-3	4.030000E-9	1.260000E-9	4.996000E-9	706.800000E-9	274.510000E-6	0.000000E+0	-95.173000E+0	64.534000E+0	0.000000E+0	NaN
	14/11/2022 17:16:12	-63.822000E-3	4.010000E-9	1.260000E-9	4.996000E-9	706.800000E-9	253.560000E-6	0.000000E+0	-95.173000E+0	64.422000E+0	0.000000E+0	NaN
	14/11/2022 17:16:21	-66.584000E-3	3.990000E-9	1.260000E-9	4.996000E-9	706.800000E-9	272.780000E-6	0.000000E+0	-95.173000E+0	64.646000E+0	0.000000E+0	NaN
	14/11/2022 17:16:30	-67.571000E-3	4.030000E-9	1.270000E-9	4.996000E-9	706.800000E-9	254.270000E-6	0.000000E+0	-95.173000E+0	64.534000E+0	0.000000E+0	NaN
	14/11/2022 17:16:39	-67.103000E-3	4.000000E-9	1.270000E-9	4.996000E-9	706.800000E-9	250.100000E-6	0.000000E+0	-95.173000E+0	64.534000E+0	0.000000E+0	NaN
	14/11/2022 17:16:49	-67.249000E-3	3.980000E-9	1.260000E-9	4.996000E-9	706.800000E-9	247.120000E-6	0.000000E+0	-95.173000E+0	64.646000E+0	0.000000E+0	NaN
	14/11/2022 17:16:58	-63.208000E-3	3.920000E-9	1.250000E-9	4.996000E-9	706.800000E-9	254.270000E-6	0.000000E+0	-95.173000E+0	64.534000E+0	0.000000E+0	NaN
	14/11/2022 17:17:07	-67.028000E-3	3.880000E-9	1.240000E-9	4.996000E-9	706.800000E-9	246.140000E-6	0.000000E+0	-95.173000E+0	64.758000E+0	0.000000E+0	NaN
	14/11/2022 17:17:16	-63.527000E-3	3.870000E-9	1.240000E-9	4.996000E-9	706.800000E-9	240.710000E-6	0.000000E+0	-95.061000E+0	64.646000E+0	0.000000E+0	NaN
	14/11/2022 17:17:25	-63.652000E-3	3.890000E-9	1.240000E-9	4.996000E-9	706.800000E-9	253.050000E-6	0.000000E+0	-95.061000E+0	64.646000E+0	0.000000E+0	NaN
	14/11/2022 17:17:35	-63.750000E-3	3.880000E-9	1.240000E-9	4.996000E-9	706.000000E-9	243.690000E-6	0.000000E+0	-95.173000E+0	64.646000E+0	0.000000E+0	NaN
	14/11/2022 17:17:44	-67.693000E-3	3.880000E-9	1.240000E-9	4.996000E-9	706.000000E-9	273.020000E-6	0.000000E+0	-95.286000E+0	64.646000E+0	0.000000E+0	NaN
	14/11/2022 17:17:53	-65.351000E-3	3.870000E-9	1.240000E-9	4.996000E-9	706.000000E-9	272.780000E-6	0.000000E+0	-95.173000E+0	64.534000E+0	0.000000E+0	NaN
	14/11/2022 17:18:02	-63.428000E-3	3.830000E-9	1.240000E-9	4.996000E-9	706.800000E-9	246.410000E-6	0.000000E+0	-95.061000E+0	64.534000E+0	0.000000E+0	NaN
	14/11/2022 17:18:11	-63.381000E-3	3.830000E-9	1.230000E-9	4.996000E-9	706.000000E-9	245.900000E-6	0.000000E+0	-95.173000E+0	64.646000E+0	0.000000E+0	NaN
	14/11/2022 17:18:21	-67.422000E-3	3.800000E-9	1.210000E-9	4.996000E-9	706.800000E-9	256.510000E-6	0.000000E+0	-95.061000E+0	64.758000E+0	0.000000E+0	NaN
	14/11/2022 17:18:30	-67.768000E-3	3.800000E-9	1.220000E-9	4.996000E-9	706.800000E-9	254.030000E-6	0.000000E+0	-95.173000E+0	64.646000E+0	0.000000E+0	NaN
	14/11/2022 17:18:39	-63.527000E-3	3.770000E-9	1.210000E-9	4.996000E-9	706.000000E-9	250.100000E-6	0.000000E+0	-94.949000E+0	64.646000E+0	0.000000E+0	NaN
	14/11/2022 17:18:48	-67.595000E-3	3.770000E-9	1.210000E-9	4.996000E-9	706.000000E-9	245.900000E-6	0.000000E+0	-95.173000E+0	64.422000E+0	0.000000E+0	NaN
	14/11/2022 17:18:57	-64.635000E-3	3.750000E-9	1.200000E-9	4.996000E-9	706.000000E-9	252.810000E-6	0.000000E+0	-95.173000E+0	64.758000E+0	0.000000E+0	NaN
	14/11/2022 17:19:07	-64.465000E-3	3.740000E-9	1.200000E-9	4.996000E-9	706.000000E-9	244.410000E-6	0.000000E+0	-95.061000E+0	64.758000E+0	0.000000E+0	NaN
	14/11/2022 17:19:16	-64.069000E-3	3.730000E-9	1.200000E-9	4.996000E-9	706.000000E-9	245.900000E-6	0.000000E+0	-95.061000E+0	64.422000E+0	0.000000E+0	NaN
	14/11/2022 17:19:25	-67.422000E-3	3.720000E-9	1.210000E-9	4.996000E-9	706.000000E-9	252.310000E-6	0.000000E+0	-95.061000E+0	64.422000E+0	0.000000E+0	NaN
	14/11/2022 17:19:34	-63.550000E-3	3.720000E-9	1.250000E-9	4.996000E-9	706.000000E-9	257.490000E-6	0.000000E+0	-94.949000E+0	64.646000E+0	0.000000E+0	NaN
	14/11/2022 17:19:43	-63.428000E-3	39.800000E-9	11.000000E-9	4.996000E-9	706.000000E-9	249.360000E-6	0.000000E+0	-95.061000E+0	64.534000E+0	0.000000E+0	NaN
	14/11/2022 17:19:52	-67.449000E-3	4.690000E-9	1.630000E-9	4.996000E-9	705.100000E-9	256.510000E-6	0.000000E+0	-94.949000E+0	64.758000E+0	0.000000E+0	NaN
	14/11/2022 17:20:02	-63.255000E-3	4.350000E-9	1.470000E-9	4.996000E-9	705.100000E-9	267.830000E-6	0.000000E+0	-95.061000E+0	64.534000E+0	0.000000E+0	NaN
	14/11/2022 17:20:11	-63.404000E-3	4.240000E-9	1.420000E-9	4.996000E-9	706.000000E-9	271.560000E-6	0.000000E+0	-95.173000E+0	64.534000E+0	0.000000E+0	NaN
	14/11/2022 17:20:20	-63.452000E-3	4.180000E-9	1.380000E-9	4.996000E-9	706.000000E-9	246.410000E-6	0.000000E+0	-95.061000E+0	64.758000E+0	0.000000E+0	NaN
	14/11/2022 17:20:29	-65.991000E-3	4.130000E-9	1.360000E-9	4.996000E-9	706.000000E-9	268.100000E-6	0.000000E+0	-95.061000E+0	64.646000E+0	0.000000E+0	NaN
	14/11/2022 17:20:38	-63.872000E-3	4.090000E-9	1.350000E-9	4.996000E-9	706.000000E-9	289.290000E-6	0.000000E+0	-95.061000E+0	64.646000E+0	0.000000E+0	NaN
	14/11/2022 17:20:47	-65.967000E-3	4.070000E-9	1.350000E-9	4.996000E-9	706.000000E-9	245.660000E-6	0.000000E+0	-95.061000E+0	64.646000E+0	0.000000E+0	NaN
	14/11/2022 17:20:57	-63.428000E-3	4.050000E-9	1.340000E-9	4.996000E-9	706.000000E-9	250.850000E-6	0.000000E+0	-94.949000E+0	64.646000E+0	0.000000E+0	NaN
	14/11/2022 17:21:06	-67.028000E-3	4.000000E-9	1.320000E-9	4.996000E-9	706.000000E-9	245.420000E-6	0.000000E+0	-95.061000E+0	64.646000E+0	0.000000E+0	NaN
	14/11/2022 17:21:15	-63.330000E-3	3.980000E-9	1.310000E-9	4.996000E-9	706.000000E-9	261.190000E-6	0.000000E+0	-94.949000E+0	64.646000E+0	0.000000E+0	NaN
	14/11/2022 17:21:24	-67.005000E-3	4.010000E-9	1.320000E-9	4.996000E-9	706.000000E-9	246.640000E-6	0.000000E+0	-94.949000E+0	64.646000E+0	0.000000E+0	NaN
	14/11/2022 17:21:33	-63.109000E-3	4.010000E-9	1.320000E-9	4.996000E-9	706.000000E-9	274.990000E-6	0.000000E+0	-95.061000E+0	64.646000E+0	0.000000E+0	NaN
	14/11/2022 17:21:42	-67.127000E-3	4.070000E-9	1.340000E-9	4.996000E-9	706.000000E-9	278.440000E-6	0.000000E+0	-94.837000E+0	64.758000E+0	0.000000E+0	NaN
	14/11/2022 17:21:52	-67.323000E-3	4.070000E-9	1.340000E-9	4.996000E-9	706.000000E-9	234.070000E-6	0.000000E+0	-95.061000E+0	64.534000E+0	0.000000E+0	NaN
	14/11/2022 17:22:01	-67.151000E-3	4.020000E-9	1.320000E-9	4.996000E-9	706.000000E-9	248.370000E-6	0.000000E+0	-94.949000E+0	64.646000E+0	0.000000E+0	NaN
	14/11/2022 17:22:10	-63.601000E-3	4.020000E-9	1.320000E-9	4.996000E-9	706.000000E-9	283.390000E-6	0.000000E+0	-94.725000E+0	64.534000E+0	0.000000E+0	NaN
	14/11/2022 17:22:19	-67.225000E-3	4.080000E-9	1.330000E-9	4.996000E-9	706.000000E-9	247.390000E-6	0.000000E+0	-94.949000E+0	64.646000E+0	0.000000E+0	NaN
	14/11/2022 17:22:28	-63.479000E-3	4.050000E-9	1.330000E-9	4.996000E-9	706.000000E-9	247.120000E-6	0.000000E+0	-94.949000E+0	64.758000E+0	0.000000E+0	NaN
	14/11/2022 17:22:38	-66.856000E-3	4.040000E-9	1.320000E-9	4.996000E-9	706.000000E-9	238.270000E-6	0.000000E+0	-95.061000E+0	64.534000E+0	0.000000E+0	NaN
	14/11/2022 17:22:47	-63.330000E-3	4.070000E-9	1.330000E-9	4.996000E-9	706.000000E-9	276.480000E-6	0.000000E+0	-95.061000E+0	64.758000E+0	0.000000E+0	NaN
	14/11/2022 17:22:56	-63.035000E-3	4.070000E-9	1.330000E-9	4.996000E-9	706.000000E-9	247.390000E-6	0.000000E+0	-94.949000E+0	64.758000E+0	0.000000E+0	NaN
	14/11/2022 17:23:05	-66.805000E-3	4.040000E-9	1.320000E-9	4.996000E-9	706.000000E-9	244.410000E-6	0.000000E+0	-94.949000E+0	64.871000E+0	0.000000E+0	NaN
	14/11/2022 17:23:14	-65.747000E-3	4.030000E-9	1.320000E-9	4.996000E-9	706.800000E-9	251.560000E-6	0.000000E+0	-95.061000E+0	64.534000E+0	0.000000E+0	NaN
	14/11/2022 17:23:24	-63.255000E-3	4.070000E-9	1.650000E-9	4.996000E-9	706.800000E-9	255.530000E-6	0.000000E+0	-95.061000E+0	64.758000E+0	0.000000E+0	NaN
	14/11/2022 17:23:33	-66.733000E-3	4.520000E-9	1.570000E-9	4.996000E-9	706.800000E-9	243.930000E-6	0.000000E+0	-94.949000E+0	64.758000E+0	0.000000E+0	NaN
	14/11/2022 17:23:42	-63.181000E-3	4.030000E-9	1.340000E-9	4.996000E-9	706.800000E-9	249.590000E-6	0.000000E+0	-95.173000E+0	64.758000E+0	0.000000E+0	NaN
	14/11/2022 17:23:51	-63.774000E-3	3.960000E-9	1.320000E-9	4.996000E-9	706.800000E-9	249.590000E-6	0.000000E+0	-94.837000E+0	64.646000E+0	0.000000E+0	NaN
	14/11/2022 17:24:00	-65.720000E-3	3.920000E-9	1.290000E-9	4.996000E-9	706.800000E-9	249.120000E-6	0.000000E+0	-95.173000E+0	64.758000E+0	0.000000E+0	NaN
	14/11/2022 17:24:10	-63.354000E-3	3.940000E-9	1.300000E-9	4.996000E-9	706.800000E-9	245.150000E-6	0.000000E+0	-94.837000E+0	64.758000E+0	0.000000E+0	NaN
	14/11/2022 17:24:19	-66.337000E-3	3.940000E-9	1.290000E-9	4.996000E-9	706.800000E-9	245.420000E-6	0.000000E+0	-94.949000E+0	64.871000E+0	0.000000E+0	NaN
	14/11/2022 17:24:28	-62.689000E-3	5.220000E-9	1.590000E-9	4.996000E-9	706.800000E-9	247.120000E-6	0.000000E+0	-94.949000E+0	64.758000E+0	0.000000E+0	NaN
	14/11/2022 17:24:37	-67.103000E-3	5.360000E-9	1.620000E-9	4.996000E-9	706.800000E-9	246.410000E-6	0.000000E+0	-95.061000E+0	64.758000E+0	0.000000E+0	NaN
	14/11/2022 17:24:46	-62.689000E-3	5.370000E-9	1.620000E-9	4.996000E-9	706.800000E-9	248.130000E-6	0.000000E+0	-94.837000E+0	64.646000E+0	0.000000E+0	NaN
	14/11/2022 17:24:56	-63.008000E-3	5.490000E-9	1.650000E-9	4.996000E-9	706.800000E-9	251.080000E-6	0.000000E+0	-94.837000E+0	64.758000E+0	0.000000E+0	NaN
	14/11/2022 17:25:05	-67.276000E-3	5.450000E-9	1.630000E-9	4.996000E-9	706.800000E-9	244.920000E-6	0.000000E+0	-95.061000E+0	64.758000E+0	0.000000E+0	NaN
	14/11/2022 17:25:14	-67.398000E-3	5.500000E-9	1.640000E-9	4.996000E-9	781.800000E-9	260.200000E-6	0.000000E+0	-94.837000E+0	64.871000E+0	0.000000E+0	NaN
	14/11/2022 17:25:23	-63.083000E-3	5.500000E-9	1.640000E-9	4.996000E-9	756.900000E-9	245.900000E-6	0.000000E+0	-95.173000E+0	64.534000E+0	0.000000E+0	NaN
	14/11/2022 17:25:32	-67.201000E-3	5.520000E-9	1.650000E-9	4.996000E-9	742.500000E-9	256.990000E-6	0.000000E+0	-95.061000E+0	64.871000E+0	0.000000E+0	NaN
	14/11/2022 17:25:42	-68.063000E-3	5.560000E-9	1.670000E-9	4.996000E-9	733.600000E-9	243.430000E-6	0.000000E+0	-94.837000E+0	64.871000E+0	0.000000E+0	NaN
	14/11/2022 17:25:51	-67.201000E-3	5.550000E-9	1.660000E-9	4.996000E-9	725.700000E-9	241.970000E-6	0.000000E+0	-95.061000E+0	64.758000E+0	0.000000E+0	NaN
	14/11/2022 17:26:00	-65.967000E-3	5.590000E-9	1.670000E-9	4.996000E-9	721.400000E-9	247.390000E-6	0.000000E+0	-94.725000E+0	64.646000E+0	0.000000E+0	NaN
	14/11/2022 17:26:09	-63.452000E-3	5.570000E-9	1.660000E-9	4.996000E-9	719.600000E-9	246.410000E-6	0.000000E+0	-95.061000E+0	64.758000E+0	0.000000E+0	NaN
	14/11/2022 17:26:18	-66.879000E-3	5.490000E-9	1.640000E-9	4.996000E-9	717.900000E-9	239.250000E-6	0.000000E+0	-95.061000E+0	64.758000E+0	0.000000E+0	NaN
	14/11/2022 17:26:28	-63.872000E-3	5.510000E-9	1.630000E-9	4.996000E-9	715.400000E-9	246.880000E-6	0.000000E+0	-95.061000E+0	64.758000E+0	0.000000E+0	NaN
	14/11/2022 17:26:37	-63.306000E-3	5.560000E-9	1.650000E-9	4.996000E-9	715.400000E-9	245.900000E-6	0.000000E+0	-94.837000E+0	64.646000E+0	0.000000E+0	NaN
	14/11/2022 17:26:46	-67.374000E-3	5.640000E-9	1.680000E-9	4.996000E-9	714.500000E-9	240.470000E-6	0.000000E+0	-94.837000E+0	64.758000E+0	0.000000E+0	NaN
	14/11/2022 17:26:55	-67.398000E-3	5.650000E-9	1.680000E-9	4.996000E-9	714.500000E-9	245.150000E-6	0.000000E+0	-94.837000E+0	64.983000E+0	0.000000E+0	NaN
	14/11/2022 17:27:04	-63.971000E-3	5.680000E-9	1.680000E-9	4.996000E-9	714.500000E-9	246.410000E-6	0.000000E+0	-94.837000E+0	64.758000E+0	0.000000E+0	NaN
	14/11/2022 17:27:13	-63.232000E-3	5.630000E-9	1.670000E-9	4.996000E-9	714.500000E-9	247.120000E-6	0.000000E+0	-94.949000E+0	64.534000E+0	0.000000E+0	NaN
	14/11/2022 17:27:23	-63.354000E-3	5.620000E-9	1.670000E-9	4.996000E-9	714.500000E-9	265.120000E-6	0.000000E+0	-94.725000E+0	64.758000E+0	0.000000E+0	NaN
	14/11/2022 17:27:32	-63.381000E-3	5.630000E-9	1.670000E-9	4.996000E-9	714.500000E-9	258.480000E-6	0.000000E+0	-94.725000E+0	64.758000E+0	0.000000E+0	NaN
	14/11/2022 17:27:41	-67.127000E-3	5.650000E-9	1.670000E-9	4.996000E-9	714.500000E-9	246.140000E-6	0.000000E+0	-94.949000E+0	64.758000E+0	0.000000E+0	NaN
	14/11/2022 17:27:50	-63.527000E-3	5.640000E-9	1.670000E-9	4.996000E-9	714.500000E-9	249.590000E-6	0.000000E+0	-94.949000E+0	64.871000E+0	0.000000E+0	NaN
	14/11/2022 17:27:59	-67.300000E-3	5.660000E-9	1.680000E-9	4.996000E-9	714.500000E-9	254.780000E-6	0.000000E+0	-94.837000E+0	64.646000E+0	0.000000E+0	NaN
	14/11/2022 17:28:09	-67.374000E-3	5.700000E-9	1.690000E-9	4.996000E-9	714.500000E-9	249.590000E-6	0.000000E+0	-94.949000E+0	64.758000E+0	0.000000E+0	NaN
	14/11/2022 17:28:18	-67.103000E-3	5.670000E-9	1.680000E-9	4.996000E-9	714.500000E-9	248.370000E-6	0.000000E+0	-94.949000E+0	64.646000E+0	0.000000E+0	NaN
	14/11/2022 17:28:27	-66.191000E-3	5.650000E-9	1.680000E-9	4.996000E-9	714.500000E-9	240.000000E-6	0.000000E+0	-94.949000E+0	64.758000E+0	0.000000E+0	NaN
	14/11/2022 17:28:36	-67.520000E-3	5.700000E-9	1.690000E-9	4.996000E-9	714.500000E-9	244.410000E-6	0.000000E+0	-94.949000E+0	64.758000E+0	0.000000E+0	NaN
	14/11/2022 17:28:45	-65.303000E-3	5.710000E-9	1.700000E-9	4.996000E-9	714.500000E-9	243.690000E-6	0.000000E+0	-94.837000E+0	64.758000E+0	0.000000E+0	NaN
	14/11/2022 17:28:55	-67.005000E-3	5.710000E-9	1.690000E-9	4.996000E-9	714.500000E-9	242.200000E-6	0.000000E+0	-94.837000E+0	64.871000E+0	0.000000E+0	NaN
	14/11/2022 17:29:04	-66.954000E-3	5.720000E-9	1.700000E-9	4.996000E-9	714.500000E-9	260.200000E-6	0.000000E+0	-94.949000E+0	64.758000E+0	0.000000E+0	NaN
	14/11/2022 17:29:13	-63.279000E-3	5.740000E-9	1.700000E-9	4.996000E-9	714.500000E-9	244.170000E-6	0.000000E+0	-94.837000E+0	64.758000E+0	0.000000E+0	NaN
	14/11/2022 17:29:22	-66.733000E-3	5.780000E-9	1.710000E-9	4.996000E-9	715.400000E-9	246.640000E-6	0.000000E+0	-94.837000E+0	64.871000E+0	0.000000E+0	NaN
	14/11/2022 17:29:31	-63.527000E-3	5.760000E-9	1.710000E-9	4.996000E-9	714.500000E-9	245.420000E-6	0.000000E+0	-94.837000E+0	64.983000E+0	0.000000E+0	NaN
	14/11/2022 17:29:40	-67.103000E-3	5.800000E-9	1.710000E-9	4.996000E-9	714.500000E-9	264.880000E-6	0.000000E+0	-94.949000E+0	64.758000E+0	0.000000E+0	NaN
	14/11/2022 17:29:50	-66.832000E-3	5.790000E-9	1.700000E-9	4.996000E-9	714.500000E-9	245.660000E-6	0.000000E+0	-94.949000E+0	64.758000E+0	0.000000E+0	NaN
	14/11/2022 17:29:59	-67.177000E-3	5.790000E-9	1.710000E-9	4.996000E-9	718.800000E-9	246.410000E-6	0.000000E+0	-94.725000E+0	64.871000E+0	0.000000E+0	NaN
	14/11/2022 17:30:08	-66.978000E-3	5.750000E-9	1.700000E-9	4.996000E-9	718.800000E-9	246.410000E-6	0.000000E+0	-94.725000E+0	64.983000E+0	0.000000E+0	NaN
	14/11/2022 17:30:17	-66.116000E-3	5.710000E-9	1.690000E-9	4.996000E-9	718.800000E-9	240.980000E-6	0.000000E+0	-94.725000E+0	64.871000E+0	0.000000E+0	NaN
	14/11/2022 17:30:26	-62.788000E-3	5.680000E-9	1.680000E-9	4.996000E-9	716.200000E-9	249.590000E-6	0.000000E+0	-94.949000E+0	64.871000E+0	0.000000E+0	NaN
	14/11/2022 17:30:36	-67.151000E-3	5.690000E-9	1.670000E-9	4.996000E-9	716.200000E-9	259.460000E-6	0.000000E+0	-94.725000E+0	64.983000E+0	0.000000E+0	NaN
	14/11/2022 17:30:45	-66.510000E-3	5.690000E-9	1.690000E-9	4.996000E-9	715.400000E-9	247.120000E-6	0.000000E+0	-94.837000E+0	64.983000E+0	0.000000E+0	NaN
	14/11/2022 17:30:54	-67.103000E-3	5.690000E-9	1.690000E-9	4.996000E-9	715.400000E-9	245.420000E-6	0.000000E+0	-94.725000E+0	64.758000E+0	0.000000E+0	NaN
	14/11/2022 17:31:03	-63.774000E-3	5.720000E-9	1.690000E-9	4.996000E-9	715.400000E-9	264.640000E-6	0.000000E+0	-94.612000E+0	64.983000E+0	0.000000E+0	NaN
	14/11/2022 17:31:12	-64.808000E-3	5.660000E-9	1.670000E-9	4.996000E-9	715.400000E-9	260.680000E-6	0.000000E+0	-94.837000E+0	64.758000E+0	0.000000E+0	NaN
	14/11/2022 17:31:22	-62.984000E-3	4.780000E-9	1.380000E-9	4.996000E-9	715.400000E-9	245.660000E-6	0.000000E+0	-94.837000E+0	64.758000E+0	0.000000E+0	NaN
