Live comments	Time	injection 100mbar	Barion_2	Barion_1	DUAL experiment	DUAL insulation	injection 1mbar	helium	T-platinum	T-CERNOX	I_emission	I_grid
	13/12/2022 16:39:57	-46.688000E-3	1.590000E-9	1.440000E-9	4.996000E-9	491.900000E-9	352.360000E-3	207.000000E+0	-5.163000E+0	4.280342E+3	NaN	NaN
	13/12/2022 16:40:04	-46.909000E-3	3.760000E-9	1.860000E-9	4.996000E-9	491.900000E-9	352.350000E-3	207.000000E+0	-5.387000E+0	4.280342E+3	NaN	NaN
	13/12/2022 16:40:11	-46.614000E-3	2.990000E-9	1.580000E-9	4.996000E-9	491.900000E-9	352.360000E-3	207.000000E+0	-5.050000E+0	4.280342E+3	NaN	NaN
	13/12/2022 16:40:18	-46.566000E-3	3.380000E-9	1.710000E-9	4.996000E-9	491.300000E-9	352.360000E-3	206.000000E+0	-5.050000E+0	4.280791E+3	NaN	NaN
	13/12/2022 16:40:25	-46.811000E-3	2.290000E-9	892.000000E-12	4.996000E-9	491.300000E-9	352.360000E-3	207.000000E+0	-5.387000E+0	4.280566E+3	NaN	NaN
	13/12/2022 16:40:32	-46.417000E-3	1.250000E-9	548.000000E-12	4.996000E-9	491.900000E-9	352.340000E-3	206.000000E+0	-5.163000E+0	4.280679E+3	NaN	NaN
EGA moved into position	13/12/2022 16:40:40	-46.146000E-3	1.220000E-9	539.000000E-12	4.996000E-9	491.900000E-9	352.360000E-3	206.000000E+0	-5.163000E+0	4.280566E+3	NaN	NaN
	13/12/2022 16:40:47	-46.614000E-3	1.210000E-9	532.000000E-12	4.996000E-9	491.300000E-9	352.350000E-3	206.000000E+0	-5.163000E+0	4.280679E+3	NaN	NaN
	13/12/2022 16:40:54	-45.753000E-3	1.190000E-9	528.000000E-12	4.996000E-9	491.300000E-9	352.360000E-3	206.000000E+0	-5.163000E+0	4.280791E+3	NaN	NaN
	13/12/2022 16:41:01	-46.861000E-3	1.180000E-9	524.000000E-12	4.996000E-9	491.300000E-9	352.360000E-3	206.000000E+0	-5.275000E+0	4.281128E+3	NaN	NaN
	13/12/2022 16:41:08	-46.492000E-3	1.180000E-9	522.000000E-12	4.996000E-9	491.300000E-9	352.360000E-3	206.000000E+0	-5.275000E+0	4.281128E+3	NaN	NaN
	13/12/2022 16:41:16	-50.905000E-3	1.170000E-9	520.000000E-12	4.996000E-9	491.300000E-9	352.360000E-3	206.000000E+0	-5.163000E+0	4.281128E+3	NaN	NaN
	13/12/2022 16:41:23	-48.217000E-3	1.170000E-9	519.000000E-12	4.996000E-9	491.300000E-9	352.360000E-3	206.000000E+0	-5.275000E+0	4.281240E+3	NaN	NaN
	13/12/2022 16:41:30	-46.885000E-3	1.170000E-9	517.000000E-12	4.996000E-9	491.300000E-9	352.360000E-3	206.000000E+0	-4.938000E+0	4.281240E+3	NaN	NaN
	13/12/2022 16:41:37	-46.590000E-3	1.160000E-9	517.000000E-12	4.996000E-9	490.700000E-9	352.350000E-3	206.000000E+0	-5.163000E+0	4.281240E+3	NaN	NaN
	13/12/2022 16:41:44	-46.787000E-3	1.150000E-9	515.000000E-12	4.996000E-9	491.300000E-9	352.360000E-3	206.000000E+0	-5.275000E+0	4.281240E+3	NaN	NaN
	13/12/2022 16:41:51	-46.197000E-3	1.160000E-9	513.000000E-12	4.996000E-9	490.700000E-9	352.350000E-3	206.000000E+0	-5.163000E+0	4.281464E+3	NaN	NaN
	13/12/2022 16:41:59	-47.132000E-3	1.150000E-9	513.000000E-12	4.996000E-9	491.300000E-9	352.350000E-3	206.000000E+0	-5.163000E+0	4.281464E+3	NaN	NaN
	13/12/2022 16:42:06	-46.343000E-3	1.150000E-9	513.000000E-12	4.996000E-9	491.300000E-9	352.360000E-3	206.000000E+0	-5.275000E+0	4.281464E+3	NaN	NaN
	13/12/2022 16:42:13	-46.590000E-3	1.150000E-9	511.000000E-12	4.996000E-9	492.400000E-9	352.360000E-3	206.000000E+0	-5.275000E+0	4.281128E+3	NaN	NaN
	13/12/2022 16:42:20	-46.739000E-3	1.150000E-9	511.000000E-12	4.996000E-9	491.900000E-9	352.360000E-3	206.000000E+0	-5.387000E+0	4.281240E+3	NaN	NaN
	13/12/2022 16:42:27	-49.055000E-3	1.140000E-9	511.000000E-12	4.996000E-9	491.300000E-9	352.360000E-3	206.000000E+0	-5.163000E+0	4.281240E+3	NaN	NaN
	13/12/2022 16:42:34	-46.492000E-3	1.140000E-9	510.000000E-12	4.996000E-9	491.300000E-9	352.360000E-3	206.000000E+0	-5.163000E+0	4.281240E+3	NaN	NaN
	13/12/2022 16:42:42	-45.899000E-3	1.140000E-9	510.000000E-12	4.996000E-9	491.300000E-9	352.350000E-3	206.000000E+0	-5.275000E+0	4.281352E+3	NaN	NaN
	13/12/2022 16:42:49	-46.885000E-3	1.140000E-9	510.000000E-12	4.996000E-9	491.900000E-9	352.350000E-3	206.000000E+0	-5.163000E+0	4.281015E+3	NaN	NaN
	13/12/2022 16:42:56	-46.614000E-3	1.130000E-9	509.000000E-12	4.996000E-9	491.900000E-9	352.350000E-3	206.000000E+0	-5.050000E+0	4.281015E+3	NaN	NaN
	13/12/2022 16:43:03	-46.566000E-3	1.140000E-9	509.000000E-12	4.996000E-9	491.300000E-9	352.360000E-3	206.000000E+0	-5.275000E+0	4.281015E+3	NaN	NaN
	13/12/2022 16:43:10	-46.909000E-3	1.130000E-9	509.000000E-12	4.996000E-9	492.400000E-9	352.350000E-3	206.000000E+0	-5.163000E+0	4.280791E+3	NaN	NaN
	13/12/2022 16:43:17	-46.983000E-3	1.130000E-9	509.000000E-12	4.996000E-9	491.900000E-9	352.360000E-3	206.000000E+0	-5.387000E+0	4.280342E+3	NaN	NaN
	13/12/2022 16:43:25	-46.566000E-3	1.130000E-9	509.000000E-12	4.996000E-9	491.900000E-9	352.360000E-3	206.000000E+0	-5.163000E+0	4.280791E+3	NaN	NaN
	13/12/2022 16:43:32	-46.664000E-3	1.130000E-9	508.000000E-12	4.996000E-9	491.900000E-9	352.360000E-3	206.000000E+0	-5.050000E+0	4.280679E+3	NaN	NaN
	13/12/2022 16:43:39	-46.295000E-3	1.130000E-9	508.000000E-12	4.996000E-9	491.300000E-9	352.350000E-3	206.000000E+0	-5.050000E+0	4.280566E+3	NaN	NaN
	13/12/2022 16:43:46	-46.861000E-3	1.120000E-9	507.000000E-12	4.996000E-9	490.700000E-9	352.360000E-3	206.000000E+0	-5.163000E+0	4.280566E+3	NaN	NaN
	13/12/2022 16:43:53	-46.492000E-3	1.130000E-9	507.000000E-12	4.996000E-9	491.300000E-9	352.380000E-3	206.000000E+0	-5.050000E+0	4.280679E+3	NaN	NaN
	13/12/2022 16:44:01	-46.566000E-3	1.120000E-9	507.000000E-12	4.996000E-9	491.300000E-9	352.360000E-3	206.000000E+0	-5.275000E+0	4.280454E+3	NaN	NaN
	13/12/2022 16:44:08	-46.468000E-3	1.120000E-9	507.000000E-12	4.996000E-9	491.300000E-9	352.350000E-3	206.000000E+0	-5.275000E+0	4.280454E+3	NaN	NaN
	13/12/2022 16:44:15	-46.393000E-3	1.120000E-9	507.000000E-12	4.996000E-9	491.300000E-9	352.360000E-3	206.000000E+0	-5.163000E+0	4.280230E+3	NaN	NaN
	13/12/2022 16:44:22	-48.980000E-3	1.130000E-9	507.000000E-12	4.996000E-9	491.300000E-9	352.360000E-3	206.000000E+0	-5.275000E+0	4.280342E+3	NaN	NaN
	13/12/2022 16:44:29	-46.366000E-3	1.120000E-9	507.000000E-12	4.996000E-9	490.700000E-9	352.360000E-3	206.000000E+0	-5.163000E+0	4.280230E+3	NaN	NaN
	13/12/2022 16:44:37	-46.811000E-3	1.110000E-9	506.000000E-12	4.996000E-9	491.300000E-9	352.360000E-3	206.000000E+0	-5.163000E+0	4.280342E+3	NaN	NaN
	13/12/2022 16:44:44	-46.417000E-3	1.120000E-9	507.000000E-12	4.996000E-9	491.300000E-9	352.360000E-3	206.000000E+0	-5.050000E+0	4.279893E+3	NaN	NaN
	13/12/2022 16:44:51	-46.197000E-3	1.120000E-9	506.000000E-12	4.996000E-9	491.300000E-9	352.350000E-3	206.000000E+0	-5.387000E+0	4.280230E+3	NaN	NaN
	13/12/2022 16:44:58	-46.146000E-3	1.120000E-9	507.000000E-12	4.996000E-9	491.300000E-9	352.370000E-3	205.000000E+0	-5.163000E+0	4.280005E+3	NaN	NaN
	13/12/2022 16:45:05	-46.590000E-3	1.110000E-9	506.000000E-12	4.996000E-9	491.300000E-9	352.360000E-3	206.000000E+0	-5.275000E+0	4.280005E+3	NaN	NaN
	13/12/2022 16:45:13	-46.664000E-3	1.120000E-9	506.000000E-12	4.996000E-9	490.700000E-9	352.360000E-3	206.000000E+0	-5.275000E+0	4.280118E+3	NaN	NaN
	13/12/2022 16:45:20	-50.732000E-3	1.120000E-9	505.000000E-12	4.996000E-9	490.700000E-9	352.360000E-3	206.000000E+0	-5.275000E+0	4.280118E+3	NaN	NaN
	13/12/2022 16:45:27	-47.010000E-3	1.120000E-9	505.000000E-12	4.996000E-9	490.700000E-9	352.360000E-3	206.000000E+0	-5.163000E+0	4.279893E+3	NaN	NaN
	13/12/2022 16:45:34	-46.837000E-3	1.110000E-9	505.000000E-12	4.996000E-9	490.700000E-9	352.360000E-3	206.000000E+0	-5.163000E+0	4.279893E+3	NaN	NaN
	13/12/2022 16:45:41	-46.885000E-3	1.120000E-9	505.000000E-12	4.996000E-9	490.700000E-9	352.350000E-3	206.000000E+0	-5.387000E+0	4.280118E+3	NaN	NaN
	13/12/2022 16:45:48	-47.922000E-3	1.120000E-9	504.000000E-12	4.996000E-9	490.700000E-9	352.360000E-3	206.000000E+0	-5.163000E+0	4.280230E+3	NaN	NaN
	13/12/2022 16:45:56	-46.664000E-3	1.110000E-9	504.000000E-12	4.996000E-9	490.700000E-9	352.360000E-3	205.000000E+0	-5.163000E+0	4.280118E+3	NaN	NaN
	13/12/2022 16:46:03	-46.614000E-3	1.110000E-9	504.000000E-12	4.996000E-9	490.700000E-9	352.360000E-3	206.000000E+0	-5.275000E+0	4.280230E+3	NaN	NaN
	13/12/2022 16:46:10	-46.664000E-3	1.110000E-9	504.000000E-12	4.996000E-9	490.700000E-9	352.360000E-3	205.000000E+0	-5.387000E+0	4.280230E+3	NaN	NaN
	13/12/2022 16:46:17	-46.539000E-3	1.120000E-9	504.000000E-12	4.996000E-9	490.700000E-9	352.360000E-3	205.000000E+0	-5.163000E+0	4.280118E+3	NaN	NaN
	13/12/2022 16:46:24	-46.366000E-3	1.110000E-9	503.000000E-12	4.996000E-9	490.100000E-9	352.360000E-3	205.000000E+0	-5.163000E+0	4.280230E+3	NaN	NaN
	13/12/2022 16:46:32	-46.739000E-3	1.110000E-9	503.000000E-12	4.996000E-9	490.100000E-9	352.360000E-3	205.000000E+0	-5.050000E+0	4.280230E+3	NaN	NaN
	13/12/2022 16:46:39	-46.763000E-3	1.110000E-9	503.000000E-12	4.996000E-9	490.100000E-9	352.360000E-3	205.000000E+0	-5.275000E+0	4.280454E+3	NaN	NaN
	13/12/2022 16:46:46	-46.441000E-3	1.110000E-9	502.000000E-12	4.996000E-9	490.700000E-9	352.350000E-3	205.000000E+0	-5.387000E+0	4.280118E+3	NaN	NaN
	13/12/2022 16:46:53	-46.515000E-3	1.110000E-9	503.000000E-12	4.996000E-9	490.700000E-9	352.370000E-3	205.000000E+0	-5.275000E+0	4.280230E+3	NaN	NaN
	13/12/2022 16:47:00	-46.539000E-3	1.110000E-9	503.000000E-12	4.996000E-9	490.700000E-9	352.360000E-3	205.000000E+0	-5.275000E+0	4.280342E+3	NaN	NaN
	13/12/2022 16:47:07	-46.983000E-3	1.100000E-9	503.000000E-12	4.996000E-9	491.900000E-9	352.350000E-3	205.000000E+0	-5.050000E+0	4.280342E+3	NaN	NaN
	13/12/2022 16:47:15	-46.441000E-3	1.110000E-9	503.000000E-12	4.996000E-9	490.700000E-9	352.350000E-3	205.000000E+0	-5.050000E+0	4.280454E+3	NaN	NaN
	13/12/2022 16:47:22	-46.468000E-3	1.110000E-9	503.000000E-12	4.996000E-9	490.100000E-9	352.360000E-3	205.000000E+0	-5.163000E+0	4.280454E+3	NaN	NaN
	13/12/2022 16:47:29	-46.811000E-3	1.100000E-9	502.000000E-12	4.996000E-9	490.700000E-9	352.360000E-3	205.000000E+0	-5.050000E+0	4.280454E+3	NaN	NaN
	13/12/2022 16:47:36	-46.417000E-3	1.110000E-9	502.000000E-12	4.996000E-9	490.700000E-9	352.360000E-3	205.000000E+0	-5.275000E+0	4.280342E+3	NaN	NaN
	13/12/2022 16:47:43	-46.638000E-3	1.110000E-9	502.000000E-12	4.996000E-9	490.700000E-9	352.360000E-3	205.000000E+0	-5.275000E+0	4.280454E+3	NaN	NaN
	13/12/2022 16:47:51	-46.220000E-3	1.110000E-9	502.000000E-12	4.996000E-9	490.100000E-9	352.360000E-3	205.000000E+0	-5.163000E+0	4.280566E+3	NaN	NaN
	13/12/2022 16:47:58	-46.712000E-3	1.100000E-9	502.000000E-12	4.996000E-9	490.700000E-9	352.350000E-3	205.000000E+0	-5.163000E+0	4.280454E+3	NaN	NaN
	13/12/2022 16:48:05	-46.763000E-3	1.100000E-9	502.000000E-12	4.996000E-9	490.100000E-9	352.360000E-3	205.000000E+0	-5.163000E+0	4.280679E+3	NaN	NaN
	13/12/2022 16:48:12	-47.010000E-3	1.110000E-9	502.000000E-12	4.996000E-9	803.700000E-9	352.360000E-3	205.000000E+0	-5.275000E+0	4.280679E+3	NaN	NaN
	13/12/2022 16:48:19	-46.539000E-3	1.100000E-9	501.000000E-12	4.996000E-9	588.900000E-9	352.360000E-3	205.000000E+0	-5.275000E+0	4.280791E+3	NaN	NaN
	13/12/2022 16:48:27	-46.539000E-3	1.100000E-9	501.000000E-12	4.996000E-9	536.900000E-9	352.360000E-3	205.000000E+0	-5.163000E+0	4.280566E+3	NaN	NaN
	13/12/2022 16:48:34	-46.393000E-3	1.100000E-9	501.000000E-12	4.996000E-9	517.900000E-9	352.380000E-3	205.000000E+0	-5.163000E+0	4.280791E+3	NaN	NaN
	13/12/2022 16:48:41	-46.468000E-3	1.100000E-9	501.000000E-12	4.996000E-9	508.700000E-9	352.370000E-3	205.000000E+0	-5.275000E+0	4.280566E+3	NaN	NaN
	13/12/2022 16:48:48	-46.515000E-3	1.100000E-9	501.000000E-12	4.996000E-9	551.900000E-9	352.370000E-3	205.000000E+0	-4.938000E+0	4.280791E+3	NaN	NaN
	13/12/2022 16:48:55	-48.783000E-3	1.100000E-9	501.000000E-12	4.996000E-9	518.500000E-9	352.370000E-3	205.000000E+0	-5.050000E+0	4.280791E+3	NaN	NaN
	13/12/2022 16:49:02	-46.393000E-3	1.110000E-9	501.000000E-12	4.996000E-9	507.500000E-9	352.360000E-3	205.000000E+0	-5.050000E+0	4.280679E+3	NaN	NaN
	13/12/2022 16:49:10	-46.220000E-3	1.100000E-9	501.000000E-12	4.996000E-9	505.000000E-9	352.370000E-3	205.000000E+0	-5.499000E+0	4.280566E+3	NaN	NaN
	13/12/2022 16:49:17	-46.197000E-3	1.100000E-9	501.000000E-12	4.996000E-9	499.600000E-9	352.360000E-3	205.000000E+0	-5.387000E+0	4.280566E+3	NaN	NaN
	13/12/2022 16:49:24	-46.515000E-3	1.100000E-9	501.000000E-12	4.996000E-9	498.400000E-9	352.370000E-3	205.000000E+0	-5.050000E+0	4.280566E+3	NaN	NaN
	13/12/2022 16:49:31	-46.861000E-3	1.100000E-9	501.000000E-12	4.996000E-9	496.600000E-9	352.370000E-3	205.000000E+0	-5.275000E+0	4.280566E+3	NaN	NaN
	13/12/2022 16:49:38	-46.492000E-3	1.100000E-9	500.000000E-12	4.996000E-9	496.000000E-9	352.360000E-3	205.000000E+0	-5.050000E+0	4.280679E+3	NaN	NaN
	13/12/2022 16:49:45	-46.393000E-3	1.100000E-9	500.000000E-12	4.996000E-9	494.200000E-9	352.360000E-3	205.000000E+0	-5.275000E+0	4.280679E+3	NaN	NaN
	13/12/2022 16:49:53	-48.760000E-3	1.100000E-9	500.000000E-12	4.996000E-9	493.600000E-9	352.360000E-3	205.000000E+0	-5.163000E+0	4.280679E+3	NaN	NaN
	13/12/2022 16:50:00	-46.122000E-3	1.100000E-9	499.000000E-12	4.996000E-9	493.600000E-9	352.370000E-3	205.000000E+0	-5.163000E+0	4.280903E+3	NaN	NaN
	13/12/2022 16:50:07	-46.468000E-3	1.090000E-9	499.000000E-12	4.996000E-9	492.400000E-9	352.360000E-3	205.000000E+0	-5.163000E+0	4.281015E+3	NaN	NaN
	13/12/2022 16:50:14	-46.366000E-3	1.100000E-9	500.000000E-12	4.996000E-9	491.900000E-9	352.360000E-3	205.000000E+0	-5.050000E+0	4.281015E+3	NaN	NaN
	13/12/2022 16:50:21	-46.960000E-3	1.090000E-9	500.000000E-12	4.996000E-9	492.400000E-9	352.360000E-3	205.000000E+0	-5.387000E+0	4.281128E+3	NaN	NaN
	13/12/2022 16:50:29	-47.109000E-3	1.100000E-9	507.000000E-12	4.996000E-9	493.100000E-9	352.360000E-3	205.000000E+0	-5.275000E+0	4.281689E+3	NaN	NaN
	13/12/2022 16:50:36	-48.265000E-3	1.180000E-9	539.000000E-12	4.996000E-9	490.100000E-9	352.360000E-3	205.000000E+0	-5.163000E+0	4.281689E+3	NaN	NaN
	13/12/2022 16:50:43	-46.319000E-3	1.150000E-9	527.000000E-12	4.996000E-9	491.900000E-9	352.390000E-3	205.000000E+0	-5.163000E+0	4.281689E+3	NaN	NaN
	13/12/2022 16:50:50	-46.763000E-3	1.140000E-9	522.000000E-12	4.996000E-9	492.400000E-9	352.380000E-3	205.000000E+0	-5.275000E+0	4.281577E+3	NaN	NaN
	13/12/2022 16:50:57	-46.441000E-3	1.140000E-9	519.000000E-12	4.996000E-9	491.900000E-9	352.370000E-3	205.000000E+0	-5.163000E+0	4.281689E+3	NaN	NaN
	13/12/2022 16:51:04	-46.861000E-3	1.140000E-9	518.000000E-12	4.996000E-9	491.900000E-9	352.360000E-3	205.000000E+0	-5.163000E+0	4.281689E+3	NaN	NaN
	13/12/2022 16:51:12	-46.590000E-3	1.130000E-9	516.000000E-12	4.996000E-9	491.300000E-9	352.370000E-3	205.000000E+0	-5.050000E+0	4.281801E+3	NaN	NaN
	13/12/2022 16:51:19	-46.590000E-3	1.130000E-9	515.000000E-12	4.996000E-9	491.900000E-9	352.380000E-3	205.000000E+0	-5.050000E+0	4.281689E+3	NaN	NaN
	13/12/2022 16:51:26	-51.150000E-3	1.130000E-9	515.000000E-12	4.996000E-9	491.300000E-9	352.380000E-3	205.000000E+0	-5.163000E+0	4.281689E+3	NaN	NaN
	13/12/2022 16:51:33	-46.366000E-3	1.130000E-9	515.000000E-12	4.996000E-9	491.900000E-9	352.370000E-3	205.000000E+0	-5.275000E+0	4.281913E+3	NaN	NaN
	13/12/2022 16:51:40	-46.614000E-3	1.120000E-9	514.000000E-12	4.996000E-9	490.700000E-9	352.380000E-3	205.000000E+0	-5.163000E+0	4.281913E+3	NaN	NaN
	13/12/2022 16:51:48	-46.539000E-3	1.130000E-9	515.000000E-12	4.996000E-9	491.300000E-9	352.360000E-3	205.000000E+0	-5.275000E+0	4.282025E+3	NaN	NaN
	13/12/2022 16:51:55	-46.366000E-3	1.120000E-9	516.000000E-12	4.996000E-9	491.300000E-9	352.370000E-3	204.000000E+0	-5.275000E+0	4.282138E+3	NaN	NaN
	13/12/2022 16:52:02	-46.468000E-3	1.120000E-9	514.000000E-12	4.996000E-9	491.300000E-9	352.370000E-3	205.000000E+0	-5.163000E+0	4.282362E+3	NaN	NaN
	13/12/2022 16:52:09	-46.319000E-3	1.130000E-9	514.000000E-12	4.996000E-9	491.900000E-9	352.370000E-3	205.000000E+0	-5.163000E+0	4.282250E+3	NaN	NaN
	13/12/2022 16:52:16	-46.441000E-3	1.120000E-9	513.000000E-12	4.996000E-9	491.300000E-9	352.360000E-3	205.000000E+0	-5.163000E+0	4.282250E+3	NaN	NaN
	13/12/2022 16:52:24	-46.664000E-3	1.120000E-9	512.000000E-12	4.996000E-9	490.700000E-9	352.370000E-3	205.000000E+0	-5.163000E+0	4.282250E+3	NaN	NaN
	13/12/2022 16:52:31	-46.095000E-3	1.130000E-9	512.000000E-12	4.996000E-9	491.300000E-9	352.380000E-3	204.000000E+0	-5.163000E+0	4.282250E+3	NaN	NaN
	13/12/2022 16:52:38	-47.180000E-3	1.110000E-9	512.000000E-12	4.996000E-9	491.300000E-9	352.360000E-3	204.000000E+0	-5.275000E+0	4.282362E+3	NaN	NaN
	13/12/2022 16:52:45	-47.010000E-3	1.120000E-9	512.000000E-12	4.996000E-9	491.300000E-9	352.360000E-3	204.000000E+0	-5.275000E+0	4.282138E+3	NaN	NaN
	13/12/2022 16:52:52	-46.861000E-3	1.120000E-9	511.000000E-12	4.996000E-9	491.900000E-9	352.370000E-3	204.000000E+0	-5.275000E+0	4.282250E+3	NaN	NaN
	13/12/2022 16:53:00	-46.268000E-3	1.120000E-9	511.000000E-12	4.996000E-9	491.300000E-9	352.360000E-3	204.000000E+0	-5.163000E+0	4.282250E+3	NaN	NaN
	13/12/2022 16:53:07	-48.685000E-3	1.120000E-9	510.000000E-12	4.996000E-9	491.300000E-9	352.370000E-3	204.000000E+0	-5.275000E+0	4.282250E+3	NaN	NaN
	13/12/2022 16:53:14	-46.515000E-3	1.120000E-9	510.000000E-12	4.996000E-9	491.300000E-9	352.400000E-3	204.000000E+0	-5.163000E+0	4.282474E+3	NaN	NaN
	13/12/2022 16:53:21	-46.417000E-3	1.120000E-9	510.000000E-12	4.996000E-9	490.700000E-9	352.370000E-3	204.000000E+0	-5.163000E+0	4.282474E+3	NaN	NaN
	13/12/2022 16:53:28	-46.638000E-3	1.120000E-9	511.000000E-12	4.996000E-9	490.100000E-9	352.390000E-3	204.000000E+0	-4.938000E+0	4.282587E+3	NaN	NaN
	13/12/2022 16:53:35	-46.170000E-3	1.120000E-9	511.000000E-12	4.996000E-9	491.300000E-9	352.390000E-3	204.000000E+0	-5.163000E+0	4.282587E+3	NaN	NaN
	13/12/2022 16:53:43	-47.132000E-3	1.120000E-9	511.000000E-12	4.996000E-9	490.700000E-9	352.390000E-3	204.000000E+0	-5.050000E+0	4.282699E+3	NaN	NaN
	13/12/2022 16:53:50	-50.461000E-3	1.120000E-9	511.000000E-12	4.996000E-9	490.700000E-9	352.390000E-3	204.000000E+0	-5.275000E+0	4.282699E+3	NaN	NaN
	13/12/2022 16:53:57	-46.885000E-3	1.120000E-9	510.000000E-12	4.996000E-9	491.300000E-9	352.380000E-3	204.000000E+0	-5.163000E+0	4.282811E+3	NaN	NaN
	13/12/2022 16:54:04	-46.712000E-3	1.120000E-9	510.000000E-12	4.996000E-9	490.700000E-9	352.400000E-3	204.000000E+0	-5.275000E+0	4.282699E+3	NaN	NaN
	13/12/2022 16:54:11	-45.925000E-3	1.110000E-9	509.000000E-12	4.996000E-9	490.700000E-9	352.390000E-3	204.000000E+0	-5.275000E+0	4.282811E+3	NaN	NaN
	13/12/2022 16:54:19	-46.712000E-3	1.110000E-9	510.000000E-12	4.996000E-9	490.700000E-9	352.380000E-3	204.000000E+0	-5.050000E+0	4.282923E+3	NaN	NaN
	13/12/2022 16:54:26	-47.180000E-3	1.110000E-9	510.000000E-12	4.996000E-9	491.300000E-9	352.400000E-3	204.000000E+0	-5.050000E+0	4.283036E+3	NaN	NaN
	13/12/2022 16:54:33	-47.058000E-3	1.120000E-9	507.000000E-12	4.996000E-9	490.700000E-9	352.400000E-3	204.000000E+0	-5.163000E+0	4.282923E+3	NaN	NaN
	13/12/2022 16:54:40	-46.122000E-3	1.100000E-9	501.000000E-12	4.996000E-9	490.700000E-9	352.380000E-3	204.000000E+0	-5.387000E+0	4.282811E+3	NaN	NaN
	13/12/2022 16:54:47	-46.417000E-3	1.090000E-9	500.000000E-12	4.996000E-9	490.700000E-9	352.400000E-3	204.000000E+0	-5.163000E+0	4.283036E+3	NaN	NaN
	13/12/2022 16:54:55	-46.566000E-3	1.090000E-9	500.000000E-12	4.996000E-9	490.700000E-9	352.390000E-3	204.000000E+0	-5.163000E+0	4.282923E+3	NaN	NaN
	13/12/2022 16:55:02	-46.468000E-3	1.090000E-9	500.000000E-12	4.996000E-9	490.700000E-9	352.380000E-3	204.000000E+0	-5.275000E+0	4.283036E+3	NaN	NaN
	13/12/2022 16:55:09	-46.861000E-3	1.090000E-9	500.000000E-12	4.996000E-9	490.700000E-9	352.400000E-3	204.000000E+0	-5.163000E+0	4.282923E+3	NaN	NaN
	13/12/2022 16:55:16	-46.688000E-3	1.090000E-9	501.000000E-12	4.996000E-9	492.400000E-9	352.390000E-3	204.000000E+0	-5.275000E+0	4.282699E+3	NaN	NaN
	13/12/2022 16:55:23	-46.071000E-3	1.100000E-9	501.000000E-12	4.996000E-9	493.100000E-9	352.400000E-3	204.000000E+0	-5.163000E+0	4.282587E+3	NaN	NaN
	13/12/2022 16:55:31	-46.837000E-3	1.090000E-9	500.000000E-12	4.996000E-9	492.400000E-9	352.390000E-3	204.000000E+0	-5.163000E+0	4.282699E+3	NaN	NaN
	13/12/2022 16:55:38	-46.688000E-3	1.090000E-9	499.000000E-12	4.996000E-9	491.300000E-9	352.390000E-3	204.000000E+0	-5.163000E+0	4.282587E+3	NaN	NaN
	13/12/2022 16:55:45	-46.244000E-3	1.090000E-9	498.000000E-12	4.996000E-9	491.300000E-9	352.390000E-3	204.000000E+0	-5.163000E+0	4.282699E+3	NaN	NaN
	13/12/2022 16:55:52	-46.763000E-3	1.100000E-9	499.000000E-12	4.996000E-9	491.300000E-9	352.400000E-3	204.000000E+0	-5.163000E+0	4.282811E+3	NaN	NaN
	13/12/2022 16:55:59	-46.861000E-3	1.090000E-9	499.000000E-12	4.996000E-9	490.700000E-9	352.390000E-3	204.000000E+0	-4.938000E+0	4.282923E+3	NaN	NaN
	13/12/2022 16:56:07	-46.515000E-3	1.080000E-9	500.000000E-12	4.996000E-9	490.700000E-9	352.390000E-3	204.000000E+0	-5.163000E+0	4.283148E+3	NaN	NaN
	13/12/2022 16:56:14	-50.583000E-3	1.090000E-9	500.000000E-12	4.996000E-9	490.700000E-9	352.400000E-3	204.000000E+0	-5.275000E+0	4.283148E+3	NaN	NaN
	13/12/2022 16:56:21	-46.095000E-3	1.090000E-9	499.000000E-12	4.996000E-9	490.700000E-9	352.400000E-3	204.000000E+0	-5.050000E+0	4.283036E+3	NaN	NaN
	13/12/2022 16:56:28	-46.909000E-3	1.080000E-9	499.000000E-12	4.996000E-9	490.100000E-9	352.400000E-3	204.000000E+0	-5.163000E+0	4.283260E+3	NaN	NaN
	13/12/2022 16:56:35	-46.638000E-3	1.090000E-9	500.000000E-12	4.996000E-9	490.700000E-9	352.400000E-3	204.000000E+0	-5.275000E+0	4.283148E+3	NaN	NaN
	13/12/2022 16:56:42	-47.231000E-3	1.090000E-9	499.000000E-12	4.996000E-9	490.700000E-9	352.400000E-3	204.000000E+0	-5.163000E+0	4.283372E+3	NaN	NaN
	13/12/2022 16:56:50	-46.122000E-3	1.090000E-9	499.000000E-12	4.996000E-9	490.700000E-9	352.390000E-3	203.000000E+0	-5.050000E+0	4.283372E+3	NaN	NaN
	13/12/2022 16:56:57	-46.763000E-3	1.090000E-9	499.000000E-12	4.996000E-9	491.300000E-9	352.400000E-3	204.000000E+0	-5.163000E+0	4.283485E+3	NaN	NaN
	13/12/2022 16:57:04	-46.688000E-3	1.090000E-9	498.000000E-12	4.996000E-9	491.300000E-9	352.400000E-3	204.000000E+0	-5.163000E+0	4.283485E+3	NaN	NaN
	13/12/2022 16:57:11	-46.739000E-3	1.090000E-9	498.000000E-12	4.996000E-9	491.300000E-9	352.400000E-3	204.000000E+0	-5.050000E+0	4.283597E+3	NaN	NaN
	13/12/2022 16:57:18	-47.010000E-3	1.080000E-9	499.000000E-12	4.996000E-9	490.700000E-9	352.380000E-3	204.000000E+0	-5.275000E+0	4.283597E+3	NaN	NaN
	13/12/2022 16:57:26	-46.566000E-3	1.090000E-9	499.000000E-12	4.996000E-9	491.300000E-9	352.390000E-3	204.000000E+0	-5.275000E+0	4.283821E+3	NaN	NaN
	13/12/2022 16:57:33	-46.095000E-3	1.090000E-9	499.000000E-12	4.996000E-9	491.300000E-9	352.390000E-3	203.000000E+0	-5.050000E+0	4.283597E+3	NaN	NaN
	13/12/2022 16:57:40	-46.566000E-3	1.080000E-9	499.000000E-12	4.996000E-9	491.900000E-9	352.400000E-3	203.000000E+0	-5.163000E+0	4.283597E+3	NaN	NaN
	13/12/2022 16:57:47	-46.268000E-3	1.090000E-9	498.000000E-12	4.996000E-9	491.900000E-9	352.400000E-3	203.000000E+0	-5.163000E+0	4.283260E+3	NaN	NaN
	13/12/2022 16:57:54	-46.122000E-3	1.090000E-9	499.000000E-12	4.996000E-9	491.900000E-9	352.400000E-3	203.000000E+0	-5.275000E+0	4.283372E+3	NaN	NaN
	13/12/2022 16:58:01	-46.417000E-3	1.080000E-9	499.000000E-12	4.996000E-9	491.900000E-9	352.390000E-3	204.000000E+0	-5.163000E+0	4.283597E+3	NaN	NaN
	13/12/2022 16:58:09	-47.082000E-3	1.080000E-9	497.000000E-12	4.996000E-9	491.300000E-9	352.400000E-3	204.000000E+0	-5.050000E+0	4.283597E+3	NaN	NaN
	13/12/2022 16:58:16	-46.268000E-3	1.080000E-9	498.000000E-12	4.996000E-9	491.900000E-9	352.390000E-3	203.000000E+0	-5.275000E+0	4.283485E+3	NaN	NaN
	13/12/2022 16:58:23	-46.664000E-3	1.090000E-9	498.000000E-12	4.996000E-9	491.900000E-9	352.390000E-3	204.000000E+0	-5.163000E+0	4.283485E+3	NaN	NaN
	13/12/2022 16:58:30	-46.983000E-3	1.090000E-9	497.000000E-12	4.996000E-9	491.900000E-9	352.390000E-3	203.000000E+0	-5.163000E+0	4.283485E+3	NaN	NaN
	13/12/2022 16:58:37	-46.539000E-3	1.080000E-9	497.000000E-12	4.996000E-9	491.300000E-9	352.400000E-3	203.000000E+0	-5.050000E+0	4.283597E+3	NaN	NaN
	13/12/2022 16:58:45	-46.861000E-3	1.080000E-9	496.000000E-12	4.996000E-9	491.900000E-9	352.400000E-3	203.000000E+0	-5.275000E+0	4.283485E+3	NaN	NaN
	13/12/2022 16:58:52	-46.539000E-3	1.080000E-9	497.000000E-12	4.996000E-9	491.900000E-9	352.390000E-3	203.000000E+0	-5.275000E+0	4.283485E+3	NaN	NaN
	13/12/2022 16:58:59	-46.417000E-3	1.080000E-9	496.000000E-12	4.996000E-9	491.900000E-9	352.400000E-3	203.000000E+0	-5.275000E+0	4.283372E+3	NaN	NaN
	13/12/2022 16:59:06	-46.343000E-3	1.090000E-9	495.000000E-12	4.996000E-9	491.900000E-9	352.400000E-3	203.000000E+0	-5.275000E+0	4.283372E+3	NaN	NaN
	13/12/2022 16:59:13	-46.220000E-3	1.090000E-9	494.000000E-12	4.996000E-9	491.900000E-9	352.410000E-3	203.000000E+0	-5.163000E+0	4.283260E+3	NaN	NaN
	13/12/2022 16:59:21	-46.366000E-3	1.080000E-9	496.000000E-12	4.996000E-9	491.300000E-9	352.390000E-3	203.000000E+0	-5.275000E+0	4.283260E+3	NaN	NaN
	13/12/2022 16:59:28	-46.492000E-3	1.080000E-9	494.000000E-12	4.996000E-9	491.900000E-9	352.400000E-3	203.000000E+0	-5.275000E+0	4.283485E+3	NaN	NaN
	13/12/2022 16:59:35	-46.417000E-3	1.080000E-9	494.000000E-12	4.996000E-9	491.900000E-9	352.400000E-3	203.000000E+0	-5.163000E+0	4.283485E+3	NaN	NaN
	13/12/2022 16:59:42	-46.441000E-3	1.080000E-9	494.000000E-12	4.996000E-9	491.900000E-9	352.420000E-3	203.000000E+0	-5.275000E+0	4.283372E+3	NaN	NaN
	13/12/2022 16:59:49	-46.197000E-3	1.100000E-9	508.000000E-12	4.996000E-9	491.900000E-9	352.400000E-3	203.000000E+0	-5.163000E+0	4.283372E+3	NaN	NaN
	13/12/2022 16:59:56	-46.024000E-3	1.110000E-9	507.000000E-12	4.996000E-9	491.900000E-9	352.400000E-3	203.000000E+0	-5.163000E+0	4.283485E+3	NaN	NaN
	13/12/2022 17:00:04	-46.366000E-3	1.100000E-9	504.000000E-12	4.996000E-9	491.900000E-9	352.400000E-3	203.000000E+0	-5.163000E+0	4.283372E+3	NaN	NaN
	13/12/2022 17:00:11	-46.566000E-3	1.100000E-9	504.000000E-12	4.996000E-9	491.900000E-9	352.390000E-3	203.000000E+0	-5.275000E+0	4.283372E+3	NaN	NaN
	13/12/2022 17:00:18	-46.492000E-3	1.100000E-9	504.000000E-12	4.996000E-9	491.900000E-9	352.420000E-3	203.000000E+0	-5.050000E+0	4.283485E+3	NaN	NaN
	13/12/2022 17:00:25	-46.515000E-3	1.110000E-9	504.000000E-12	4.996000E-9	491.300000E-9	352.400000E-3	203.000000E+0	-5.050000E+0	4.283485E+3	NaN	NaN
	13/12/2022 17:00:32	-46.739000E-3	1.100000E-9	503.000000E-12	4.996000E-9	491.900000E-9	352.400000E-3	203.000000E+0	-4.938000E+0	4.283597E+3	NaN	NaN
	13/12/2022 17:00:40	-46.837000E-3	1.100000E-9	503.000000E-12	4.996000E-9	491.900000E-9	352.400000E-3	203.000000E+0	-5.275000E+0	4.283597E+3	NaN	NaN
	13/12/2022 17:00:47	-47.082000E-3	1.110000E-9	503.000000E-12	4.996000E-9	491.300000E-9	352.400000E-3	203.000000E+0	-5.275000E+0	4.283485E+3	NaN	NaN
	13/12/2022 17:00:54	-46.664000E-3	1.100000E-9	503.000000E-12	4.996000E-9	491.900000E-9	352.400000E-3	203.000000E+0	-5.163000E+0	4.283485E+3	NaN	NaN
	13/12/2022 17:01:01	-46.268000E-3	1.100000E-9	504.000000E-12	4.996000E-9	491.900000E-9	352.400000E-3	203.000000E+0	-5.275000E+0	4.283485E+3	NaN	NaN
	13/12/2022 17:01:08	-47.946000E-3	1.100000E-9	503.000000E-12	4.996000E-9	491.900000E-9	352.400000E-3	203.000000E+0	-5.275000E+0	4.283485E+3	NaN	NaN
	13/12/2022 17:01:15	-46.885000E-3	1.100000E-9	503.000000E-12	4.996000E-9	491.900000E-9	352.400000E-3	203.000000E+0	-5.275000E+0	4.283597E+3	NaN	NaN
	13/12/2022 17:01:23	-46.614000E-3	1.100000E-9	504.000000E-12	4.996000E-9	491.900000E-9	352.400000E-3	203.000000E+0	-5.275000E+0	4.283709E+3	NaN	NaN
	13/12/2022 17:01:30	-48.736000E-3	1.100000E-9	504.000000E-12	4.996000E-9	491.900000E-9	352.380000E-3	203.000000E+0	-5.050000E+0	4.283821E+3	NaN	NaN
	13/12/2022 17:01:37	-46.539000E-3	1.100000E-9	505.000000E-12	4.996000E-9	491.900000E-9	352.400000E-3	203.000000E+0	-5.275000E+0	4.283933E+3	NaN	NaN
	13/12/2022 17:01:44	-46.295000E-3	1.100000E-9	504.000000E-12	4.996000E-9	491.300000E-9	352.400000E-3	203.000000E+0	-5.275000E+0	4.283933E+3	NaN	NaN
	13/12/2022 17:01:51	-46.763000E-3	1.100000E-9	504.000000E-12	4.996000E-9	491.900000E-9	352.400000E-3	203.000000E+0	-5.163000E+0	4.284046E+3	NaN	NaN
	13/12/2022 17:01:59	-46.268000E-3	1.100000E-9	503.000000E-12	4.996000E-9	491.300000E-9	352.400000E-3	203.000000E+0	-5.275000E+0	4.283709E+3	NaN	NaN
	13/12/2022 17:02:06	-47.058000E-3	1.100000E-9	503.000000E-12	4.996000E-9	491.900000E-9	352.390000E-3	203.000000E+0	-5.163000E+0	4.284046E+3	NaN	NaN
	13/12/2022 17:02:13	-47.034000E-3	1.100000E-9	503.000000E-12	4.996000E-9	491.900000E-9	352.390000E-3	203.000000E+0	-5.275000E+0	4.283821E+3	NaN	NaN
	13/12/2022 17:02:20	-45.851000E-3	1.100000E-9	503.000000E-12	4.996000E-9	491.300000E-9	352.390000E-3	203.000000E+0	-5.275000E+0	4.283933E+3	NaN	NaN
	13/12/2022 17:02:27	-46.295000E-3	1.090000E-9	502.000000E-12	4.996000E-9	491.900000E-9	352.400000E-3	203.000000E+0	-5.275000E+0	4.284046E+3	NaN	NaN
	13/12/2022 17:02:35	-46.664000E-3	1.100000E-9	502.000000E-12	4.996000E-9	491.300000E-9	352.390000E-3	203.000000E+0	-5.275000E+0	4.284158E+3	NaN	NaN
	13/12/2022 17:02:42	-46.688000E-3	1.100000E-9	503.000000E-12	4.996000E-9	491.300000E-9	352.390000E-3	203.000000E+0	-5.163000E+0	4.284046E+3	NaN	NaN
	13/12/2022 17:02:49	-48.563000E-3	1.100000E-9	503.000000E-12	4.996000E-9	491.900000E-9	352.400000E-3	203.000000E+0	-5.163000E+0	4.284270E+3	NaN	NaN
	13/12/2022 17:02:56	-46.220000E-3	1.100000E-9	502.000000E-12	4.996000E-9	491.900000E-9	352.390000E-3	203.000000E+0	-5.163000E+0	4.284046E+3	NaN	NaN
	13/12/2022 17:03:03	-46.295000E-3	1.100000E-9	501.000000E-12	4.996000E-9	491.900000E-9	352.390000E-3	203.000000E+0	-5.275000E+0	4.284046E+3	NaN	NaN
	13/12/2022 17:03:11	-46.492000E-3	1.090000E-9	502.000000E-12	4.996000E-9	491.900000E-9	352.400000E-3	203.000000E+0	-5.163000E+0	4.284158E+3	NaN	NaN
	13/12/2022 17:03:18	-46.220000E-3	1.090000E-9	502.000000E-12	4.996000E-9	548.600000E-9	352.400000E-3	203.000000E+0	-5.275000E+0	4.284270E+3	NaN	NaN
	13/12/2022 17:03:25	-46.515000E-3	1.100000E-9	502.000000E-12	4.996000E-9	509.300000E-9	352.400000E-3	203.000000E+0	-5.163000E+0	4.284270E+3	NaN	NaN
	13/12/2022 17:03:32	-46.638000E-3	1.100000E-9	502.000000E-12	4.996000E-9	500.200000E-9	352.390000E-3	202.000000E+0	-5.275000E+0	4.284270E+3	NaN	NaN
	13/12/2022 17:03:39	-46.492000E-3	1.100000E-9	501.000000E-12	4.996000E-9	496.600000E-9	352.400000E-3	203.000000E+0	-5.275000E+0	4.284495E+3	NaN	NaN
	13/12/2022 17:03:46	-46.244000E-3	1.100000E-9	501.000000E-12	4.996000E-9	494.800000E-9	352.400000E-3	202.000000E+0	-5.163000E+0	4.284382E+3	NaN	NaN
	13/12/2022 17:03:54	-46.343000E-3	1.090000E-9	502.000000E-12	4.996000E-9	494.200000E-9	352.400000E-3	202.000000E+0	-5.387000E+0	4.284495E+3	NaN	NaN
	13/12/2022 17:04:01	-46.417000E-3	1.090000E-9	502.000000E-12	4.996000E-9	493.600000E-9	352.400000E-3	202.000000E+0	-5.163000E+0	4.284495E+3	NaN	NaN
	13/12/2022 17:04:08	-46.268000E-3	1.090000E-9	501.000000E-12	4.996000E-9	494.200000E-9	352.400000E-3	203.000000E+0	-5.163000E+0	4.284382E+3	NaN	NaN
	13/12/2022 17:04:15	-46.441000E-3	1.090000E-9	502.000000E-12	4.996000E-9	493.600000E-9	352.400000E-3	202.000000E+0	-5.275000E+0	4.284382E+3	NaN	NaN
	13/12/2022 17:04:22	-50.953000E-3	1.090000E-9	501.000000E-12	4.996000E-9	493.100000E-9	352.400000E-3	202.000000E+0	-5.163000E+0	4.284495E+3	NaN	NaN
	13/12/2022 17:04:30	-46.539000E-3	1.100000E-9	501.000000E-12	4.996000E-9	493.100000E-9	352.400000E-3	203.000000E+0	-5.163000E+0	4.284382E+3	NaN	NaN
	13/12/2022 17:04:37	-45.529000E-3	1.100000E-9	502.000000E-12	4.996000E-9	493.100000E-9	352.400000E-3	202.000000E+0	-5.275000E+0	4.284495E+3	NaN	NaN
	13/12/2022 17:04:44	-46.664000E-3	1.090000E-9	502.000000E-12	4.996000E-9	492.400000E-9	352.380000E-3	202.000000E+0	-5.163000E+0	4.284495E+3	NaN	NaN
	13/12/2022 17:04:51	-46.343000E-3	1.090000E-9	502.000000E-12	4.996000E-9	492.400000E-9	352.390000E-3	202.000000E+0	-5.163000E+0	4.284607E+3	NaN	NaN
	13/12/2022 17:04:58	-46.417000E-3	1.090000E-9	502.000000E-12	4.996000E-9	492.400000E-9	352.390000E-3	202.000000E+0	-5.275000E+0	4.284719E+3	NaN	NaN
	13/12/2022 17:05:06	-46.170000E-3	1.100000E-9	501.000000E-12	4.996000E-9	493.100000E-9	352.390000E-3	202.000000E+0	-5.275000E+0	4.284719E+3	NaN	NaN
	13/12/2022 17:05:13	-46.122000E-3	1.090000E-9	500.000000E-12	4.996000E-9	492.400000E-9	352.400000E-3	202.000000E+0	-5.163000E+0	4.284607E+3	NaN	NaN
	13/12/2022 17:05:20	-46.712000E-3	1.090000E-9	501.000000E-12	4.996000E-9	492.400000E-9	352.410000E-3	202.000000E+0	-5.275000E+0	4.284719E+3	NaN	NaN
	13/12/2022 17:05:27	-46.614000E-3	1.090000E-9	502.000000E-12	4.996000E-9	492.400000E-9	352.410000E-3	202.000000E+0	-5.275000E+0	4.284831E+3	NaN	NaN
	13/12/2022 17:05:34	-46.638000E-3	1.090000E-9	501.000000E-12	4.996000E-9	493.100000E-9	352.400000E-3	202.000000E+0	-5.050000E+0	4.284719E+3	NaN	NaN
	13/12/2022 17:05:42	-46.811000E-3	1.090000E-9	501.000000E-12	4.996000E-9	492.400000E-9	352.400000E-3	202.000000E+0	-5.275000E+0	4.284944E+3	NaN	NaN
	13/12/2022 17:05:49	-46.343000E-3	1.100000E-9	500.000000E-12	4.996000E-9	492.400000E-9	352.390000E-3	202.000000E+0	-5.275000E+0	4.284944E+3	NaN	NaN
	13/12/2022 17:05:56	-45.997000E-3	1.090000E-9	501.000000E-12	4.996000E-9	492.400000E-9	352.410000E-3	202.000000E+0	-5.275000E+0	4.284944E+3	NaN	NaN
	13/12/2022 17:06:03	-46.170000E-3	1.090000E-9	501.000000E-12	4.996000E-9	493.100000E-9	352.400000E-3	202.000000E+0	-5.050000E+0	4.284944E+3	NaN	NaN
	13/12/2022 17:06:10	-49.031000E-3	1.090000E-9	502.000000E-12	4.996000E-9	492.400000E-9	352.400000E-3	202.000000E+0	-5.275000E+0	4.284944E+3	NaN	NaN
	13/12/2022 17:06:17	-46.319000E-3	1.090000E-9	501.000000E-12	4.996000E-9	493.100000E-9	352.400000E-3	202.000000E+0	-5.163000E+0	4.284831E+3	NaN	NaN
	13/12/2022 17:06:25	-46.122000E-3	1.100000E-9	501.000000E-12	4.996000E-9	493.600000E-9	352.400000E-3	202.000000E+0	-5.163000E+0	4.284831E+3	NaN	NaN
	13/12/2022 17:06:32	-46.566000E-3	1.090000E-9	501.000000E-12	4.996000E-9	493.100000E-9	352.400000E-3	202.000000E+0	-5.163000E+0	4.284944E+3	NaN	NaN
	13/12/2022 17:06:39	-46.837000E-3	1.090000E-9	501.000000E-12	4.996000E-9	492.400000E-9	352.400000E-3	202.000000E+0	-5.163000E+0	4.284831E+3	NaN	NaN
	13/12/2022 17:06:46	-47.797000E-3	1.090000E-9	501.000000E-12	4.996000E-9	493.100000E-9	352.410000E-3	202.000000E+0	-5.387000E+0	4.284944E+3	NaN	NaN
	13/12/2022 17:06:53	-46.268000E-3	1.090000E-9	500.000000E-12	4.996000E-9	493.100000E-9	352.400000E-3	202.000000E+0	-5.163000E+0	4.284944E+3	NaN	NaN
	13/12/2022 17:07:01	-46.295000E-3	1.100000E-9	500.000000E-12	4.996000E-9	493.600000E-9	352.410000E-3	202.000000E+0	-5.275000E+0	4.285168E+3	NaN	NaN
	13/12/2022 17:07:08	-46.515000E-3	1.090000E-9	500.000000E-12	4.996000E-9	493.100000E-9	352.420000E-3	202.000000E+0	-5.163000E+0	4.285056E+3	NaN	NaN
	13/12/2022 17:07:15	-46.837000E-3	1.090000E-9	499.000000E-12	4.996000E-9	493.100000E-9	352.400000E-3	202.000000E+0	-5.163000E+0	4.284944E+3	NaN	NaN
	13/12/2022 17:07:22	-46.539000E-3	1.090000E-9	501.000000E-12	4.996000E-9	493.100000E-9	352.400000E-3	202.000000E+0	-5.163000E+0	4.285056E+3	NaN	NaN
	13/12/2022 17:07:29	-46.763000E-3	1.090000E-9	499.000000E-12	4.996000E-9	493.100000E-9	352.400000E-3	202.000000E+0	-5.163000E+0	4.285168E+3	NaN	NaN
	13/12/2022 17:07:36	-46.539000E-3	1.090000E-9	500.000000E-12	4.996000E-9	493.100000E-9	352.420000E-3	202.000000E+0	-5.050000E+0	4.285168E+3	NaN	NaN
	13/12/2022 17:07:44	-46.048000E-3	1.090000E-9	500.000000E-12	4.996000E-9	493.100000E-9	352.400000E-3	202.000000E+0	-5.499000E+0	4.284944E+3	NaN	NaN
	13/12/2022 17:07:51	-46.614000E-3	1.090000E-9	500.000000E-12	4.996000E-9	493.600000E-9	352.410000E-3	202.000000E+0	-5.275000E+0	4.285056E+3	NaN	NaN
	13/12/2022 17:07:58	-46.566000E-3	1.090000E-9	500.000000E-12	4.996000E-9	493.600000E-9	352.410000E-3	202.000000E+0	-5.163000E+0	4.285056E+3	NaN	NaN
	13/12/2022 17:08:05	-45.851000E-3	1.090000E-9	501.000000E-12	4.996000E-9	493.600000E-9	352.440000E-3	202.000000E+0	-5.275000E+0	4.285056E+3	NaN	NaN
	13/12/2022 17:08:12	-46.983000E-3	1.090000E-9	501.000000E-12	4.996000E-9	493.600000E-9	352.410000E-3	202.000000E+0	-5.275000E+0	4.285056E+3	NaN	NaN
	13/12/2022 17:08:19	-45.654000E-3	1.090000E-9	501.000000E-12	4.996000E-9	493.100000E-9	352.400000E-3	202.000000E+0	-5.275000E+0	4.285056E+3	NaN	NaN
	13/12/2022 17:08:27	-46.146000E-3	1.090000E-9	501.000000E-12	4.996000E-9	492.400000E-9	352.410000E-3	202.000000E+0	-5.275000E+0	4.285168E+3	NaN	NaN
	13/12/2022 17:08:34	-46.614000E-3	1.090000E-9	500.000000E-12	4.996000E-9	492.400000E-9	352.420000E-3	202.000000E+0	-5.163000E+0	4.285505E+3	NaN	NaN
	13/12/2022 17:08:41	-45.973000E-3	1.080000E-9	499.000000E-12	4.996000E-9	492.400000E-9	352.400000E-3	201.000000E+0	-5.163000E+0	4.285168E+3	NaN	NaN
	13/12/2022 17:08:48	-46.244000E-3	1.080000E-9	494.000000E-12	4.996000E-9	493.100000E-9	352.410000E-3	202.000000E+0	-4.938000E+0	4.285505E+3	NaN	NaN
	13/12/2022 17:08:55	-46.590000E-3	1.080000E-9	493.000000E-12	4.996000E-9	493.100000E-9	352.410000E-3	201.000000E+0	-5.163000E+0	4.285392E+3	NaN	NaN
	13/12/2022 17:09:03	-47.281000E-3	1.070000E-9	493.000000E-12	4.996000E-9	493.100000E-9	352.410000E-3	202.000000E+0	-5.387000E+0	4.285505E+3	NaN	NaN
	13/12/2022 17:09:10	-46.712000E-3	1.070000E-9	492.000000E-12	4.996000E-9	492.400000E-9	352.400000E-3	202.000000E+0	-5.163000E+0	4.285617E+3	NaN	NaN
	13/12/2022 17:09:17	-46.393000E-3	1.080000E-9	492.000000E-12	4.996000E-9	493.100000E-9	352.400000E-3	201.000000E+0	-5.050000E+0	4.285392E+3	NaN	NaN
	13/12/2022 17:09:24	-47.329000E-3	1.060000E-9	492.000000E-12	4.996000E-9	493.100000E-9	352.430000E-3	202.000000E+0	-5.050000E+0	4.285617E+3	NaN	NaN
	13/12/2022 17:09:31	-46.983000E-3	1.070000E-9	492.000000E-12	4.996000E-9	494.200000E-9	352.430000E-3	201.000000E+0	-5.387000E+0	4.285505E+3	NaN	NaN
	13/12/2022 17:09:39	-46.366000E-3	1.070000E-9	491.000000E-12	4.996000E-9	494.800000E-9	352.430000E-3	201.000000E+0	-5.050000E+0	4.285280E+3	NaN	NaN
	13/12/2022 17:09:46	-46.492000E-3	1.070000E-9	491.000000E-12	4.996000E-9	494.200000E-9	352.440000E-3	201.000000E+0	-5.275000E+0	4.285280E+3	NaN	NaN
	13/12/2022 17:09:53	-46.343000E-3	1.070000E-9	492.000000E-12	4.996000E-9	493.600000E-9	352.420000E-3	201.000000E+0	-5.275000E+0	4.285392E+3	NaN	NaN
	13/12/2022 17:10:00	-46.417000E-3	1.070000E-9	492.000000E-12	4.996000E-9	493.600000E-9	352.430000E-3	201.000000E+0	-5.275000E+0	4.285617E+3	NaN	NaN
	13/12/2022 17:10:07	-46.366000E-3	1.070000E-9	492.000000E-12	4.996000E-9	493.100000E-9	352.410000E-3	201.000000E+0	-5.163000E+0	4.285505E+3	NaN	NaN
	13/12/2022 17:10:14	-49.621000E-3	1.070000E-9	492.000000E-12	4.996000E-9	493.100000E-9	352.420000E-3	201.000000E+0	-5.275000E+0	4.285505E+3	NaN	NaN
	13/12/2022 17:10:22	-46.319000E-3	1.070000E-9	491.000000E-12	4.996000E-9	493.600000E-9	352.420000E-3	201.000000E+0	-5.275000E+0	4.285729E+3	NaN	NaN
	13/12/2022 17:10:29	-46.268000E-3	1.070000E-9	491.000000E-12	4.996000E-9	493.600000E-9	352.430000E-3	201.000000E+0	-5.163000E+0	4.285617E+3	NaN	NaN
	13/12/2022 17:10:36	-46.566000E-3	1.070000E-9	492.000000E-12	4.996000E-9	493.100000E-9	352.440000E-3	201.000000E+0	-5.163000E+0	4.285954E+3	NaN	NaN
	13/12/2022 17:10:43	-46.468000E-3	1.060000E-9	492.000000E-12	4.996000E-9	493.600000E-9	352.400000E-3	201.000000E+0	-5.275000E+0	4.285841E+3	NaN	NaN
	13/12/2022 17:10:50	-47.526000E-3	1.070000E-9	492.000000E-12	4.996000E-9	493.600000E-9	352.420000E-3	201.000000E+0	-5.163000E+0	4.285841E+3	NaN	NaN
	13/12/2022 17:10:58	-46.739000E-3	1.070000E-9	492.000000E-12	4.996000E-9	493.600000E-9	352.430000E-3	201.000000E+0	-5.163000E+0	4.285729E+3	NaN	NaN
	13/12/2022 17:11:05	-46.295000E-3	1.060000E-9	491.000000E-12	4.996000E-9	493.100000E-9	352.430000E-3	201.000000E+0	-5.163000E+0	4.285954E+3	NaN	NaN
	13/12/2022 17:11:12	-46.936000E-3	1.070000E-9	491.000000E-12	4.996000E-9	493.100000E-9	352.430000E-3	201.000000E+0	-5.050000E+0	4.286066E+3	NaN	NaN
	13/12/2022 17:11:19	-46.811000E-3	1.070000E-9	491.000000E-12	4.996000E-9	493.600000E-9	352.430000E-3	201.000000E+0	-5.163000E+0	4.286066E+3	NaN	NaN
	13/12/2022 17:11:26	-50.658000E-3	1.070000E-9	490.000000E-12	4.996000E-9	493.600000E-9	352.410000E-3	201.000000E+0	-5.275000E+0	4.285954E+3	NaN	NaN
	13/12/2022 17:11:33	-46.885000E-3	1.070000E-9	491.000000E-12	4.996000E-9	494.200000E-9	352.400000E-3	201.000000E+0	-5.163000E+0	4.286178E+3	NaN	NaN
	13/12/2022 17:11:41	-46.811000E-3	1.070000E-9	490.000000E-12	4.996000E-9	494.200000E-9	352.430000E-3	201.000000E+0	-5.275000E+0	4.286290E+3	NaN	NaN
	13/12/2022 17:11:48	-50.756000E-3	1.070000E-9	491.000000E-12	4.996000E-9	493.600000E-9	352.410000E-3	201.000000E+0	-5.050000E+0	4.286178E+3	NaN	NaN
	13/12/2022 17:11:55	-46.763000E-3	1.070000E-9	491.000000E-12	4.996000E-9	493.600000E-9	352.440000E-3	201.000000E+0	-5.275000E+0	4.286066E+3	NaN	NaN
	13/12/2022 17:12:02	-46.763000E-3	1.060000E-9	492.000000E-12	4.996000E-9	493.600000E-9	352.420000E-3	201.000000E+0	-5.163000E+0	4.286178E+3	NaN	NaN
	13/12/2022 17:12:09	-46.664000E-3	1.070000E-9	491.000000E-12	4.996000E-9	493.600000E-9	352.400000E-3	201.000000E+0	-5.275000E+0	4.286178E+3	NaN	NaN
	13/12/2022 17:12:17	-46.638000E-3	1.070000E-9	491.000000E-12	4.996000E-9	493.600000E-9	352.410000E-3	201.000000E+0	-5.387000E+0	4.286290E+3	NaN	NaN
	13/12/2022 17:12:24	-49.919000E-3	1.060000E-9	491.000000E-12	4.996000E-9	493.600000E-9	352.440000E-3	201.000000E+0	-5.163000E+0	4.286178E+3	NaN	NaN
	13/12/2022 17:12:31	-46.319000E-3	1.060000E-9	491.000000E-12	4.996000E-9	493.600000E-9	352.420000E-3	201.000000E+0	-5.163000E+0	4.286290E+3	NaN	NaN
	13/12/2022 17:12:38	-46.739000E-3	1.070000E-9	491.000000E-12	4.996000E-9	493.600000E-9	352.430000E-3	201.000000E+0	-5.163000E+0	4.286290E+3	NaN	NaN
	13/12/2022 17:12:45	-47.010000E-3	1.060000E-9	492.000000E-12	4.996000E-9	495.400000E-9	352.410000E-3	201.000000E+0	-5.163000E+0	4.285841E+3	NaN	NaN
	13/12/2022 17:12:53	-46.366000E-3	1.060000E-9	491.000000E-12	4.996000E-9	495.400000E-9	352.420000E-3	201.000000E+0	-5.275000E+0	4.285505E+3	NaN	NaN
	13/12/2022 17:13:00	-46.146000E-3	1.070000E-9	490.000000E-12	4.996000E-9	494.800000E-9	352.440000E-3	201.000000E+0	-5.275000E+0	4.285617E+3	NaN	NaN
	13/12/2022 17:13:07	-48.265000E-3	1.060000E-9	489.000000E-12	4.996000E-9	494.200000E-9	352.440000E-3	201.000000E+0	-5.275000E+0	4.285729E+3	NaN	NaN
	13/12/2022 17:13:14	-46.590000E-3	1.060000E-9	490.000000E-12	4.996000E-9	493.100000E-9	352.420000E-3	201.000000E+0	-5.275000E+0	4.285841E+3	NaN	NaN
	13/12/2022 17:13:21	-46.837000E-3	1.060000E-9	489.000000E-12	4.996000E-9	493.600000E-9	352.430000E-3	201.000000E+0	-5.275000E+0	4.285954E+3	NaN	NaN
	13/12/2022 17:13:28	-46.638000E-3	1.060000E-9	489.000000E-12	4.996000E-9	493.100000E-9	352.430000E-3	201.000000E+0	-5.163000E+0	4.285954E+3	NaN	NaN
	13/12/2022 17:13:36	-46.468000E-3	1.070000E-9	490.000000E-12	4.996000E-9	493.100000E-9	352.420000E-3	201.000000E+0	-5.163000E+0	4.285954E+3	NaN	NaN
	13/12/2022 17:13:43	-46.936000E-3	1.060000E-9	491.000000E-12	4.996000E-9	492.400000E-9	352.430000E-3	201.000000E+0	-5.275000E+0	4.286178E+3	NaN	NaN
	13/12/2022 17:13:50	-46.638000E-3	1.060000E-9	491.000000E-12	4.996000E-9	493.100000E-9	352.410000E-3	201.000000E+0	-5.163000E+0	4.286066E+3	NaN	NaN
	13/12/2022 17:13:57	-46.811000E-3	1.060000E-9	491.000000E-12	4.996000E-9	493.100000E-9	352.430000E-3	201.000000E+0	-5.275000E+0	4.286290E+3	NaN	NaN
	13/12/2022 17:14:04	-46.468000E-3	1.070000E-9	490.000000E-12	4.996000E-9	492.400000E-9	352.430000E-3	201.000000E+0	-5.275000E+0	4.286290E+3	NaN	NaN
	13/12/2022 17:14:12	-46.539000E-3	1.060000E-9	489.000000E-12	4.996000E-9	493.100000E-9	352.430000E-3	201.000000E+0	-5.163000E+0	4.286290E+3	NaN	NaN
	13/12/2022 17:14:19	-50.560000E-3	1.060000E-9	489.000000E-12	4.996000E-9	493.100000E-9	352.430000E-3	201.000000E+0	-5.163000E+0	4.286515E+3	NaN	NaN
	13/12/2022 17:14:26	-45.875000E-3	1.060000E-9	489.000000E-12	4.996000E-9	493.100000E-9	352.430000E-3	200.000000E+0	-5.387000E+0	4.286515E+3	NaN	NaN
	13/12/2022 17:14:33	-46.417000E-3	1.060000E-9	489.000000E-12	4.996000E-9	493.600000E-9	352.440000E-3	201.000000E+0	-5.163000E+0	4.286515E+3	NaN	NaN
	13/12/2022 17:14:40	-46.688000E-3	1.060000E-9	490.000000E-12	4.996000E-9	493.600000E-9	352.430000E-3	200.000000E+0	-5.163000E+0	4.286739E+3	NaN	NaN
	13/12/2022 17:14:47	-46.566000E-3	1.060000E-9	490.000000E-12	4.996000E-9	493.600000E-9	352.440000E-3	201.000000E+0	-5.275000E+0	4.286739E+3	NaN	NaN
	13/12/2022 17:14:55	-50.732000E-3	1.060000E-9	490.000000E-12	4.996000E-9	493.600000E-9	352.440000E-3	201.000000E+0	-5.275000E+0	4.286627E+3	NaN	NaN
	13/12/2022 17:15:02	-46.441000E-3	1.070000E-9	490.000000E-12	4.996000E-9	494.200000E-9	352.440000E-3	200.000000E+0	-5.050000E+0	4.286739E+3	NaN	NaN
	13/12/2022 17:15:09	-46.614000E-3	1.060000E-9	490.000000E-12	4.996000E-9	493.600000E-9	352.440000E-3	201.000000E+0	-5.050000E+0	4.286515E+3	NaN	NaN
	13/12/2022 17:15:16	-46.638000E-3	2.210000E-9	1.500000E-9	4.996000E-9	494.200000E-9	352.430000E-3	200.000000E+0	-5.275000E+0	4.286515E+3	NaN	NaN
	13/12/2022 17:15:23	-46.170000E-3	1.170000E-9	673.000000E-12	4.996000E-9	494.200000E-9	352.440000E-3	200.000000E+0	-5.275000E+0	4.286739E+3	NaN	NaN
	13/12/2022 17:15:31	-46.566000E-3	1.120000E-9	602.000000E-12	4.996000E-9	494.200000E-9	352.440000E-3	201.000000E+0	-5.163000E+0	4.286739E+3	NaN	NaN
	13/12/2022 17:15:38	-46.590000E-3	1.120000E-9	571.000000E-12	4.996000E-9	494.200000E-9	352.440000E-3	200.000000E+0	-5.163000E+0	4.286739E+3	NaN	NaN
	13/12/2022 17:15:45	-46.071000E-3	1.100000E-9	562.000000E-12	4.996000E-9	494.200000E-9	352.440000E-3	200.000000E+0	-5.275000E+0	4.286515E+3	NaN	NaN
	13/12/2022 17:15:52	-47.478000E-3	1.100000E-9	552.000000E-12	4.996000E-9	494.200000E-9	352.430000E-3	200.000000E+0	-5.163000E+0	4.286515E+3	NaN	NaN
	13/12/2022 17:15:59	-46.638000E-3	1.090000E-9	545.000000E-12	4.996000E-9	493.600000E-9	352.430000E-3	200.000000E+0	-5.275000E+0	4.286627E+3	NaN	NaN
	13/12/2022 17:16:07	-46.712000E-3	1.090000E-9	539.000000E-12	4.996000E-9	494.200000E-9	352.440000E-3	200.000000E+0	-5.163000E+0	4.286515E+3	NaN	NaN
	13/12/2022 17:16:14	-46.638000E-3	1.090000E-9	536.000000E-12	4.996000E-9	494.200000E-9	352.430000E-3	200.000000E+0	-5.387000E+0	4.286627E+3	NaN	NaN
	13/12/2022 17:16:21	-46.295000E-3	1.080000E-9	532.000000E-12	4.996000E-9	493.600000E-9	352.430000E-3	200.000000E+0	-5.163000E+0	4.286627E+3	NaN	NaN
	13/12/2022 17:16:28	-46.366000E-3	1.080000E-9	529.000000E-12	4.996000E-9	494.200000E-9	352.440000E-3	200.000000E+0	-5.163000E+0	4.286515E+3	NaN	NaN
	13/12/2022 17:16:35	-49.376000E-3	1.090000E-9	527.000000E-12	4.996000E-9	494.200000E-9	352.440000E-3	200.000000E+0	-5.275000E+0	4.286515E+3	NaN	NaN
	13/12/2022 17:16:42	-46.071000E-3	1.080000E-9	524.000000E-12	4.996000E-9	493.600000E-9	352.430000E-3	200.000000E+0	-5.275000E+0	4.286403E+3	NaN	NaN
	13/12/2022 17:16:50	-46.787000E-3	1.080000E-9	523.000000E-12	4.996000E-9	494.200000E-9	352.440000E-3	200.000000E+0	-5.275000E+0	4.286403E+3	NaN	NaN
	13/12/2022 17:16:57	-45.899000E-3	1.080000E-9	523.000000E-12	4.996000E-9	494.200000E-9	352.430000E-3	200.000000E+0	-5.275000E+0	4.286403E+3	NaN	NaN
	13/12/2022 17:17:04	-46.763000E-3	1.080000E-9	520.000000E-12	4.996000E-9	493.600000E-9	352.440000E-3	200.000000E+0	-5.275000E+0	4.286403E+3	NaN	NaN
	13/12/2022 17:17:11	-46.837000E-3	1.080000E-9	517.000000E-12	4.996000E-9	494.200000E-9	352.440000E-3	200.000000E+0	-5.163000E+0	4.286515E+3	NaN	NaN
	13/12/2022 17:17:18	-46.614000E-3	1.070000E-9	517.000000E-12	4.996000E-9	494.200000E-9	352.440000E-3	200.000000E+0	-5.050000E+0	4.286627E+3	NaN	NaN
	13/12/2022 17:17:26	-46.983000E-3	1.080000E-9	517.000000E-12	4.996000E-9	493.600000E-9	352.440000E-3	200.000000E+0	-5.275000E+0	4.286403E+3	NaN	NaN
	13/12/2022 17:17:33	-46.614000E-3	1.070000E-9	516.000000E-12	4.996000E-9	493.600000E-9	352.430000E-3	200.000000E+0	-5.050000E+0	4.286403E+3	NaN	NaN
	13/12/2022 17:17:40	-46.638000E-3	1.080000E-9	515.000000E-12	4.996000E-9	493.600000E-9	352.430000E-3	200.000000E+0	-5.387000E+0	4.286627E+3	NaN	NaN
	13/12/2022 17:17:47	-46.393000E-3	1.070000E-9	515.000000E-12	4.996000E-9	493.600000E-9	352.440000E-3	200.000000E+0	-5.163000E+0	4.286627E+3	NaN	NaN
	13/12/2022 17:17:54	-46.244000E-3	1.070000E-9	513.000000E-12	4.996000E-9	493.600000E-9	352.440000E-3	200.000000E+0	-5.050000E+0	4.286515E+3	NaN	NaN
	13/12/2022 17:18:02	-46.319000E-3	1.080000E-9	513.000000E-12	4.996000E-9	493.100000E-9	352.430000E-3	200.000000E+0	-5.275000E+0	4.286739E+3	NaN	NaN
	13/12/2022 17:18:09	-46.343000E-3	1.070000E-9	512.000000E-12	4.996000E-9	493.600000E-9	352.440000E-3	200.000000E+0	-5.275000E+0	4.286852E+3	NaN	NaN
	13/12/2022 17:18:16	-46.515000E-3	1.070000E-9	511.000000E-12	4.996000E-9	493.600000E-9	352.440000E-3	200.000000E+0	-5.387000E+0	4.286627E+3	NaN	NaN
	13/12/2022 17:18:23	-46.712000E-3	1.070000E-9	511.000000E-12	4.996000E-9	493.600000E-9	352.450000E-3	200.000000E+0	-5.163000E+0	4.286627E+3	NaN	NaN
	13/12/2022 17:18:30	-46.539000E-3	1.070000E-9	510.000000E-12	4.996000E-9	493.600000E-9	352.440000E-3	200.000000E+0	-5.275000E+0	4.286739E+3	NaN	NaN
	13/12/2022 17:18:38	-46.170000E-3	1.070000E-9	509.000000E-12	4.996000E-9	493.600000E-9	352.440000E-3	200.000000E+0	-5.163000E+0	4.286964E+3	NaN	NaN
	13/12/2022 17:18:45	-46.319000E-3	1.070000E-9	509.000000E-12	4.996000E-9	493.100000E-9	352.440000E-3	200.000000E+0	-5.275000E+0	4.286964E+3	NaN	NaN
	13/12/2022 17:18:52	-47.675000E-3	1.070000E-9	509.000000E-12	4.996000E-9	493.600000E-9	352.440000E-3	200.000000E+0	-5.163000E+0	4.286739E+3	NaN	NaN
	13/12/2022 17:18:59	-50.509000E-3	1.070000E-9	509.000000E-12	4.996000E-9	493.600000E-9	352.430000E-3	200.000000E+0	-5.163000E+0	4.286964E+3	NaN	NaN
	13/12/2022 17:19:06	-46.146000E-3	1.070000E-9	507.000000E-12	4.996000E-9	493.600000E-9	352.450000E-3	200.000000E+0	-5.163000E+0	4.286964E+3	NaN	NaN
	13/12/2022 17:19:14	-49.549000E-3	1.070000E-9	508.000000E-12	4.996000E-9	493.600000E-9	352.440000E-3	200.000000E+0	-5.275000E+0	4.286964E+3	NaN	NaN
	13/12/2022 17:19:21	-46.885000E-3	1.070000E-9	508.000000E-12	4.996000E-9	493.600000E-9	352.440000E-3	200.000000E+0	-5.163000E+0	4.286964E+3	NaN	NaN
	13/12/2022 17:19:28	-46.492000E-3	1.060000E-9	507.000000E-12	4.996000E-9	493.600000E-9	352.430000E-3	199.000000E+0	-5.275000E+0	4.286964E+3	NaN	NaN
	13/12/2022 17:19:35	-45.875000E-3	1.070000E-9	507.000000E-12	4.996000E-9	493.600000E-9	352.430000E-3	200.000000E+0	-5.275000E+0	4.287076E+3	NaN	NaN
	13/12/2022 17:19:42	-46.244000E-3	1.070000E-9	507.000000E-12	4.996000E-9	493.600000E-9	352.440000E-3	200.000000E+0	-5.275000E+0	4.287188E+3	NaN	NaN
	13/12/2022 17:19:50	-46.566000E-3	1.060000E-9	507.000000E-12	4.996000E-9	494.200000E-9	352.430000E-3	199.000000E+0	-5.163000E+0	4.286964E+3	NaN	NaN
	13/12/2022 17:19:57	-47.034000E-3	1.100000E-9	521.000000E-12	4.996000E-9	494.200000E-9	352.440000E-3	199.000000E+0	-5.275000E+0	4.287188E+3	NaN	NaN
	13/12/2022 17:20:04	-45.824000E-3	1.100000E-9	518.000000E-12	4.996000E-9	494.200000E-9	352.440000E-3	200.000000E+0	-5.275000E+0	4.287188E+3	NaN	NaN
	13/12/2022 17:20:11	-46.909000E-3	1.090000E-9	517.000000E-12	4.996000E-9	494.200000E-9	352.450000E-3	199.000000E+0	-5.387000E+0	4.287188E+3	NaN	NaN
	13/12/2022 17:20:18	-46.566000E-3	1.090000E-9	516.000000E-12	4.996000E-9	494.200000E-9	352.440000E-3	199.000000E+0	-5.275000E+0	4.287188E+3	NaN	NaN
	13/12/2022 17:20:25	-46.220000E-3	1.090000E-9	515.000000E-12	4.996000E-9	494.200000E-9	352.430000E-3	199.000000E+0	-5.163000E+0	4.287188E+3	NaN	NaN
	13/12/2022 17:20:33	-46.244000E-3	1.090000E-9	514.000000E-12	4.996000E-9	493.600000E-9	352.440000E-3	200.000000E+0	-5.163000E+0	4.287300E+3	NaN	NaN
	13/12/2022 17:20:40	-46.763000E-3	1.080000E-9	513.000000E-12	4.996000E-9	494.200000E-9	352.440000E-3	200.000000E+0	-5.163000E+0	4.287300E+3	NaN	NaN
	13/12/2022 17:20:47	-46.936000E-3	1.090000E-9	513.000000E-12	4.996000E-9	494.200000E-9	352.450000E-3	199.000000E+0	-5.050000E+0	4.287300E+3	NaN	NaN
	13/12/2022 17:20:54	-50.732000E-3	1.090000E-9	513.000000E-12	4.996000E-9	493.600000E-9	352.440000E-3	199.000000E+0	-5.050000E+0	4.287413E+3	NaN	NaN
	13/12/2022 17:21:01	-46.146000E-3	1.080000E-9	512.000000E-12	4.996000E-9	494.200000E-9	352.440000E-3	200.000000E+0	-5.275000E+0	4.287300E+3	NaN	NaN
	13/12/2022 17:21:08	-48.241000E-3	1.090000E-9	512.000000E-12	4.996000E-9	494.200000E-9	352.440000E-3	199.000000E+0	-5.163000E+0	4.287300E+3	NaN	NaN
	13/12/2022 17:21:16	-46.095000E-3	1.090000E-9	511.000000E-12	4.996000E-9	494.200000E-9	352.440000E-3	199.000000E+0	-5.499000E+0	4.287413E+3	NaN	NaN
	13/12/2022 17:21:23	-47.010000E-3	1.090000E-9	511.000000E-12	4.996000E-9	494.200000E-9	352.440000E-3	199.000000E+0	-5.163000E+0	4.287300E+3	NaN	NaN
	13/12/2022 17:21:30	-46.197000E-3	1.080000E-9	511.000000E-12	4.996000E-9	493.600000E-9	352.440000E-3	199.000000E+0	-5.050000E+0	4.287300E+3	NaN	NaN
	13/12/2022 17:21:37	-46.861000E-3	1.080000E-9	511.000000E-12	4.996000E-9	494.200000E-9	352.440000E-3	199.000000E+0	-5.163000E+0	4.287413E+3	NaN	NaN
	13/12/2022 17:21:44	-47.675000E-3	1.090000E-9	511.000000E-12	4.996000E-9	494.200000E-9	352.440000E-3	199.000000E+0	-5.163000E+0	4.287413E+3	NaN	NaN
	13/12/2022 17:21:52	-46.048000E-3	1.080000E-9	511.000000E-12	4.996000E-9	494.200000E-9	352.440000E-3	199.000000E+0	-4.938000E+0	4.287413E+3	NaN	NaN
	13/12/2022 17:21:59	-50.163000E-3	1.090000E-9	510.000000E-12	4.996000E-9	494.200000E-9	352.440000E-3	199.000000E+0	-5.387000E+0	4.287413E+3	NaN	NaN
	13/12/2022 17:22:06	-46.539000E-3	1.080000E-9	510.000000E-12	4.996000E-9	493.600000E-9	352.440000E-3	199.000000E+0	-5.050000E+0	4.287413E+3	NaN	NaN
	13/12/2022 17:22:13	-46.688000E-3	1.080000E-9	510.000000E-12	4.996000E-9	494.200000E-9	352.440000E-3	199.000000E+0	-5.275000E+0	4.287413E+3	NaN	NaN
	13/12/2022 17:22:20	-46.712000E-3	1.080000E-9	510.000000E-12	4.996000E-9	494.800000E-9	352.440000E-3	199.000000E+0	-5.050000E+0	4.287525E+3	NaN	NaN
	13/12/2022 17:22:27	-47.722000E-3	1.090000E-9	510.000000E-12	4.996000E-9	494.200000E-9	352.430000E-3	199.000000E+0	-5.275000E+0	4.287525E+3	NaN	NaN
	13/12/2022 17:22:35	-47.231000E-3	1.080000E-9	510.000000E-12	4.996000E-9	494.200000E-9	352.430000E-3	199.000000E+0	-5.275000E+0	4.287525E+3	NaN	NaN
	13/12/2022 17:22:42	-50.807000E-3	1.080000E-9	510.000000E-12	4.996000E-9	494.200000E-9	352.430000E-3	199.000000E+0	-5.050000E+0	4.287525E+3	NaN	NaN
	13/12/2022 17:22:49	-46.712000E-3	1.080000E-9	509.000000E-12	4.996000E-9	494.800000E-9	352.440000E-3	199.000000E+0	-5.050000E+0	4.287300E+3	NaN	NaN
	13/12/2022 17:22:56	-46.468000E-3	1.080000E-9	510.000000E-12	4.996000E-9	495.400000E-9	352.430000E-3	199.000000E+0	-5.050000E+0	4.287300E+3	NaN	NaN
	13/12/2022 17:23:03	-46.244000E-3	1.080000E-9	509.000000E-12	4.996000E-9	495.400000E-9	352.440000E-3	199.000000E+0	-5.163000E+0	4.287300E+3	NaN	NaN
	13/12/2022 17:23:10	-46.048000E-3	1.080000E-9	508.000000E-12	4.996000E-9	494.800000E-9	352.430000E-3	199.000000E+0	-5.163000E+0	4.287188E+3	NaN	NaN
	13/12/2022 17:23:18	-46.268000E-3	1.080000E-9	508.000000E-12	4.996000E-9	494.800000E-9	352.440000E-3	199.000000E+0	-5.275000E+0	4.287188E+3	NaN	NaN
	13/12/2022 17:23:25	-46.885000E-3	1.080000E-9	508.000000E-12	4.996000E-9	494.200000E-9	352.440000E-3	199.000000E+0	-5.275000E+0	4.287300E+3	NaN	NaN
	13/12/2022 17:23:32	-50.116000E-3	1.080000E-9	508.000000E-12	4.996000E-9	495.400000E-9	352.440000E-3	199.000000E+0	-5.275000E+0	4.287300E+3	NaN	NaN
	13/12/2022 17:23:39	-46.739000E-3	1.080000E-9	508.000000E-12	4.996000E-9	494.800000E-9	352.440000E-3	199.000000E+0	-5.163000E+0	4.287413E+3	NaN	NaN
	13/12/2022 17:23:46	-47.231000E-3	1.080000E-9	508.000000E-12	4.996000E-9	494.200000E-9	352.440000E-3	199.000000E+0	-5.163000E+0	4.287525E+3	NaN	NaN
	13/12/2022 17:23:53	-45.824000E-3	1.080000E-9	508.000000E-12	4.996000E-9	493.600000E-9	352.440000E-3	199.000000E+0	-5.275000E+0	4.287525E+3	NaN	NaN
	13/12/2022 17:24:01	-46.885000E-3	1.080000E-9	507.000000E-12	4.996000E-9	494.200000E-9	352.440000E-3	199.000000E+0	-5.275000E+0	4.287525E+3	NaN	NaN
	13/12/2022 17:24:08	-47.427000E-3	1.080000E-9	508.000000E-12	4.996000E-9	493.600000E-9	352.440000E-3	199.000000E+0	-5.163000E+0	4.287637E+3	NaN	NaN
	13/12/2022 17:24:15	-50.682000E-3	1.080000E-9	508.000000E-12	4.996000E-9	494.200000E-9	352.450000E-3	199.000000E+0	-5.163000E+0	4.287749E+3	NaN	NaN
	13/12/2022 17:24:22	-46.319000E-3	1.070000E-9	508.000000E-12	4.996000E-9	494.200000E-9	352.440000E-3	199.000000E+0	-5.163000E+0	4.287862E+3	NaN	NaN
	13/12/2022 17:24:29	-46.539000E-3	1.080000E-9	508.000000E-12	4.996000E-9	494.200000E-9	352.440000E-3	199.000000E+0	-5.163000E+0	4.287637E+3	NaN	NaN
	13/12/2022 17:24:36	-46.441000E-3	1.080000E-9	508.000000E-12	4.996000E-9	494.200000E-9	352.440000E-3	199.000000E+0	-5.163000E+0	4.287862E+3	NaN	NaN
	13/12/2022 17:24:44	-46.590000E-3	1.080000E-9	507.000000E-12	4.996000E-9	494.200000E-9	352.440000E-3	199.000000E+0	-5.163000E+0	4.287749E+3	NaN	NaN
	13/12/2022 17:24:51	-46.861000E-3	1.080000E-9	507.000000E-12	4.996000E-9	494.200000E-9	352.420000E-3	198.000000E+0	-5.275000E+0	4.287862E+3	NaN	NaN
	13/12/2022 17:24:58	-46.539000E-3	1.070000E-9	507.000000E-12	4.996000E-9	494.200000E-9	352.440000E-3	199.000000E+0	-5.163000E+0	4.287749E+3	NaN	NaN
	13/12/2022 17:25:05	-50.092000E-3	1.080000E-9	507.000000E-12	4.996000E-9	494.800000E-9	352.440000E-3	198.000000E+0	-5.163000E+0	4.287525E+3	NaN	NaN
	13/12/2022 17:25:12	-46.244000E-3	1.080000E-9	507.000000E-12	4.996000E-9	494.800000E-9	352.430000E-3	198.000000E+0	-5.163000E+0	4.287974E+3	NaN	NaN
	13/12/2022 17:25:20	-46.861000E-3	1.070000E-9	507.000000E-12	4.996000E-9	494.800000E-9	352.440000E-3	198.000000E+0	-5.387000E+0	4.287974E+3	NaN	NaN
	13/12/2022 17:25:27	-46.441000E-3	1.080000E-9	507.000000E-12	4.996000E-9	494.800000E-9	352.440000E-3	198.000000E+0	-5.163000E+0	4.287862E+3	NaN	NaN
	13/12/2022 17:25:34	-46.960000E-3	1.080000E-9	507.000000E-12	4.996000E-9	494.800000E-9	352.430000E-3	198.000000E+0	-5.163000E+0	4.287862E+3	NaN	NaN
	13/12/2022 17:25:41	-46.343000E-3	1.080000E-9	505.000000E-12	4.996000E-9	494.200000E-9	352.440000E-3	198.000000E+0	-5.275000E+0	4.287637E+3	NaN	NaN
	13/12/2022 17:25:48	-46.393000E-3	1.070000E-9	505.000000E-12	4.996000E-9	494.800000E-9	352.440000E-3	198.000000E+0	-5.275000E+0	4.287862E+3	NaN	NaN
	13/12/2022 17:25:56	-46.515000E-3	1.070000E-9	500.000000E-12	4.996000E-9	494.800000E-9	352.440000E-3	198.000000E+0	-5.275000E+0	4.287974E+3	NaN	NaN
	13/12/2022 17:26:03	-47.380000E-3	1.060000E-9	499.000000E-12	4.996000E-9	494.200000E-9	352.430000E-3	198.000000E+0	-5.163000E+0	4.287974E+3	NaN	NaN
	13/12/2022 17:26:10	-46.417000E-3	1.060000E-9	499.000000E-12	4.996000E-9	494.200000E-9	352.430000E-3	198.000000E+0	-5.275000E+0	4.287749E+3	NaN	NaN
	13/12/2022 17:26:17	-46.614000E-3	1.060000E-9	498.000000E-12	4.996000E-9	494.800000E-9	352.440000E-3	198.000000E+0	-5.163000E+0	4.287749E+3	NaN	NaN
	13/12/2022 17:26:24	-46.417000E-3	1.060000E-9	498.000000E-12	4.996000E-9	494.200000E-9	352.440000E-3	198.000000E+0	-5.163000E+0	4.287862E+3	NaN	NaN
	13/12/2022 17:26:31	-46.071000E-3	1.060000E-9	497.000000E-12	4.996000E-9	494.200000E-9	352.420000E-3	198.000000E+0	-5.163000E+0	4.287749E+3	NaN	NaN
	13/12/2022 17:26:39	-46.811000E-3	1.060000E-9	498.000000E-12	4.996000E-9	494.800000E-9	352.440000E-3	198.000000E+0	-5.050000E+0	4.287862E+3	NaN	NaN
	13/12/2022 17:26:46	-46.170000E-3	1.060000E-9	498.000000E-12	4.996000E-9	494.200000E-9	352.430000E-3	198.000000E+0	-5.050000E+0	4.287749E+3	NaN	NaN
	13/12/2022 17:26:53	-46.468000E-3	1.050000E-9	498.000000E-12	4.996000E-9	494.200000E-9	352.430000E-3	198.000000E+0	-5.275000E+0	4.287862E+3	NaN	NaN
	13/12/2022 17:27:00	-46.936000E-3	1.060000E-9	497.000000E-12	4.996000E-9	494.800000E-9	352.430000E-3	198.000000E+0	-5.163000E+0	4.287749E+3	NaN	NaN
	13/12/2022 17:27:07	-50.807000E-3	1.060000E-9	497.000000E-12	4.996000E-9	494.200000E-9	352.440000E-3	198.000000E+0	-5.275000E+0	4.287637E+3	NaN	NaN
	13/12/2022 17:27:15	-46.664000E-3	1.050000E-9	497.000000E-12	4.996000E-9	494.200000E-9	352.440000E-3	198.000000E+0	-5.050000E+0	4.287749E+3	NaN	NaN
	13/12/2022 17:27:22	-50.536000E-3	1.060000E-9	496.000000E-12	4.996000E-9	493.600000E-9	352.430000E-3	198.000000E+0	-5.050000E+0	4.287749E+3	NaN	NaN
	13/12/2022 17:27:29	-46.787000E-3	1.060000E-9	496.000000E-12	4.996000E-9	494.200000E-9	352.430000E-3	198.000000E+0	-5.050000E+0	4.287862E+3	NaN	NaN
	13/12/2022 17:27:36	-46.590000E-3	1.050000E-9	496.000000E-12	4.996000E-9	494.200000E-9	352.440000E-3	198.000000E+0	-5.387000E+0	4.287749E+3	NaN	NaN
	13/12/2022 17:27:43	-46.417000E-3	1.050000E-9	496.000000E-12	4.996000E-9	493.600000E-9	352.440000E-3	198.000000E+0	-5.050000E+0	4.287862E+3	NaN	NaN
	13/12/2022 17:27:50	-46.197000E-3	1.060000E-9	496.000000E-12	4.996000E-9	494.200000E-9	352.440000E-3	198.000000E+0	-5.275000E+0	4.287862E+3	NaN	NaN
	13/12/2022 17:27:58	-47.848000E-3	1.050000E-9	495.000000E-12	4.996000E-9	493.600000E-9	352.430000E-3	198.000000E+0	-5.163000E+0	4.287974E+3	NaN	NaN
	13/12/2022 17:28:05	-46.468000E-3	1.050000E-9	496.000000E-12	4.996000E-9	493.600000E-9	352.430000E-3	198.000000E+0	-5.163000E+0	4.287974E+3	NaN	NaN
	13/12/2022 17:28:12	-46.146000E-3	1.060000E-9	495.000000E-12	4.996000E-9	494.200000E-9	352.440000E-3	198.000000E+0	-5.275000E+0	4.287862E+3	NaN	NaN
	13/12/2022 17:28:19	-46.763000E-3	1.050000E-9	495.000000E-12	4.996000E-9	496.600000E-9	352.440000E-3	198.000000E+0	-5.163000E+0	4.287862E+3	NaN	NaN
	13/12/2022 17:28:26	-46.664000E-3	1.050000E-9	495.000000E-12	4.996000E-9	495.400000E-9	352.430000E-3	198.000000E+0	-5.275000E+0	4.287974E+3	NaN	NaN
	13/12/2022 17:28:34	-51.051000E-3	1.050000E-9	494.000000E-12	4.996000E-9	494.800000E-9	352.440000E-3	198.000000E+0	-5.050000E+0	4.287749E+3	NaN	NaN
	13/12/2022 17:28:41	-46.244000E-3	1.050000E-9	494.000000E-12	4.996000E-9	494.200000E-9	352.440000E-3	198.000000E+0	-5.050000E+0	4.287974E+3	NaN	NaN
	13/12/2022 17:28:48	-46.590000E-3	1.050000E-9	494.000000E-12	4.996000E-9	494.200000E-9	352.440000E-3	198.000000E+0	-5.163000E+0	4.287974E+3	NaN	NaN
	13/12/2022 17:28:55	-47.970000E-3	1.060000E-9	494.000000E-12	4.996000E-9	494.200000E-9	352.440000E-3	198.000000E+0	-5.275000E+0	4.288198E+3	NaN	NaN
	13/12/2022 17:29:02	-46.197000E-3	1.050000E-9	494.000000E-12	4.996000E-9	493.600000E-9	352.430000E-3	198.000000E+0	-5.275000E+0	4.287862E+3	NaN	NaN
	13/12/2022 17:29:09	-46.492000E-3	1.050000E-9	494.000000E-12	4.996000E-9	493.600000E-9	352.440000E-3	198.000000E+0	-5.499000E+0	4.288086E+3	NaN	NaN
	13/12/2022 17:29:17	-46.146000E-3	1.060000E-9	493.000000E-12	4.996000E-9	494.200000E-9	352.440000E-3	198.000000E+0	-5.050000E+0	4.287974E+3	NaN	NaN
	13/12/2022 17:29:24	-46.861000E-3	1.050000E-9	493.000000E-12	4.996000E-9	493.600000E-9	352.440000E-3	198.000000E+0	-5.163000E+0	4.287974E+3	NaN	NaN
	13/12/2022 17:29:31	-46.468000E-3	1.050000E-9	492.000000E-12	4.996000E-9	494.200000E-9	352.440000E-3	198.000000E+0	-5.387000E+0	4.287749E+3	NaN	NaN
	13/12/2022 17:29:38	-46.712000E-3	1.060000E-9	493.000000E-12	4.996000E-9	494.200000E-9	352.440000E-3	198.000000E+0	-5.163000E+0	4.287974E+3	NaN	NaN
	13/12/2022 17:29:45	-46.566000E-3	1.050000E-9	494.000000E-12	4.996000E-9	494.200000E-9	352.440000E-3	198.000000E+0	-5.163000E+0	4.288086E+3	NaN	NaN
	13/12/2022 17:29:52	-46.712000E-3	1.050000E-9	493.000000E-12	4.996000E-9	493.600000E-9	352.430000E-3	197.000000E+0	-5.050000E+0	4.288198E+3	NaN	NaN
	13/12/2022 17:30:00	-46.366000E-3	1.050000E-9	493.000000E-12	4.996000E-9	493.100000E-9	352.440000E-3	198.000000E+0	-5.163000E+0	4.287974E+3	NaN	NaN
	13/12/2022 17:30:07	-47.156000E-3	1.050000E-9	493.000000E-12	4.996000E-9	493.100000E-9	352.440000E-3	198.000000E+0	-5.163000E+0	4.288086E+3	NaN	NaN
	13/12/2022 17:30:14	-46.417000E-3	1.060000E-9	492.000000E-12	4.996000E-9	494.200000E-9	352.440000E-3	197.000000E+0	-5.275000E+0	4.287637E+3	NaN	NaN
	13/12/2022 17:30:21	-46.566000E-3	1.050000E-9	492.000000E-12	4.996000E-9	494.800000E-9	352.440000E-3	197.000000E+0	-5.163000E+0	4.287637E+3	NaN	NaN
	13/12/2022 17:30:28	-46.885000E-3	1.050000E-9	492.000000E-12	4.996000E-9	494.800000E-9	352.440000E-3	198.000000E+0	-5.163000E+0	4.287525E+3	NaN	NaN
	13/12/2022 17:30:35	-46.960000E-3	1.040000E-9	493.000000E-12	4.996000E-9	493.600000E-9	352.440000E-3	197.000000E+0	-5.163000E+0	4.287637E+3	NaN	NaN
	13/12/2022 17:30:43	-46.170000E-3	1.050000E-9	492.000000E-12	4.996000E-9	492.400000E-9	352.430000E-3	197.000000E+0	-5.275000E+0	4.287974E+3	NaN	NaN
	13/12/2022 17:30:50	-46.170000E-3	1.050000E-9	492.000000E-12	4.996000E-9	492.400000E-9	352.440000E-3	197.000000E+0	-5.275000E+0	4.287974E+3	NaN	NaN
