Live comments	Time	injection 100mbar	Barion_2	Barion_1	DUAL experiment	DUAL insulation	injection 1mbar	helium	T-platinum	T-CERNOX	I_emission	I_grid
	08/11/2022 17:04:17	-30.738000E-3	2.370000E-9	896.000000E-12	4.996000E-9	807.500000E-9	17.959000E-3	0.000000E+0	-101.907000E+0	60.494000E+0	0.000000E+0	NaN
	08/11/2022 17:04:26	-34.264000E-3	2.370000E-9	885.000000E-12	4.996000E-9	806.600000E-9	22.709000E-3	0.000000E+0	-101.795000E+0	60.494000E+0	0.000000E+0	NaN
	08/11/2022 17:04:35	-30.982000E-3	2.380000E-9	894.000000E-12	4.996000E-9	805.600000E-9	27.642000E-3	0.000000E+0	-101.907000E+0	60.718000E+0	0.000000E+0	NaN
	08/11/2022 17:04:44	-31.576000E-3	2.370000E-9	899.000000E-12	4.996000E-9	803.700000E-9	32.562000E-3	0.000000E+0	-101.907000E+0	60.381000E+0	0.000000E+0	NaN
	08/11/2022 17:04:53	-32.562000E-3	2.370000E-9	888.000000E-12	4.996000E-9	803.700000E-9	37.260000E-3	0.000000E+0	-101.795000E+0	60.494000E+0	0.000000E+0	NaN
	08/11/2022 17:05:03	-34.705000E-3	2.370000E-9	886.000000E-12	4.996000E-9	802.700000E-9	42.091000E-3	0.000000E+0	-101.795000E+0	60.606000E+0	0.000000E+0	NaN
	08/11/2022 17:05:12	-30.810000E-3	2.380000E-9	895.000000E-12	4.996000E-9	803.700000E-9	43.223000E-3	0.000000E+0	-101.795000E+0	60.494000E+0	0.000000E+0	NaN
	08/11/2022 17:05:21	-33.325000E-3	2.370000E-9	894.000000E-12	4.996000E-9	803.700000E-9	43.432000E-3	0.000000E+0	-101.907000E+0	60.494000E+0	0.000000E+0	NaN
	08/11/2022 17:05:30	-34.705000E-3	2.370000E-9	887.000000E-12	4.996000E-9	803.700000E-9	43.561000E-3	0.000000E+0	-101.795000E+0	60.494000E+0	0.000000E+0	NaN
	08/11/2022 17:05:39	-35.101000E-3	2.360000E-9	893.000000E-12	4.996000E-9	805.600000E-9	43.649000E-3	0.000000E+0	-101.795000E+0	60.606000E+0	0.000000E+0	NaN
	08/11/2022 17:05:49	-32.291000E-3	2.360000E-9	884.000000E-12	4.996000E-9	803.700000E-9	653.430000E-3	0.000000E+0	-101.907000E+0	60.381000E+0	0.000000E+0	NaN
	08/11/2022 17:05:58	-34.755000E-3	2.380000E-9	891.000000E-12	4.996000E-9	805.600000E-9	653.540000E-3	0.000000E+0	-101.683000E+0	60.381000E+0	0.000000E+0	NaN
	08/11/2022 17:06:07	-34.264000E-3	2.370000E-9	890.000000E-12	4.996000E-9	804.600000E-9	653.450000E-3	0.000000E+0	-101.795000E+0	60.494000E+0	0.000000E+0	NaN
	08/11/2022 17:06:16	-31.552000E-3	2.370000E-9	892.000000E-12	4.996000E-9	806.600000E-9	653.460000E-3	0.000000E+0	-101.683000E+0	60.494000E+0	0.000000E+0	NaN
	08/11/2022 17:06:25	-34.904000E-3	2.370000E-9	900.000000E-12	4.996000E-9	805.600000E-9	653.440000E-3	0.000000E+0	-101.683000E+0	60.494000E+0	0.000000E+0	NaN
	08/11/2022 17:06:35	-35.223000E-3	45.200000E-6	21.500000E-6	4.996000E-9	806.600000E-9	616.780000E-3	0.000000E+0	-101.571000E+0	60.381000E+0	0.000000E+0	NaN
	08/11/2022 17:06:44	-31.403000E-3	166.000000E-6	58.200000E-6	4.996000E-9	806.600000E-9	555.140000E-3	0.000000E+0	-101.571000E+0	60.718000E+0	0.000000E+0	NaN
	08/11/2022 17:06:53	-34.606000E-3	136.000000E-6	47.000000E-6	4.996000E-9	806.600000E-9	505.970000E-3	0.000000E+0	-101.907000E+0	60.606000E+0	0.000000E+0	NaN
	08/11/2022 17:07:02	-35.322000E-3	99.900000E-6	35.200000E-6	4.996000E-9	806.600000E-9	468.020000E-3	0.000000E+0	-101.683000E+0	60.494000E+0	0.000000E+0	NaN
	08/11/2022 17:07:11	-31.254000E-3	92.600000E-6	32.500000E-6	4.996000E-9	806.600000E-9	432.810000E-3	0.000000E+0	-101.795000E+0	60.606000E+0	0.000000E+0	NaN
	08/11/2022 17:07:21	-35.644000E-3	86.000000E-6	30.200000E-6	4.996000E-9	806.600000E-9	400.030000E-3	0.000000E+0	-101.571000E+0	60.606000E+0	0.000000E+0	NaN
	08/11/2022 17:07:30	-34.732000E-3	80.000000E-6	28.000000E-6	4.996000E-9	806.600000E-9	369.860000E-3	0.000000E+0	-101.683000E+0	60.718000E+0	0.000000E+0	NaN
	08/11/2022 17:07:39	-30.810000E-3	74.100000E-6	25.900000E-6	4.996000E-9	805.600000E-9	342.080000E-3	0.000000E+0	-101.907000E+0	60.606000E+0	0.000000E+0	NaN
	08/11/2022 17:07:48	-30.762000E-3	68.900000E-6	24.000000E-6	4.996000E-9	806.600000E-9	316.450000E-3	0.000000E+0	-101.683000E+0	60.606000E+0	0.000000E+0	NaN
	08/11/2022 17:07:57	-34.928000E-3	64.000000E-6	22.300000E-6	4.996000E-9	807.500000E-9	294.180000E-3	0.000000E+0	-101.683000E+0	60.606000E+0	0.000000E+0	NaN
	08/11/2022 17:08:07	-35.644000E-3	3.820000E-3	1.270000E-3	4.996000E-9	807.500000E-9	1.100000E+0	0.000000E+0	-101.683000E+0	60.606000E+0	0.000000E+0	NaN
	08/11/2022 17:08:16	-31.871000E-3	5.220000E-3	1.970000E-3	4.996000E-9	807.500000E-9	1.100000E+0	0.000000E+0	-101.683000E+0	60.606000E+0	0.000000E+0	NaN
	08/11/2022 17:08:25	-33.721000E-3	1.460000E-3	383.000000E-6	4.996000E-9	807.500000E-9	1.100000E+0	0.000000E+0	-101.683000E+0	60.494000E+0	0.000000E+0	NaN
	08/11/2022 17:08:34	-35.101000E-3	2.200000E-6	859.000000E-9	4.996000E-9	807.500000E-9	1.100000E+0	0.000000E+0	-101.683000E+0	60.606000E+0	0.000000E+0	NaN
	08/11/2022 17:08:43	-31.281000E-3	821.000000E-9	307.000000E-9	4.996000E-9	807.500000E-9	1.100000E+0	0.000000E+0	-101.683000E+0	60.606000E+0	0.000000E+0	NaN
	08/11/2022 17:08:52	-31.182000E-3	726.000000E-9	280.000000E-9	4.996000E-9	807.500000E-9	1.100000E+0	0.000000E+0	-101.683000E+0	60.718000E+0	0.000000E+0	NaN
	08/11/2022 17:09:02	-35.545000E-3	19.800000E-6	20.500000E-6	4.996000E-9	807.500000E-9	1.100000E+0	0.000000E+0	-101.795000E+0	60.606000E+0	0.000000E+0	NaN
	08/11/2022 17:09:11	-35.718000E-3	258.000000E-6	94.100000E-6	4.996000E-9	806.600000E-9	1.100000E+0	0.000000E+0	-101.459000E+0	60.606000E+0	0.000000E+0	NaN
	08/11/2022 17:09:20	-33.301000E-3	367.000000E-6	134.000000E-6	4.996000E-9	807.500000E-9	1.100000E+0	0.000000E+0	-101.795000E+0	60.494000E+0	0.000000E+0	NaN
	08/11/2022 17:09:29	-33.647000E-3	367.000000E-6	134.000000E-6	4.996000E-9	807.500000E-9	1.100000E+0	0.000000E+0	-101.795000E+0	60.718000E+0	0.000000E+0	NaN
	08/11/2022 17:09:38	-33.301000E-3	266.000000E-6	96.600000E-6	4.996000E-9	807.500000E-9	1.100000E+0	0.000000E+0	-101.683000E+0	60.494000E+0	0.000000E+0	NaN
	08/11/2022 17:09:48	-31.477000E-3	262.000000E-6	95.400000E-6	4.996000E-9	807.500000E-9	1.100000E+0	0.000000E+0	-101.459000E+0	60.606000E+0	0.000000E+0	NaN
	08/11/2022 17:09:57	-35.274000E-3	261.000000E-6	95.000000E-6	4.996000E-9	807.500000E-9	1.100000E+0	0.000000E+0	-101.571000E+0	60.718000E+0	0.000000E+0	NaN
	08/11/2022 17:10:06	-35.891000E-3	260.000000E-6	94.600000E-6	4.996000E-9	807.500000E-9	1.100000E+0	0.000000E+0	-101.571000E+0	60.606000E+0	0.000000E+0	NaN
	08/11/2022 17:10:15	-31.352000E-3	208.000000E-6	75.500000E-6	4.996000E-9	807.500000E-9	1.100000E+0	0.000000E+0	-101.571000E+0	60.830000E+0	0.000000E+0	NaN
	08/11/2022 17:10:24	-31.155000E-3	85.300000E-6	30.600000E-6	4.996000E-9	807.500000E-9	1.100000E+0	0.000000E+0	-101.459000E+0	60.494000E+0	0.000000E+0	NaN
	08/11/2022 17:10:34	-35.667000E-3	79.400000E-6	29.600000E-6	4.996000E-9	807.500000E-9	1.100000E+0	0.000000E+0	-101.683000E+0	60.718000E+0	0.000000E+0	NaN
	08/11/2022 17:10:43	-31.698000E-3	79.300000E-6	29.600000E-6	4.996000E-9	807.500000E-9	1.100000E+0	0.000000E+0	-101.571000E+0	60.718000E+0	0.000000E+0	NaN
	08/11/2022 17:10:52	-34.633000E-3	19.200000E-6	7.870000E-6	4.996000E-9	807.500000E-9	1.100000E+0	0.000000E+0	-101.571000E+0	60.494000E+0	0.000000E+0	NaN
	08/11/2022 17:11:01	-35.742000E-3	4.750000E-6	1.920000E-6	4.996000E-9	808.500000E-9	1.100000E+0	0.000000E+0	-101.571000E+0	60.606000E+0	0.000000E+0	NaN
	08/11/2022 17:11:10	-36.111000E-3	4.750000E-6	1.920000E-6	4.996000E-9	807.500000E-9	1.100000E+0	0.000000E+0	-101.571000E+0	60.830000E+0	0.000000E+0	NaN
	08/11/2022 17:11:20	-31.230000E-3	7.520000E-6	3.030000E-6	4.996000E-9	807.500000E-9	1.100000E+0	0.000000E+0	-101.459000E+0	60.606000E+0	0.000000E+0	NaN
	08/11/2022 17:11:29	-34.484000E-3	7.520000E-6	3.030000E-6	4.996000E-9	807.500000E-9	1.100000E+0	0.000000E+0	-101.571000E+0	60.718000E+0	0.000000E+0	NaN
	08/11/2022 17:11:38	-31.871000E-3	7.520000E-6	3.030000E-6	4.996000E-9	807.500000E-9	1.100000E+0	0.000000E+0	-101.459000E+0	60.830000E+0	0.000000E+0	NaN
	08/11/2022 17:11:47	-31.501000E-3	7.520000E-6	3.030000E-6	4.996000E-9	808.500000E-9	1.100000E+0	0.000000E+0	-101.346000E+0	60.606000E+0	0.000000E+0	NaN
	08/11/2022 17:11:56	-35.593000E-3	7.520000E-6	3.030000E-6	4.996000E-9	807.500000E-9	1.100000E+0	0.000000E+0	-101.234000E+0	60.494000E+0	0.000000E+0	NaN
	08/11/2022 17:12:06	-36.186000E-3	7.500000E-6	3.030000E-6	4.996000E-9	808.500000E-9	1.100000E+0	0.000000E+0	-101.459000E+0	60.718000E+0	0.000000E+0	NaN
	08/11/2022 17:12:15	-31.304000E-3	7.500000E-6	3.030000E-6	4.996000E-9	808.500000E-9	1.100000E+0	0.000000E+0	-101.571000E+0	60.718000E+0	0.000000E+0	NaN
	08/11/2022 17:12:24	-32.240000E-3	7.490000E-6	3.030000E-6	4.996000E-9	808.500000E-9	1.100000E+0	0.000000E+0	-101.571000E+0	60.718000E+0	0.000000E+0	NaN
	08/11/2022 17:12:33	-31.304000E-3	7.490000E-6	3.030000E-6	4.996000E-9	808.500000E-9	1.100000E+0	0.000000E+0	-101.459000E+0	60.718000E+0	0.000000E+0	NaN
	08/11/2022 17:12:42	-31.552000E-3	7.490000E-6	3.030000E-6	4.996000E-9	807.500000E-9	1.100000E+0	0.000000E+0	-101.571000E+0	60.606000E+0	0.000000E+0	NaN
	08/11/2022 17:12:51	-31.254000E-3	7.490000E-6	3.030000E-6	4.996000E-9	808.500000E-9	1.100000E+0	0.000000E+0	-101.459000E+0	60.718000E+0	0.000000E+0	NaN
	08/11/2022 17:13:01	-32.067000E-3	7.490000E-6	3.030000E-6	4.996000E-9	808.500000E-9	1.100000E+0	0.000000E+0	-101.459000E+0	60.830000E+0	0.000000E+0	NaN
	08/11/2022 17:13:10	-34.705000E-3	7.480000E-6	3.030000E-6	4.996000E-9	808.500000E-9	1.100000E+0	0.000000E+0	-101.571000E+0	60.830000E+0	0.000000E+0	NaN
	08/11/2022 17:13:19	-31.698000E-3	7.480000E-6	3.020000E-6	4.996000E-9	808.500000E-9	1.100000E+0	0.000000E+0	-101.571000E+0	60.718000E+0	0.000000E+0	NaN
	08/11/2022 17:13:28	-31.453000E-3	7.470000E-6	3.020000E-6	4.996000E-9	808.500000E-9	1.100000E+0	0.000000E+0	-101.346000E+0	60.606000E+0	0.000000E+0	NaN
	08/11/2022 17:13:37	-35.790000E-3	7.460000E-6	3.020000E-6	4.996000E-9	809.500000E-9	1.100000E+0	0.000000E+0	-101.459000E+0	60.718000E+0	0.000000E+0	NaN
	08/11/2022 17:13:47	-31.108000E-3	7.450000E-6	3.010000E-6	4.996000E-9	809.500000E-9	1.100000E+0	0.000000E+0	-101.459000E+0	60.718000E+0	0.000000E+0	NaN
	08/11/2022 17:13:56	-32.464000E-3	7.440000E-6	3.010000E-6	4.996000E-9	814.400000E-9	1.100000E+0	0.000000E+0	-101.459000E+0	60.606000E+0	0.000000E+0	NaN
	08/11/2022 17:14:05	-35.176000E-3	7.430000E-6	3.000000E-6	4.996000E-9	812.400000E-9	1.100000E+0	0.000000E+0	-101.459000E+0	60.718000E+0	0.000000E+0	NaN
	08/11/2022 17:14:14	-31.945000E-3	7.410000E-6	3.000000E-6	4.996000E-9	811.400000E-9	1.100000E+0	0.000000E+0	-101.459000E+0	60.942000E+0	0.000000E+0	NaN
	08/11/2022 17:14:23	-31.081000E-3	7.410000E-6	3.000000E-6	4.996000E-9	810.400000E-9	1.100000E+0	0.000000E+0	-101.346000E+0	60.718000E+0	0.000000E+0	NaN
	08/11/2022 17:14:33	-35.223000E-3	7.400000E-6	2.990000E-6	4.996000E-9	809.500000E-9	1.100000E+0	0.000000E+0	-101.459000E+0	60.718000E+0	0.000000E+0	NaN
	08/11/2022 17:14:42	-35.569000E-3	7.390000E-6	2.990000E-6	4.996000E-9	809.500000E-9	1.100000E+0	0.000000E+0	-101.234000E+0	60.718000E+0	0.000000E+0	NaN
	08/11/2022 17:14:51	-31.525000E-3	7.380000E-6	2.980000E-6	4.996000E-9	810.400000E-9	1.100000E+0	0.000000E+0	-101.346000E+0	60.718000E+0	0.000000E+0	NaN
	08/11/2022 17:15:00	-31.453000E-3	7.370000E-6	2.980000E-6	4.996000E-9	809.500000E-9	1.100000E+0	0.000000E+0	-101.459000E+0	60.606000E+0	0.000000E+0	NaN
	08/11/2022 17:15:09	-32.067000E-3	7.350000E-6	2.970000E-6	4.996000E-9	809.500000E-9	1.100000E+0	0.000000E+0	-101.346000E+0	60.718000E+0	0.000000E+0	NaN
	08/11/2022 17:15:19	-31.352000E-3	7.350000E-6	2.970000E-6	4.996000E-9	809.500000E-9	1.100000E+0	0.000000E+0	-101.234000E+0	60.830000E+0	0.000000E+0	NaN
	08/11/2022 17:15:28	-31.674000E-3	7.350000E-6	2.970000E-6	4.996000E-9	810.400000E-9	1.100000E+0	0.000000E+0	-101.346000E+0	60.606000E+0	0.000000E+0	NaN
	08/11/2022 17:15:37	-35.298000E-3	7.350000E-6	2.970000E-6	4.996000E-9	809.500000E-9	1.100000E+0	0.000000E+0	-101.346000E+0	60.830000E+0	0.000000E+0	NaN
	08/11/2022 17:15:46	-32.118000E-3	7.360000E-6	2.970000E-6	4.996000E-9	810.400000E-9	1.100000E+0	0.000000E+0	-101.234000E+0	60.718000E+0	0.000000E+0	NaN
	08/11/2022 17:15:55	-31.552000E-3	7.360000E-6	2.970000E-6	4.996000E-9	809.500000E-9	1.100000E+0	0.000000E+0	-101.234000E+0	60.718000E+0	0.000000E+0	NaN
	08/11/2022 17:16:04	-35.766000E-3	7.360000E-6	2.970000E-6	4.996000E-9	809.500000E-9	1.100000E+0	0.000000E+0	-101.459000E+0	60.830000E+0	0.000000E+0	NaN
	08/11/2022 17:16:14	-31.772000E-3	7.360000E-6	2.970000E-6	4.996000E-9	809.500000E-9	1.100000E+0	0.000000E+0	-101.346000E+0	60.942000E+0	0.000000E+0	NaN
	08/11/2022 17:16:23	-31.501000E-3	7.360000E-6	2.970000E-6	4.996000E-9	809.500000E-9	1.100000E+0	0.000000E+0	-101.234000E+0	60.718000E+0	0.000000E+0	NaN
	08/11/2022 17:16:32	-31.674000E-3	7.360000E-6	2.970000E-6	4.996000E-9	811.400000E-9	1.100000E+0	0.000000E+0	-101.346000E+0	60.718000E+0	0.000000E+0	NaN
	08/11/2022 17:16:41	-31.525000E-3	7.360000E-6	2.970000E-6	4.996000E-9	811.400000E-9	1.100000E+0	0.000000E+0	-101.346000E+0	60.830000E+0	0.000000E+0	NaN
	08/11/2022 17:16:50	-30.047000E-3	7.360000E-6	2.970000E-6	4.996000E-9	1.074000E-6	1.100000E+0	0.000000E+0	-101.346000E+0	60.718000E+0	0.000000E+0	NaN
	08/11/2022 17:17:00	-31.403000E-3	7.360000E-6	2.970000E-6	4.996000E-9	961.100000E-9	1.100000E+0	0.000000E+0	-101.234000E+0	60.718000E+0	0.000000E+0	NaN
	08/11/2022 17:17:09	-35.051000E-3	7.360000E-6	2.970000E-6	4.996000E-9	900.800000E-9	1.100000E+0	0.000000E+0	-101.346000E+0	60.830000E+0	0.000000E+0	NaN
	08/11/2022 17:17:18	-31.725000E-3	7.360000E-6	2.970000E-6	4.996000E-9	863.700000E-9	1.100000E+0	0.000000E+0	-101.346000E+0	60.830000E+0	0.000000E+0	NaN
	08/11/2022 17:17:27	-32.216000E-3	7.360000E-6	2.970000E-6	4.996000E-9	840.200000E-9	1.100000E+0	0.000000E+0	-101.234000E+0	60.830000E+0	0.000000E+0	NaN
	08/11/2022 17:17:36	-31.352000E-3	7.360000E-6	2.970000E-6	4.996000E-9	832.200000E-9	1.100000E+0	0.000000E+0	-101.234000E+0	60.830000E+0	0.000000E+0	NaN
	08/11/2022 17:17:46	-31.379000E-3	7.360000E-6	2.960000E-6	4.996000E-9	823.200000E-9	1.100000E+0	0.000000E+0	-101.234000E+0	60.942000E+0	0.000000E+0	NaN
	08/11/2022 17:17:55	-32.043000E-3	7.360000E-6	2.960000E-6	4.996000E-9	818.300000E-9	1.100000E+0	0.000000E+0	-101.234000E+0	60.718000E+0	0.000000E+0	NaN
	08/11/2022 17:18:04	-31.847000E-3	7.360000E-6	2.960000E-6	4.996000E-9	817.300000E-9	1.100000E+0	0.000000E+0	-101.122000E+0	60.830000E+0	0.000000E+0	NaN
	08/11/2022 17:18:13	-31.379000E-3	7.360000E-6	2.960000E-6	4.996000E-9	815.300000E-9	1.100000E+0	0.000000E+0	-101.459000E+0	60.718000E+0	0.000000E+0	NaN
	08/11/2022 17:18:22	-31.576000E-3	7.360000E-6	2.960000E-6	4.996000E-9	815.300000E-9	1.100000E+0	0.000000E+0	-101.234000E+0	60.830000E+0	0.000000E+0	NaN
	08/11/2022 17:18:32	-35.569000E-3	7.360000E-6	2.960000E-6	4.996000E-9	813.400000E-9	1.100000E+0	0.000000E+0	-101.122000E+0	60.830000E+0	0.000000E+0	NaN
	08/11/2022 17:18:41	-33.596000E-3	7.360000E-6	2.960000E-6	4.996000E-9	812.400000E-9	1.100000E+0	0.000000E+0	-101.122000E+0	60.606000E+0	0.000000E+0	NaN
	08/11/2022 17:18:50	-27.755000E-3	7.360000E-6	2.960000E-6	4.996000E-9	812.400000E-9	1.100000E+0	0.000000E+0	-101.122000E+0	60.942000E+0	0.000000E+0	NaN
	08/11/2022 17:18:59	-31.576000E-3	7.360000E-6	2.960000E-6	4.996000E-9	811.400000E-9	1.100000E+0	0.000000E+0	-101.234000E+0	61.055000E+0	0.000000E+0	NaN
	08/11/2022 17:19:08	-30.640000E-3	7.360000E-6	2.960000E-6	4.996000E-9	811.400000E-9	1.100000E+0	0.000000E+0	-101.346000E+0	60.942000E+0	0.000000E+0	NaN
	08/11/2022 17:19:17	-31.304000E-3	7.360000E-6	2.960000E-6	4.996000E-9	811.400000E-9	1.100000E+0	0.000000E+0	-101.234000E+0	60.942000E+0	0.000000E+0	NaN
	08/11/2022 17:19:27	-31.379000E-3	7.360000E-6	2.960000E-6	4.996000E-9	811.400000E-9	1.100000E+0	0.000000E+0	-101.234000E+0	60.830000E+0	0.000000E+0	NaN
	08/11/2022 17:19:36	-34.904000E-3	7.360000E-6	2.960000E-6	4.996000E-9	810.400000E-9	1.100000E+0	0.000000E+0	-101.234000E+0	61.055000E+0	0.000000E+0	NaN
	08/11/2022 17:19:45	-31.847000E-3	7.360000E-6	2.960000E-6	4.996000E-9	811.400000E-9	1.100000E+0	0.000000E+0	-101.122000E+0	60.830000E+0	0.000000E+0	NaN
	08/11/2022 17:19:54	-31.081000E-3	7.360000E-6	2.960000E-6	4.996000E-9	811.400000E-9	1.100000E+0	0.000000E+0	-101.122000E+0	60.942000E+0	0.000000E+0	NaN
	08/11/2022 17:20:03	-31.352000E-3	7.360000E-6	2.960000E-6	4.996000E-9	811.400000E-9	1.100000E+0	0.000000E+0	-101.234000E+0	60.942000E+0	0.000000E+0	NaN
	08/11/2022 17:20:13	-31.650000E-3	7.360000E-6	2.960000E-6	4.996000E-9	811.400000E-9	1.100000E+0	0.000000E+0	-101.122000E+0	60.942000E+0	0.000000E+0	NaN
	08/11/2022 17:20:22	-31.674000E-3	7.360000E-6	2.960000E-6	4.996000E-9	811.400000E-9	1.100000E+0	0.000000E+0	-101.122000E+0	60.942000E+0	0.000000E+0	NaN
	08/11/2022 17:20:31	-31.576000E-3	7.360000E-6	2.960000E-6	4.996000E-9	811.400000E-9	1.100000E+0	0.000000E+0	-101.122000E+0	60.830000E+0	0.000000E+0	NaN
	08/11/2022 17:20:40	-32.291000E-3	7.360000E-6	2.960000E-6	4.996000E-9	811.400000E-9	1.100000E+0	0.000000E+0	-101.234000E+0	60.942000E+0	0.000000E+0	NaN
	08/11/2022 17:20:49	-31.453000E-3	7.360000E-6	2.960000E-6	4.996000E-9	811.400000E-9	1.100000E+0	0.000000E+0	-101.234000E+0	60.942000E+0	0.000000E+0	NaN
	08/11/2022 17:20:58	-31.552000E-3	7.360000E-6	2.960000E-6	4.996000E-9	812.400000E-9	1.100000E+0	0.000000E+0	-101.122000E+0	60.942000E+0	0.000000E+0	NaN
	08/11/2022 17:21:08	-31.725000E-3	7.360000E-6	2.960000E-6	4.996000E-9	811.400000E-9	1.100000E+0	0.000000E+0	-101.122000E+0	61.055000E+0	0.000000E+0	NaN
	08/11/2022 17:21:17	-31.254000E-3	7.360000E-6	2.960000E-6	4.996000E-9	811.400000E-9	1.100000E+0	0.000000E+0	-101.010000E+0	60.830000E+0	0.000000E+0	NaN
	08/11/2022 17:21:26	-31.772000E-3	7.360000E-6	2.960000E-6	4.996000E-9	811.400000E-9	1.100000E+0	0.000000E+0	-101.010000E+0	61.055000E+0	0.000000E+0	NaN
	08/11/2022 17:21:35	-35.667000E-3	7.360000E-6	2.960000E-6	4.996000E-9	811.400000E-9	1.100000E+0	0.000000E+0	-101.234000E+0	60.830000E+0	0.000000E+0	NaN
	08/11/2022 17:21:44	-31.379000E-3	7.360000E-6	2.960000E-6	4.996000E-9	811.400000E-9	1.100000E+0	0.000000E+0	-101.010000E+0	60.942000E+0	0.000000E+0	NaN
	08/11/2022 17:21:54	-31.894000E-3	7.360000E-6	2.960000E-6	4.996000E-9	811.400000E-9	1.100000E+0	0.000000E+0	-101.010000E+0	61.055000E+0	0.000000E+0	NaN
	08/11/2022 17:22:03	-31.501000E-3	7.360000E-6	2.960000E-6	4.996000E-9	811.400000E-9	1.100000E+0	0.000000E+0	-101.122000E+0	60.830000E+0	0.000000E+0	NaN
	08/11/2022 17:22:12	-31.623000E-3	7.360000E-6	2.960000E-6	4.996000E-9	811.400000E-9	1.100000E+0	0.000000E+0	-101.010000E+0	60.942000E+0	0.000000E+0	NaN
	08/11/2022 17:22:21	-31.772000E-3	7.360000E-6	2.960000E-6	4.996000E-9	811.400000E-9	1.100000E+0	0.000000E+0	-100.897000E+0	61.055000E+0	0.000000E+0	NaN
	08/11/2022 17:22:30	-31.725000E-3	7.360000E-6	2.960000E-6	4.996000E-9	811.400000E-9	1.100000E+0	0.000000E+0	-101.010000E+0	60.942000E+0	0.000000E+0	NaN
	08/11/2022 17:22:40	-31.254000E-3	7.360000E-6	2.960000E-6	4.996000E-9	811.400000E-9	1.100000E+0	0.000000E+0	-101.010000E+0	61.055000E+0	0.000000E+0	NaN
	08/11/2022 17:22:49	-31.132000E-3	7.360000E-6	2.960000E-6	4.996000E-9	811.400000E-9	1.100000E+0	0.000000E+0	-101.122000E+0	60.942000E+0	0.000000E+0	NaN
	08/11/2022 17:22:58	-31.379000E-3	7.360000E-6	2.960000E-6	4.996000E-9	811.400000E-9	1.100000E+0	0.000000E+0	-101.010000E+0	61.055000E+0	0.000000E+0	NaN
	08/11/2022 17:23:07	-35.274000E-3	7.360000E-6	2.960000E-6	4.996000E-9	811.400000E-9	1.100000E+0	0.000000E+0	-101.010000E+0	60.830000E+0	0.000000E+0	NaN
	08/11/2022 17:23:16	-31.772000E-3	7.360000E-6	2.960000E-6	4.996000E-9	811.400000E-9	1.100000E+0	0.000000E+0	-101.010000E+0	61.055000E+0	0.000000E+0	NaN
	08/11/2022 17:23:26	-31.674000E-3	7.360000E-6	2.960000E-6	4.996000E-9	812.400000E-9	1.100000E+0	0.000000E+0	-100.897000E+0	60.942000E+0	0.000000E+0	NaN
	08/11/2022 17:23:35	-31.996000E-3	7.360000E-6	2.960000E-6	4.996000E-9	812.400000E-9	1.100000E+0	0.000000E+0	-101.010000E+0	60.830000E+0	0.000000E+0	NaN
	08/11/2022 17:23:44	-31.552000E-3	7.360000E-6	2.960000E-6	4.996000E-9	813.400000E-9	1.100000E+0	0.000000E+0	-101.122000E+0	61.055000E+0	0.000000E+0	NaN
	08/11/2022 17:23:53	-27.359000E-3	7.360000E-6	2.960000E-6	4.996000E-9	812.400000E-9	1.100000E+0	0.000000E+0	-101.010000E+0	61.167000E+0	0.000000E+0	NaN
	08/11/2022 17:24:02	-31.206000E-3	7.360000E-6	2.960000E-6	4.996000E-9	813.400000E-9	1.100000E+0	0.000000E+0	-100.897000E+0	60.942000E+0	0.000000E+0	NaN
	08/11/2022 17:24:12	-31.132000E-3	7.360000E-6	2.960000E-6	4.996000E-9	812.400000E-9	1.100000E+0	0.000000E+0	-101.010000E+0	60.942000E+0	0.000000E+0	NaN
	08/11/2022 17:24:21	-31.379000E-3	7.360000E-6	2.960000E-6	4.996000E-9	813.400000E-9	1.100000E+0	0.000000E+0	-101.010000E+0	60.942000E+0	0.000000E+0	NaN
	08/11/2022 17:24:30	-31.698000E-3	7.360000E-6	2.960000E-6	4.996000E-9	813.400000E-9	1.100000E+0	0.000000E+0	-101.010000E+0	60.942000E+0	0.000000E+0	NaN
	08/11/2022 17:24:39	-35.247000E-3	7.360000E-6	2.960000E-6	4.996000E-9	813.400000E-9	1.100000E+0	0.000000E+0	-100.897000E+0	60.830000E+0	0.000000E+0	NaN
	08/11/2022 17:24:48	-30.738000E-3	7.360000E-6	2.960000E-6	4.996000E-9	813.400000E-9	1.100000E+0	0.000000E+0	-100.897000E+0	60.942000E+0	0.000000E+0	NaN
	08/11/2022 17:24:57	-31.501000E-3	7.360000E-6	2.960000E-6	4.996000E-9	812.400000E-9	1.100000E+0	0.000000E+0	-100.897000E+0	60.942000E+0	0.000000E+0	NaN
	08/11/2022 17:25:07	-31.945000E-3	7.360000E-6	2.960000E-6	4.996000E-9	813.400000E-9	1.100000E+0	0.000000E+0	-100.785000E+0	61.167000E+0	0.000000E+0	NaN
	08/11/2022 17:25:16	-31.623000E-3	7.360000E-6	2.960000E-6	4.996000E-9	813.400000E-9	1.100000E+0	0.000000E+0	-100.897000E+0	60.830000E+0	0.000000E+0	NaN
	08/11/2022 17:25:25	-29.355000E-3	7.360000E-6	2.960000E-6	4.996000E-9	813.400000E-9	1.100000E+0	0.000000E+0	-101.010000E+0	61.055000E+0	0.000000E+0	NaN
	08/11/2022 17:25:34	-35.667000E-3	7.360000E-6	2.960000E-6	4.996000E-9	813.400000E-9	1.100000E+0	0.000000E+0	-100.897000E+0	61.055000E+0	0.000000E+0	NaN
	08/11/2022 17:25:43	-30.982000E-3	7.360000E-6	2.960000E-6	4.996000E-9	812.400000E-9	1.100000E+0	0.000000E+0	-100.897000E+0	61.055000E+0	0.000000E+0	NaN
	08/11/2022 17:25:53	-27.877000E-3	7.360000E-6	2.960000E-6	4.996000E-9	813.400000E-9	1.100000E+0	0.000000E+0	-100.897000E+0	60.942000E+0	0.000000E+0	NaN
	08/11/2022 17:26:02	-32.315000E-3	7.360000E-6	2.960000E-6	4.996000E-9	813.400000E-9	1.100000E+0	0.000000E+0	-100.897000E+0	60.942000E+0	0.000000E+0	NaN
	08/11/2022 17:26:11	-31.328000E-3	7.360000E-6	2.960000E-6	4.996000E-9	813.400000E-9	1.100000E+0	0.000000E+0	-100.785000E+0	61.055000E+0	0.000000E+0	NaN
	08/11/2022 17:26:20	-27.901000E-3	7.360000E-6	2.960000E-6	4.996000E-9	813.400000E-9	1.100000E+0	0.000000E+0	-100.897000E+0	61.055000E+0	0.000000E+0	NaN
	08/11/2022 17:26:29	-31.427000E-3	7.360000E-6	2.960000E-6	4.996000E-9	813.400000E-9	1.100000E+0	0.000000E+0	-100.785000E+0	61.055000E+0	0.000000E+0	NaN
	08/11/2022 17:26:39	-32.166000E-3	7.360000E-6	2.960000E-6	4.996000E-9	812.400000E-9	1.100000E+0	0.000000E+0	-101.010000E+0	61.055000E+0	0.000000E+0	NaN
	08/11/2022 17:26:48	-31.304000E-3	7.360000E-6	2.960000E-6	4.996000E-9	813.400000E-9	1.100000E+0	0.000000E+0	-100.897000E+0	61.055000E+0	0.000000E+0	NaN
	08/11/2022 17:26:57	-31.552000E-3	7.360000E-6	2.960000E-6	4.996000E-9	812.400000E-9	1.100000E+0	0.000000E+0	-100.897000E+0	60.942000E+0	0.000000E+0	NaN
	08/11/2022 17:27:06	-31.477000E-3	7.360000E-6	2.960000E-6	4.996000E-9	813.400000E-9	1.100000E+0	0.000000E+0	-100.897000E+0	61.055000E+0	0.000000E+0	NaN
	08/11/2022 17:27:15	-31.650000E-3	7.360000E-6	2.960000E-6	4.996000E-9	812.400000E-9	1.100000E+0	0.000000E+0	-100.897000E+0	61.055000E+0	0.000000E+0	NaN
	08/11/2022 17:27:24	-31.650000E-3	7.360000E-6	2.960000E-6	4.996000E-9	813.400000E-9	1.100000E+0	0.000000E+0	-101.010000E+0	61.167000E+0	0.000000E+0	NaN
	08/11/2022 17:27:34	-31.206000E-3	7.360000E-6	2.960000E-6	4.996000E-9	813.400000E-9	1.100000E+0	0.000000E+0	-100.897000E+0	61.055000E+0	0.000000E+0	NaN
	08/11/2022 17:27:43	-32.067000E-3	98.100000E-9	31.500000E-9	4.996000E-9	814.400000E-9	1.100000E+0	0.000000E+0	-100.897000E+0	61.167000E+0	0.000000E+0	NaN
	08/11/2022 17:27:52	-31.304000E-3	77.200000E-9	26.100000E-9	4.996000E-9	815.300000E-9	1.100000E+0	0.000000E+0	-100.897000E+0	61.279000E+0	0.000000E+0	NaN
	08/11/2022 17:28:01	-31.552000E-3	69.000000E-9	23.600000E-9	4.996000E-9	832.200000E-9	1.100000E+0	0.000000E+0	-100.785000E+0	60.942000E+0	0.000000E+0	NaN
	08/11/2022 17:28:10	-31.823000E-3	63.700000E-9	21.900000E-9	4.996000E-9	824.200000E-9	1.100000E+0	0.000000E+0	-100.785000E+0	61.167000E+0	0.000000E+0	NaN
	08/11/2022 17:28:19	-30.097000E-3	59.700000E-9	20.700000E-9	4.996000E-9	818.300000E-9	1.100000E+0	0.000000E+0	-101.010000E+0	61.391000E+0	0.000000E+0	NaN
	08/11/2022 17:28:29	-31.525000E-3	56.500000E-9	19.600000E-9	4.996000E-9	817.300000E-9	1.100000E+0	0.000000E+0	-100.785000E+0	60.942000E+0	0.000000E+0	NaN
	08/11/2022 17:28:38	-31.796000E-3	53.900000E-9	18.800000E-9	4.996000E-9	816.300000E-9	1.100000E+0	0.000000E+0	-101.010000E+0	61.167000E+0	0.000000E+0	NaN
	08/11/2022 17:28:47	-31.552000E-3	51.700000E-9	18.000000E-9	4.996000E-9	814.400000E-9	1.100000E+0	0.000000E+0	-100.785000E+0	61.279000E+0	0.000000E+0	NaN
	08/11/2022 17:28:56	-31.599000E-3	50.400000E-9	17.400000E-9	4.996000E-9	814.400000E-9	1.100000E+0	0.000000E+0	-100.673000E+0	61.167000E+0	0.000000E+0	NaN
	08/11/2022 17:29:05	-32.094000E-3	48.700000E-9	16.800000E-9	4.996000E-9	813.400000E-9	1.100000E+0	0.000000E+0	-100.785000E+0	61.167000E+0	0.000000E+0	NaN
	08/11/2022 17:29:15	-27.138000E-3	47.100000E-9	16.400000E-9	4.996000E-9	814.400000E-9	1.100000E+0	0.000000E+0	-100.785000E+0	61.055000E+0	0.000000E+0	NaN
	08/11/2022 17:29:24	-28.640000E-3	45.700000E-9	15.800000E-9	4.996000E-9	813.400000E-9	1.100000E+0	0.000000E+0	-100.785000E+0	61.167000E+0	0.000000E+0	NaN
	08/11/2022 17:29:33	-31.477000E-3	44.500000E-9	15.400000E-9	4.996000E-9	814.400000E-9	1.100000E+0	0.000000E+0	-100.785000E+0	61.055000E+0	0.000000E+0	NaN
	08/11/2022 17:29:42	-31.033000E-3	43.300000E-9	15.000000E-9	4.996000E-9	813.400000E-9	1.100000E+0	0.000000E+0	-100.673000E+0	61.167000E+0	0.000000E+0	NaN
	08/11/2022 17:29:51	-31.132000E-3	42.100000E-9	14.600000E-9	4.996000E-9	812.400000E-9	1.100000E+0	0.000000E+0	-100.785000E+0	61.055000E+0	0.000000E+0	NaN
	08/11/2022 17:30:01	-31.871000E-3	41.200000E-9	14.300000E-9	4.996000E-9	813.400000E-9	1.100000E+0	0.000000E+0	-100.785000E+0	61.279000E+0	0.000000E+0	NaN
	08/11/2022 17:30:10	-30.565000E-3	40.200000E-9	14.000000E-9	4.996000E-9	813.400000E-9	1.100000E+0	0.000000E+0	-100.785000E+0	61.279000E+0	0.000000E+0	NaN
	08/11/2022 17:30:19	-27.433000E-3	39.400000E-9	13.700000E-9	4.996000E-9	813.400000E-9	1.100000E+0	0.000000E+0	-100.785000E+0	61.055000E+0	0.000000E+0	NaN
	08/11/2022 17:30:28	-31.206000E-3	38.600000E-9	13.400000E-9	4.996000E-9	813.400000E-9	1.100000E+0	0.000000E+0	-100.785000E+0	61.055000E+0	0.000000E+0	NaN
	08/11/2022 17:30:37	-31.352000E-3	37.700000E-9	13.200000E-9	4.996000E-9	812.400000E-9	1.100000E+0	0.000000E+0	-100.785000E+0	61.167000E+0	0.000000E+0	NaN
	08/11/2022 17:30:47	-28.715000E-3	37.000000E-9	12.900000E-9	4.996000E-9	813.400000E-9	1.100000E+0	0.000000E+0	-100.673000E+0	61.167000E+0	0.000000E+0	NaN
	08/11/2022 17:30:56	-31.281000E-3	36.400000E-9	12.700000E-9	4.996000E-9	813.400000E-9	1.100000E+0	0.000000E+0	-100.785000E+0	61.167000E+0	0.000000E+0	NaN
	08/11/2022 17:31:05	-31.576000E-3	35.600000E-9	12.500000E-9	4.996000E-9	812.400000E-9	1.100000E+0	0.000000E+0	-100.785000E+0	60.942000E+0	0.000000E+0	NaN
	08/11/2022 17:31:14	-30.911000E-3	35.000000E-9	12.300000E-9	4.996000E-9	812.400000E-9	1.100000E+0	0.000000E+0	-100.673000E+0	61.167000E+0	0.000000E+0	NaN
	08/11/2022 17:31:23	-31.081000E-3	34.400000E-9	12.000000E-9	4.996000E-9	812.400000E-9	1.100000E+0	0.000000E+0	-100.897000E+0	61.167000E+0	0.000000E+0	NaN
	08/11/2022 17:31:33	-31.501000E-3	33.800000E-9	11.900000E-9	4.996000E-9	812.400000E-9	1.100000E+0	0.000000E+0	-100.785000E+0	61.279000E+0	0.000000E+0	NaN
	08/11/2022 17:31:42	-27.260000E-3	33.300000E-9	11.700000E-9	4.996000E-9	813.400000E-9	1.100000E+0	0.000000E+0	-100.561000E+0	61.279000E+0	0.000000E+0	NaN
	08/11/2022 17:31:51	-31.847000E-3	32.800000E-9	11.500000E-9	4.996000E-9	812.400000E-9	1.100000E+0	0.000000E+0	-100.785000E+0	61.167000E+0	0.000000E+0	NaN
	08/11/2022 17:32:00	-35.667000E-3	32.300000E-9	11.300000E-9	4.996000E-9	813.400000E-9	1.100000E+0	0.000000E+0	-100.785000E+0	61.055000E+0	0.000000E+0	NaN
	08/11/2022 17:32:09	-30.836000E-3	31.800000E-9	11.200000E-9	4.996000E-9	812.400000E-9	1.100000E+0	0.000000E+0	-100.673000E+0	61.167000E+0	0.000000E+0	NaN
	08/11/2022 17:32:19	-27.040000E-3	31.400000E-9	11.000000E-9	4.996000E-9	813.400000E-9	1.100000E+0	0.000000E+0	-100.561000E+0	61.167000E+0	0.000000E+0	NaN
	08/11/2022 17:32:28	-31.427000E-3	30.900000E-9	10.900000E-9	4.996000E-9	813.400000E-9	1.100000E+0	0.000000E+0	-100.673000E+0	61.279000E+0	0.000000E+0	NaN
	08/11/2022 17:32:37	-31.698000E-3	30.500000E-9	10.700000E-9	4.996000E-9	812.400000E-9	1.100000E+0	0.000000E+0	-100.673000E+0	61.279000E+0	0.000000E+0	NaN
	08/11/2022 17:32:46	-27.063000E-3	30.100000E-9	10.600000E-9	4.996000E-9	812.400000E-9	1.100000E+0	0.000000E+0	-100.673000E+0	61.167000E+0	0.000000E+0	NaN
