Live comments	Time	injection 100mbar	Barion_2	Barion_1	DUAL experiment	DUAL insulation	injection 1mbar	helium	T-platinum	T-CERNOX	I_emission	I_grid
	15/11/2022 14:15:05	-67.249000E-3	561.000000E-12	296.000000E-12	4.996000E-9	454.900000E-9	484.590000E-6	260.000000E+0	-5.163000E+0	4.293361E+3	NaN	NaN
	15/11/2022 14:15:12	-67.276000E-3	561.000000E-12	296.000000E-12	4.996000E-9	454.900000E-9	487.540000E-6	260.000000E+0	-5.050000E+0	4.293361E+3	NaN	NaN
	15/11/2022 14:15:19	-66.733000E-3	561.000000E-12	296.000000E-12	4.996000E-9	454.900000E-9	481.370000E-6	260.000000E+0	-5.163000E+0	4.293473E+3	NaN	NaN
	15/11/2022 14:15:26	-66.832000E-3	562.000000E-12	296.000000E-12	4.996000E-9	454.900000E-9	496.890000E-6	259.000000E+0	-5.163000E+0	4.293585E+3	NaN	NaN
	15/11/2022 14:15:33	-66.978000E-3	562.000000E-12	297.000000E-12	4.996000E-9	454.900000E-9	487.030000E-6	260.000000E+0	-5.163000E+0	4.293585E+3	NaN	NaN
	15/11/2022 14:15:41	-66.313000E-3	562.000000E-12	296.000000E-12	4.996000E-9	454.900000E-9	483.840000E-6	259.000000E+0	-5.163000E+0	4.293585E+3	NaN	NaN
	15/11/2022 14:15:48	-67.076000E-3	562.000000E-12	296.000000E-12	4.996000E-9	455.500000E-9	485.300000E-6	260.000000E+0	-5.275000E+0	4.293585E+3	NaN	NaN
	15/11/2022 14:15:55	-66.683000E-3	562.000000E-12	296.000000E-12	4.996000E-9	454.900000E-9	490.730000E-6	259.000000E+0	-5.163000E+0	4.293698E+3	NaN	NaN
	15/11/2022 14:16:02	-67.151000E-3	561.000000E-12	296.000000E-12	4.996000E-9	455.500000E-9	489.740000E-6	259.000000E+0	-5.163000E+0	4.293698E+3	NaN	NaN
	15/11/2022 14:16:09	-66.906000E-3	562.000000E-12	296.000000E-12	4.996000E-9	455.500000E-9	489.260000E-6	259.000000E+0	-5.050000E+0	4.293585E+3	NaN	NaN
	15/11/2022 14:16:16	-67.374000E-3	562.000000E-12	297.000000E-12	4.996000E-9	455.500000E-9	481.610000E-6	259.000000E+0	-5.275000E+0	4.293698E+3	NaN	NaN
	15/11/2022 14:16:24	-66.805000E-3	562.000000E-12	296.000000E-12	4.996000E-9	455.500000E-9	484.080000E-6	259.000000E+0	-5.163000E+0	4.293698E+3	NaN	NaN
	15/11/2022 14:16:31	-66.954000E-3	563.000000E-12	297.000000E-12	4.996000E-9	456.000000E-9	510.690000E-6	259.000000E+0	-4.938000E+0	4.293922E+3	NaN	NaN
	15/11/2022 14:16:38	-67.028000E-3	562.000000E-12	296.000000E-12	4.996000E-9	456.000000E-9	685.270000E-6	259.000000E+0	-5.050000E+0	4.293922E+3	NaN	NaN
	15/11/2022 14:16:45	-67.103000E-3	562.000000E-12	296.000000E-12	4.996000E-9	456.000000E-9	528.450000E-6	259.000000E+0	-5.163000E+0	4.293810E+3	NaN	NaN
	15/11/2022 14:16:53	-66.757000E-3	562.000000E-12	296.000000E-12	4.996000E-9	455.500000E-9	483.100000E-6	259.000000E+0	-5.275000E+0	4.293810E+3	NaN	NaN
	15/11/2022 14:17:00	-66.879000E-3	562.000000E-12	295.000000E-12	4.996000E-9	456.000000E-9	490.010000E-6	259.000000E+0	-5.163000E+0	4.293810E+3	NaN	NaN
	15/11/2022 14:17:07	-66.781000E-3	562.000000E-12	295.000000E-12	4.996000E-9	455.500000E-9	486.280000E-6	259.000000E+0	-5.163000E+0	4.293810E+3	NaN	NaN
	15/11/2022 14:17:14	-66.608000E-3	563.000000E-12	297.000000E-12	4.996000E-9	456.000000E-9	479.640000E-6	259.000000E+0	-5.050000E+0	4.293922E+3	NaN	NaN
	15/11/2022 14:17:21	-67.249000E-3	562.000000E-12	296.000000E-12	4.996000E-9	456.000000E-9	483.840000E-6	259.000000E+0	-5.050000E+0	4.294034E+3	NaN	NaN
	15/11/2022 14:17:28	-66.832000E-3	562.000000E-12	296.000000E-12	4.996000E-9	456.000000E-9	488.520000E-6	259.000000E+0	-5.050000E+0	4.293922E+3	NaN	NaN
	15/11/2022 14:17:36	-66.313000E-3	562.000000E-12	296.000000E-12	4.996000E-9	456.000000E-9	486.550000E-6	259.000000E+0	-5.050000E+0	4.294034E+3	NaN	NaN
	15/11/2022 14:17:43	-67.127000E-3	562.000000E-12	296.000000E-12	4.996000E-9	456.600000E-9	483.570000E-6	259.000000E+0	-5.050000E+0	4.294147E+3	NaN	NaN
	15/11/2022 14:17:50	-67.076000E-3	562.000000E-12	296.000000E-12	4.996000E-9	456.000000E-9	491.710000E-6	259.000000E+0	-5.163000E+0	4.294034E+3	NaN	NaN
	15/11/2022 14:17:57	-66.954000E-3	562.000000E-12	296.000000E-12	4.996000E-9	457.100000E-9	484.820000E-6	259.000000E+0	-4.938000E+0	4.294034E+3	NaN	NaN
	15/11/2022 14:18:04	-66.781000E-3	562.000000E-12	295.000000E-12	4.996000E-9	456.600000E-9	486.790000E-6	259.000000E+0	-5.050000E+0	4.294147E+3	NaN	NaN
	15/11/2022 14:18:11	-67.052000E-3	563.000000E-12	297.000000E-12	4.996000E-9	457.100000E-9	480.150000E-6	259.000000E+0	-5.050000E+0	4.294034E+3	NaN	NaN
	15/11/2022 14:18:19	-66.733000E-3	562.000000E-12	296.000000E-12	4.996000E-9	457.100000E-9	480.150000E-6	259.000000E+0	-5.163000E+0	4.294259E+3	NaN	NaN
	15/11/2022 14:18:26	-66.954000E-3	563.000000E-12	297.000000E-12	4.996000E-9	457.700000E-9	498.150000E-6	259.000000E+0	-5.050000E+0	4.294147E+3	NaN	NaN
	15/11/2022 14:18:33	-66.733000E-3	563.000000E-12	296.000000E-12	4.996000E-9	457.100000E-9	514.420000E-6	259.000000E+0	-5.050000E+0	4.294371E+3	NaN	NaN
	15/11/2022 14:18:40	-66.561000E-3	563.000000E-12	296.000000E-12	4.996000E-9	457.700000E-9	519.570000E-6	259.000000E+0	-5.163000E+0	4.294371E+3	NaN	NaN
	15/11/2022 14:18:47	-66.930000E-3	564.000000E-12	299.000000E-12	4.996000E-9	457.700000E-9	485.300000E-6	259.000000E+0	-5.275000E+0	4.294259E+3	NaN	NaN
	15/11/2022 14:18:54	-66.659000E-3	565.000000E-12	297.000000E-12	4.996000E-9	457.700000E-9	490.990000E-6	259.000000E+0	-5.050000E+0	4.294259E+3	NaN	NaN
	15/11/2022 14:19:02	-66.832000E-3	565.000000E-12	298.000000E-12	4.996000E-9	457.100000E-9	500.860000E-6	258.000000E+0	-5.163000E+0	4.294371E+3	NaN	NaN
	15/11/2022 14:19:09	-66.584000E-3	563.000000E-12	298.000000E-12	4.996000E-9	457.700000E-9	484.320000E-6	258.000000E+0	-4.938000E+0	4.294371E+3	NaN	NaN
	15/11/2022 14:19:16	-67.052000E-3	564.000000E-12	297.000000E-12	4.996000E-9	457.700000E-9	497.400000E-6	259.000000E+0	-5.163000E+0	4.294483E+3	NaN	NaN
	15/11/2022 14:19:23	-66.832000E-3	564.000000E-12	298.000000E-12	4.996000E-9	457.700000E-9	502.080000E-6	258.000000E+0	-5.275000E+0	4.294483E+3	NaN	NaN
	15/11/2022 14:19:30	-66.411000E-3	565.000000E-12	299.000000E-12	4.996000E-9	457.700000E-9	528.690000E-6	258.000000E+0	-5.163000E+0	4.294371E+3	NaN	NaN
	15/11/2022 14:19:38	-67.177000E-3	564.000000E-12	296.000000E-12	4.996000E-9	457.700000E-9	497.880000E-6	258.000000E+0	-5.050000E+0	4.294371E+3	NaN	NaN
	15/11/2022 14:19:45	-66.239000E-3	564.000000E-12	297.000000E-12	4.996000E-9	457.700000E-9	489.740000E-6	258.000000E+0	-5.163000E+0	4.294483E+3	NaN	NaN
	15/11/2022 14:19:52	-66.978000E-3	564.000000E-12	299.000000E-12	4.996000E-9	457.700000E-9	485.060000E-6	258.000000E+0	-5.275000E+0	4.294596E+3	NaN	NaN
	15/11/2022 14:19:59	-66.337000E-3	564.000000E-12	297.000000E-12	4.996000E-9	457.700000E-9	486.550000E-6	258.000000E+0	-4.938000E+0	4.294483E+3	NaN	NaN
	15/11/2022 14:20:06	-66.757000E-3	564.000000E-12	298.000000E-12	4.996000E-9	458.200000E-9	490.990000E-6	258.000000E+0	-4.938000E+0	4.294708E+3	NaN	NaN
	15/11/2022 14:20:14	-67.005000E-3	564.000000E-12	297.000000E-12	4.996000E-9	458.200000E-9	486.280000E-6	258.000000E+0	-5.275000E+0	4.294483E+3	NaN	NaN
	15/11/2022 14:20:21	-66.707000E-3	564.000000E-12	297.000000E-12	4.996000E-9	458.200000E-9	486.050000E-6	258.000000E+0	-4.938000E+0	4.294596E+3	NaN	NaN
	15/11/2022 14:20:28	-66.733000E-3	564.000000E-12	297.000000E-12	4.996000E-9	458.200000E-9	483.100000E-6	258.000000E+0	-5.163000E+0	4.294820E+3	NaN	NaN
	15/11/2022 14:20:35	-66.635000E-3	565.000000E-12	297.000000E-12	4.996000E-9	458.200000E-9	495.430000E-6	258.000000E+0	-5.275000E+0	4.294708E+3	NaN	NaN
	15/11/2022 14:20:42	-66.856000E-3	564.000000E-12	297.000000E-12	4.996000E-9	458.200000E-9	497.400000E-6	258.000000E+0	-5.050000E+0	4.294708E+3	NaN	NaN
	15/11/2022 14:20:49	-66.707000E-3	565.000000E-12	298.000000E-12	4.996000E-9	458.200000E-9	487.300000E-6	258.000000E+0	-5.275000E+0	4.294708E+3	NaN	NaN
	15/11/2022 14:20:56	-66.510000E-3	564.000000E-12	298.000000E-12	4.996000E-9	458.800000E-9	489.740000E-6	258.000000E+0	-5.163000E+0	4.294708E+3	NaN	NaN
	15/11/2022 14:21:04	-66.906000E-3	564.000000E-12	298.000000E-12	4.996000E-9	458.800000E-9	462.380000E-6	258.000000E+0	-5.050000E+0	4.294596E+3	NaN	NaN
	15/11/2022 14:21:11	-66.832000E-3	564.000000E-12	297.000000E-12	4.996000E-9	458.800000E-9	489.740000E-6	258.000000E+0	-5.275000E+0	4.294596E+3	NaN	NaN
	15/11/2022 14:21:18	-66.781000E-3	564.000000E-12	297.000000E-12	4.996000E-9	458.800000E-9	487.030000E-6	258.000000E+0	-5.050000E+0	4.294932E+3	NaN	NaN
	15/11/2022 14:21:25	-66.930000E-3	565.000000E-12	298.000000E-12	4.996000E-9	458.800000E-9	488.760000E-6	258.000000E+0	-5.275000E+0	4.294596E+3	NaN	NaN
	15/11/2022 14:21:32	-66.683000E-3	565.000000E-12	298.000000E-12	4.996000E-9	458.800000E-9	487.030000E-6	258.000000E+0	-5.050000E+0	4.294820E+3	NaN	NaN
	15/11/2022 14:21:39	-66.707000E-3	564.000000E-12	298.000000E-12	4.996000E-9	458.800000E-9	495.910000E-6	258.000000E+0	-5.050000E+0	4.294708E+3	NaN	NaN
	15/11/2022 14:21:47	-67.076000E-3	564.000000E-12	296.000000E-12	4.996000E-9	459.300000E-9	488.280000E-6	258.000000E+0	-5.050000E+0	4.294820E+3	NaN	NaN
	15/11/2022 14:21:54	-66.435000E-3	563.000000E-12	298.000000E-12	4.996000E-9	458.800000E-9	487.770000E-6	258.000000E+0	-5.163000E+0	4.294932E+3	NaN	NaN
	15/11/2022 14:22:01	-66.486000E-3	564.000000E-12	298.000000E-12	4.996000E-9	459.300000E-9	493.940000E-6	258.000000E+0	-5.275000E+0	4.294820E+3	NaN	NaN
	15/11/2022 14:22:08	-66.584000E-3	564.000000E-12	298.000000E-12	4.996000E-9	459.300000E-9	483.570000E-6	258.000000E+0	-5.275000E+0	4.294932E+3	NaN	NaN
	15/11/2022 14:22:15	-67.249000E-3	563.000000E-12	297.000000E-12	4.996000E-9	459.300000E-9	488.280000E-6	258.000000E+0	-5.163000E+0	4.295045E+3	NaN	NaN
	15/11/2022 14:22:23	-66.262000E-3	564.000000E-12	297.000000E-12	4.996000E-9	459.300000E-9	482.860000E-6	257.000000E+0	-5.050000E+0	4.295045E+3	NaN	NaN
	15/11/2022 14:22:30	-67.571000E-3	563.000000E-12	297.000000E-12	4.996000E-9	459.900000E-9	496.890000E-6	258.000000E+0	-5.275000E+0	4.295045E+3	NaN	NaN
	15/11/2022 14:22:37	-67.005000E-3	565.000000E-12	299.000000E-12	4.996000E-9	459.900000E-9	485.810000E-6	258.000000E+0	-5.163000E+0	4.295045E+3	NaN	NaN
	15/11/2022 14:22:44	-67.005000E-3	564.000000E-12	297.000000E-12	4.996000E-9	459.900000E-9	507.740000E-6	257.000000E+0	-5.050000E+0	4.295045E+3	NaN	NaN
	15/11/2022 14:22:51	-67.177000E-3	564.000000E-12	297.000000E-12	4.996000E-9	459.900000E-9	487.030000E-6	257.000000E+0	-4.938000E+0	4.295157E+3	NaN	NaN
	15/11/2022 14:22:58	-67.005000E-3	564.000000E-12	298.000000E-12	4.996000E-9	459.900000E-9	483.100000E-6	257.000000E+0	-5.050000E+0	4.295381E+3	NaN	NaN
	15/11/2022 14:23:06	-66.781000E-3	564.000000E-12	298.000000E-12	4.996000E-9	459.900000E-9	487.540000E-6	257.000000E+0	-5.050000E+0	4.295269E+3	NaN	NaN
	15/11/2022 14:23:13	-66.561000E-3	564.000000E-12	297.000000E-12	4.996000E-9	459.900000E-9	495.430000E-6	257.000000E+0	-5.163000E+0	4.295157E+3	NaN	NaN
	15/11/2022 14:23:20	-66.462000E-3	565.000000E-12	298.000000E-12	4.996000E-9	460.400000E-9	485.300000E-6	258.000000E+0	-5.163000E+0	4.295157E+3	NaN	NaN
	15/11/2022 14:23:27	-66.930000E-3	564.000000E-12	297.000000E-12	4.996000E-9	459.900000E-9	484.320000E-6	257.000000E+0	-5.163000E+0	4.295269E+3	NaN	NaN
	15/11/2022 14:23:34	-66.462000E-3	565.000000E-12	299.000000E-12	4.996000E-9	461.500000E-9	498.620000E-6	257.000000E+0	-5.163000E+0	4.295269E+3	NaN	NaN
	15/11/2022 14:23:41	-67.052000E-3	564.000000E-12	297.000000E-12	4.996000E-9	460.400000E-9	490.730000E-6	257.000000E+0	-5.275000E+0	4.295381E+3	NaN	NaN
	15/11/2022 14:23:49	-66.856000E-3	565.000000E-12	298.000000E-12	4.996000E-9	461.500000E-9	480.620000E-6	257.000000E+0	-5.275000E+0	4.295606E+3	NaN	NaN
	15/11/2022 14:23:56	-66.435000E-3	565.000000E-12	299.000000E-12	4.996000E-9	461.500000E-9	486.550000E-6	257.000000E+0	-5.050000E+0	4.295381E+3	NaN	NaN
	15/11/2022 14:24:03	-67.052000E-3	565.000000E-12	298.000000E-12	4.996000E-9	462.100000E-9	482.110000E-6	257.000000E+0	-5.050000E+0	4.295381E+3	NaN	NaN
	15/11/2022 14:24:10	-67.028000E-3	564.000000E-12	297.000000E-12	4.996000E-9	462.100000E-9	491.710000E-6	257.000000E+0	-5.163000E+0	4.295606E+3	NaN	NaN
	15/11/2022 14:24:17	-66.608000E-3	565.000000E-12	297.000000E-12	4.996000E-9	462.100000E-9	482.590000E-6	257.000000E+0	-5.050000E+0	4.295381E+3	NaN	NaN
	15/11/2022 14:24:24	-67.547000E-3	565.000000E-12	299.000000E-12	4.996000E-9	462.100000E-9	491.470000E-6	257.000000E+0	-5.163000E+0	4.295718E+3	NaN	NaN
	15/11/2022 14:24:32	-67.276000E-3	565.000000E-12	298.000000E-12	4.996000E-9	462.100000E-9	490.250000E-6	257.000000E+0	-5.050000E+0	4.295606E+3	NaN	NaN
	15/11/2022 14:24:39	-66.978000E-3	564.000000E-12	298.000000E-12	4.996000E-9	462.100000E-9	482.590000E-6	257.000000E+0	-5.275000E+0	4.295606E+3	NaN	NaN
	15/11/2022 14:24:46	-66.781000E-3	565.000000E-12	298.000000E-12	4.996000E-9	462.100000E-9	490.730000E-6	257.000000E+0	-5.050000E+0	4.295606E+3	NaN	NaN
	15/11/2022 14:24:53	-66.879000E-3	564.000000E-12	297.000000E-12	4.996000E-9	462.100000E-9	483.840000E-6	257.000000E+0	-5.050000E+0	4.295493E+3	NaN	NaN
	15/11/2022 14:25:00	-67.151000E-3	564.000000E-12	298.000000E-12	4.996000E-9	462.100000E-9	464.110000E-6	257.000000E+0	-5.163000E+0	4.295606E+3	NaN	NaN
	15/11/2022 14:25:07	-66.683000E-3	564.000000E-12	298.000000E-12	4.996000E-9	462.100000E-9	486.280000E-6	257.000000E+0	-5.387000E+0	4.295606E+3	NaN	NaN
	15/11/2022 14:25:15	-67.225000E-3	565.000000E-12	299.000000E-12	4.996000E-9	462.600000E-9	486.050000E-6	257.000000E+0	-5.275000E+0	4.295606E+3	NaN	NaN
	15/11/2022 14:25:22	-66.832000E-3	564.000000E-12	298.000000E-12	4.996000E-9	462.100000E-9	486.550000E-6	257.000000E+0	-5.163000E+0	4.295606E+3	NaN	NaN
	15/11/2022 14:25:29	-66.879000E-3	564.000000E-12	297.000000E-12	4.996000E-9	462.600000E-9	482.590000E-6	257.000000E+0	-5.050000E+0	4.295606E+3	NaN	NaN
	15/11/2022 14:25:36	-67.177000E-3	565.000000E-12	298.000000E-12	4.996000E-9	462.600000E-9	482.860000E-6	257.000000E+0	-5.275000E+0	4.295718E+3	NaN	NaN
	15/11/2022 14:25:43	-66.733000E-3	565.000000E-12	298.000000E-12	4.996000E-9	462.600000E-9	508.250000E-6	257.000000E+0	-5.050000E+0	4.295718E+3	NaN	NaN
	15/11/2022 14:25:51	-67.076000E-3	565.000000E-12	298.000000E-12	4.996000E-9	462.600000E-9	488.280000E-6	257.000000E+0	-5.163000E+0	4.295606E+3	NaN	NaN
	15/11/2022 14:25:58	-66.364000E-3	565.000000E-12	298.000000E-12	4.996000E-9	462.600000E-9	490.250000E-6	257.000000E+0	-5.163000E+0	4.295942E+3	NaN	NaN
	15/11/2022 14:26:05	-67.052000E-3	565.000000E-12	297.000000E-12	4.996000E-9	462.600000E-9	497.640000E-6	256.000000E+0	-5.275000E+0	4.295942E+3	NaN	NaN
	15/11/2022 14:26:12	-66.930000E-3	565.000000E-12	298.000000E-12	4.996000E-9	462.600000E-9	485.300000E-6	257.000000E+0	-4.938000E+0	4.295942E+3	NaN	NaN
	15/11/2022 14:26:19	-66.388000E-3	566.000000E-12	298.000000E-12	4.996000E-9	462.600000E-9	479.640000E-6	256.000000E+0	-5.050000E+0	4.295718E+3	NaN	NaN
	15/11/2022 14:26:26	-66.879000E-3	565.000000E-12	299.000000E-12	4.996000E-9	462.600000E-9	485.570000E-6	256.000000E+0	-5.050000E+0	4.295830E+3	NaN	NaN
	15/11/2022 14:26:34	-66.584000E-3	565.000000E-12	298.000000E-12	4.996000E-9	462.600000E-9	489.260000E-6	256.000000E+0	-5.163000E+0	4.295942E+3	NaN	NaN
	15/11/2022 14:26:41	-66.781000E-3	565.000000E-12	297.000000E-12	4.996000E-9	462.600000E-9	472.010000E-6	256.000000E+0	-5.050000E+0	4.296167E+3	NaN	NaN
	15/11/2022 14:26:48	-66.781000E-3	565.000000E-12	298.000000E-12	4.996000E-9	462.600000E-9	489.000000E-6	256.000000E+0	-5.050000E+0	4.296055E+3	NaN	NaN
	15/11/2022 14:26:55	-66.659000E-3	565.000000E-12	299.000000E-12	4.996000E-9	462.600000E-9	478.890000E-6	256.000000E+0	-5.050000E+0	4.296055E+3	NaN	NaN
	15/11/2022 14:27:02	-67.151000E-3	564.000000E-12	297.000000E-12	4.996000E-9	463.200000E-9	481.370000E-6	256.000000E+0	-5.163000E+0	4.296055E+3	NaN	NaN
	15/11/2022 14:27:09	-66.462000E-3	564.000000E-12	298.000000E-12	4.996000E-9	462.600000E-9	468.550000E-6	256.000000E+0	-5.050000E+0	4.296055E+3	NaN	NaN
	15/11/2022 14:27:17	-66.805000E-3	564.000000E-12	298.000000E-12	4.996000E-9	462.600000E-9	490.010000E-6	256.000000E+0	-5.050000E+0	4.296167E+3	NaN	NaN
	15/11/2022 14:27:24	-66.635000E-3	564.000000E-12	299.000000E-12	4.996000E-9	463.200000E-9	472.490000E-6	256.000000E+0	-5.275000E+0	4.296167E+3	NaN	NaN
	15/11/2022 14:27:31	-67.374000E-3	565.000000E-12	297.000000E-12	4.996000E-9	463.200000E-9	488.280000E-6	256.000000E+0	-5.163000E+0	4.296167E+3	NaN	NaN
	15/11/2022 14:27:38	-66.707000E-3	565.000000E-12	298.000000E-12	4.996000E-9	463.200000E-9	486.050000E-6	256.000000E+0	-5.163000E+0	4.296167E+3	NaN	NaN
	15/11/2022 14:27:45	-67.028000E-3	565.000000E-12	299.000000E-12	4.996000E-9	463.200000E-9	503.060000E-6	256.000000E+0	-5.163000E+0	4.296167E+3	NaN	NaN
	15/11/2022 14:27:53	-66.954000E-3	565.000000E-12	299.000000E-12	4.996000E-9	463.200000E-9	488.280000E-6	256.000000E+0	-5.163000E+0	4.296279E+3	NaN	NaN
	15/11/2022 14:28:00	-66.608000E-3	564.000000E-12	296.000000E-12	4.996000E-9	463.200000E-9	491.710000E-6	256.000000E+0	-5.163000E+0	4.296279E+3	NaN	NaN
	15/11/2022 14:28:07	-67.052000E-3	564.000000E-12	297.000000E-12	4.996000E-9	463.200000E-9	482.350000E-6	256.000000E+0	-5.163000E+0	4.296279E+3	NaN	NaN
	15/11/2022 14:28:14	-66.856000E-3	565.000000E-12	298.000000E-12	4.996000E-9	463.200000E-9	494.180000E-6	256.000000E+0	-5.050000E+0	4.296391E+3	NaN	NaN
	15/11/2022 14:28:21	-66.879000E-3	565.000000E-12	298.000000E-12	4.996000E-9	463.200000E-9	490.250000E-6	256.000000E+0	-5.050000E+0	4.296167E+3	NaN	NaN
	15/11/2022 14:28:29	-67.571000E-3	564.000000E-12	298.000000E-12	4.996000E-9	463.200000E-9	489.500000E-6	256.000000E+0	-5.163000E+0	4.296504E+3	NaN	NaN
	15/11/2022 14:28:36	-66.707000E-3	563.000000E-12	297.000000E-12	4.996000E-9	463.200000E-9	491.230000E-6	256.000000E+0	-5.275000E+0	4.296504E+3	NaN	NaN
	15/11/2022 14:28:43	-67.276000E-3	564.000000E-12	298.000000E-12	4.996000E-9	463.200000E-9	498.620000E-6	255.000000E+0	-5.050000E+0	4.296504E+3	NaN	NaN
	15/11/2022 14:28:50	-66.832000E-3	564.000000E-12	297.000000E-12	4.996000E-9	463.200000E-9	510.690000E-6	255.000000E+0	-5.163000E+0	4.296504E+3	NaN	NaN
	15/11/2022 14:28:57	-67.201000E-3	564.000000E-12	298.000000E-12	4.996000E-9	463.200000E-9	495.670000E-6	256.000000E+0	-5.163000E+0	4.296279E+3	NaN	NaN
	15/11/2022 14:29:04	-67.374000E-3	564.000000E-12	298.000000E-12	4.996000E-9	463.200000E-9	484.820000E-6	256.000000E+0	-5.050000E+0	4.296616E+3	NaN	NaN
	15/11/2022 14:29:12	-66.978000E-3	564.000000E-12	297.000000E-12	4.996000E-9	463.200000E-9	483.100000E-6	256.000000E+0	-5.163000E+0	4.296504E+3	NaN	NaN
	15/11/2022 14:29:19	-66.584000E-3	565.000000E-12	298.000000E-12	4.996000E-9	463.200000E-9	488.280000E-6	256.000000E+0	-5.050000E+0	4.296391E+3	NaN	NaN
	15/11/2022 14:29:26	-66.608000E-3	564.000000E-12	296.000000E-12	4.996000E-9	463.200000E-9	465.100000E-6	256.000000E+0	-5.050000E+0	4.296391E+3	NaN	NaN
	15/11/2022 14:29:33	-66.832000E-3	564.000000E-12	297.000000E-12	4.996000E-9	463.200000E-9	488.760000E-6	255.000000E+0	-5.163000E+0	4.296504E+3	NaN	NaN
	15/11/2022 14:29:40	-67.028000E-3	564.000000E-12	298.000000E-12	4.996000E-9	463.200000E-9	484.590000E-6	256.000000E+0	-5.050000E+0	4.296504E+3	NaN	NaN
	15/11/2022 14:29:48	-67.472000E-3	563.000000E-12	298.000000E-12	4.996000E-9	463.200000E-9	483.570000E-6	255.000000E+0	-5.050000E+0	4.296504E+3	NaN	NaN
	15/11/2022 14:29:55	-67.595000E-3	563.000000E-12	297.000000E-12	4.996000E-9	463.200000E-9	483.330000E-6	255.000000E+0	-5.387000E+0	4.296616E+3	NaN	NaN
	15/11/2022 14:30:02	-69.469000E-3	564.000000E-12	299.000000E-12	4.996000E-9	463.200000E-9	467.810000E-6	255.000000E+0	-5.163000E+0	4.296616E+3	NaN	NaN
	15/11/2022 14:30:09	-66.510000E-3	564.000000E-12	298.000000E-12	4.996000E-9	463.200000E-9	490.250000E-6	255.000000E+0	-5.163000E+0	4.296728E+3	NaN	NaN
	15/11/2022 14:30:16	-66.510000E-3	564.000000E-12	297.000000E-12	4.996000E-9	463.200000E-9	482.860000E-6	255.000000E+0	-5.050000E+0	4.296616E+3	NaN	NaN
	15/11/2022 14:30:23	-66.930000E-3	564.000000E-12	298.000000E-12	4.996000E-9	463.200000E-9	486.050000E-6	255.000000E+0	-5.050000E+0	4.296728E+3	NaN	NaN
	15/11/2022 14:30:31	-66.707000E-3	564.000000E-12	298.000000E-12	4.996000E-9	463.200000E-9	483.570000E-6	255.000000E+0	-5.163000E+0	4.296840E+3	NaN	NaN
	15/11/2022 14:30:38	-66.930000E-3	564.000000E-12	297.000000E-12	4.996000E-9	463.800000E-9	490.010000E-6	255.000000E+0	-5.275000E+0	4.296952E+3	NaN	NaN
	15/11/2022 14:30:45	-66.140000E-3	564.000000E-12	298.000000E-12	4.996000E-9	463.200000E-9	487.540000E-6	255.000000E+0	-5.275000E+0	4.296728E+3	NaN	NaN
	15/11/2022 14:30:52	-66.659000E-3	564.000000E-12	298.000000E-12	4.996000E-9	463.200000E-9	489.500000E-6	255.000000E+0	-4.826000E+0	4.296504E+3	NaN	NaN
	15/11/2022 14:30:59	-66.313000E-3	564.000000E-12	298.000000E-12	4.996000E-9	468.200000E-9	488.010000E-6	255.000000E+0	-5.275000E+0	4.296279E+3	NaN	NaN
	15/11/2022 14:31:06	-66.930000E-3	564.000000E-12	298.000000E-12	4.996000E-9	468.200000E-9	490.490000E-6	255.000000E+0	-5.163000E+0	4.296055E+3	NaN	NaN
	15/11/2022 14:31:14	-67.177000E-3	564.000000E-12	298.000000E-12	4.996000E-9	467.700000E-9	484.080000E-6	255.000000E+0	-5.163000E+0	4.296055E+3	NaN	NaN
	15/11/2022 14:31:21	-66.486000E-3	564.000000E-12	298.000000E-12	4.996000E-9	467.700000E-9	490.490000E-6	255.000000E+0	-5.163000E+0	4.295830E+3	NaN	NaN
	15/11/2022 14:31:28	-67.398000E-3	564.000000E-12	297.000000E-12	4.996000E-9	467.700000E-9	490.490000E-6	255.000000E+0	-4.938000E+0	4.295942E+3	NaN	NaN
	15/11/2022 14:31:35	-66.856000E-3	565.000000E-12	298.000000E-12	4.996000E-9	467.100000E-9	497.130000E-6	255.000000E+0	-5.163000E+0	4.295942E+3	NaN	NaN
	15/11/2022 14:31:42	-67.005000E-3	564.000000E-12	298.000000E-12	4.996000E-9	466.500000E-9	490.730000E-6	255.000000E+0	-5.163000E+0	4.295942E+3	NaN	NaN
	15/11/2022 14:31:49	-66.879000E-3	564.000000E-12	299.000000E-12	4.996000E-9	463.800000E-9	484.080000E-6	255.000000E+0	-4.938000E+0	4.296055E+3	NaN	NaN
	15/11/2022 14:31:57	-66.757000E-3	565.000000E-12	297.000000E-12	4.996000E-9	463.800000E-9	486.550000E-6	255.000000E+0	-5.275000E+0	4.295942E+3	NaN	NaN
	15/11/2022 14:32:04	-67.103000E-3	565.000000E-12	297.000000E-12	4.996000E-9	463.200000E-9	487.030000E-6	255.000000E+0	-5.050000E+0	4.296167E+3	NaN	NaN
	15/11/2022 14:32:11	-66.954000E-3	565.000000E-12	298.000000E-12	4.996000E-9	463.800000E-9	488.010000E-6	255.000000E+0	-5.050000E+0	4.296279E+3	NaN	NaN
	15/11/2022 14:32:18	-66.608000E-3	565.000000E-12	298.000000E-12	4.996000E-9	463.800000E-9	486.550000E-6	255.000000E+0	-5.275000E+0	4.296279E+3	NaN	NaN
	15/11/2022 14:32:25	-66.411000E-3	565.000000E-12	298.000000E-12	4.996000E-9	463.800000E-9	470.520000E-6	255.000000E+0	-5.163000E+0	4.296504E+3	NaN	NaN
	15/11/2022 14:32:33	-67.151000E-3	565.000000E-12	298.000000E-12	4.996000E-9	463.800000E-9	479.160000E-6	255.000000E+0	-5.163000E+0	4.296504E+3	NaN	NaN
	15/11/2022 14:32:40	-66.879000E-3	565.000000E-12	298.000000E-12	4.996000E-9	463.800000E-9	483.570000E-6	255.000000E+0	-5.050000E+0	4.296616E+3	NaN	NaN
	15/11/2022 14:32:47	-68.384000E-3	566.000000E-12	298.000000E-12	4.996000E-9	463.800000E-9	487.030000E-6	255.000000E+0	-5.050000E+0	4.296616E+3	NaN	NaN
	15/11/2022 14:32:54	-66.337000E-3	566.000000E-12	299.000000E-12	4.996000E-9	463.800000E-9	470.280000E-6	254.000000E+0	-5.387000E+0	4.296616E+3	NaN	NaN
	15/11/2022 14:33:01	-66.805000E-3	565.000000E-12	298.000000E-12	4.996000E-9	463.800000E-9	485.810000E-6	255.000000E+0	-5.050000E+0	4.296616E+3	NaN	NaN
	15/11/2022 14:33:09	-66.906000E-3	565.000000E-12	298.000000E-12	4.996000E-9	463.800000E-9	490.250000E-6	254.000000E+0	-5.050000E+0	4.296952E+3	NaN	NaN
	15/11/2022 14:33:16	-67.127000E-3	565.000000E-12	299.000000E-12	4.996000E-9	463.800000E-9	490.250000E-6	254.000000E+0	-5.050000E+0	4.296728E+3	NaN	NaN
	15/11/2022 14:33:23	-66.707000E-3	565.000000E-12	299.000000E-12	4.996000E-9	463.800000E-9	488.520000E-6	254.000000E+0	-5.163000E+0	4.296952E+3	NaN	NaN
	15/11/2022 14:33:30	-66.733000E-3	565.000000E-12	299.000000E-12	4.996000E-9	463.800000E-9	487.030000E-6	254.000000E+0	-5.050000E+0	4.296952E+3	NaN	NaN
	15/11/2022 14:33:37	-66.707000E-3	565.000000E-12	297.000000E-12	4.996000E-9	465.400000E-9	486.550000E-6	254.000000E+0	-5.163000E+0	4.297065E+3	NaN	NaN
	15/11/2022 14:33:44	-67.151000E-3	565.000000E-12	298.000000E-12	4.996000E-9	466.500000E-9	482.110000E-6	254.000000E+0	-5.275000E+0	4.297177E+3	NaN	NaN
	15/11/2022 14:33:52	-66.733000E-3	565.000000E-12	297.000000E-12	4.996000E-9	467.100000E-9	482.590000E-6	254.000000E+0	-5.163000E+0	4.297065E+3	NaN	NaN
	15/11/2022 14:33:59	-66.856000E-3	566.000000E-12	298.000000E-12	4.996000E-9	467.700000E-9	484.590000E-6	254.000000E+0	-5.050000E+0	4.296952E+3	NaN	NaN
	15/11/2022 14:34:06	-66.733000E-3	564.000000E-12	298.000000E-12	4.996000E-9	467.700000E-9	484.320000E-6	254.000000E+0	-5.050000E+0	4.297289E+3	NaN	NaN
	15/11/2022 14:34:13	-66.635000E-3	564.000000E-12	298.000000E-12	4.996000E-9	467.700000E-9	494.690000E-6	254.000000E+0	-5.275000E+0	4.297289E+3	NaN	NaN
	15/11/2022 14:34:20	-66.954000E-3	564.000000E-12	298.000000E-12	4.996000E-9	467.700000E-9	481.610000E-6	254.000000E+0	-5.050000E+0	4.297401E+3	NaN	NaN
	15/11/2022 14:34:27	-66.683000E-3	565.000000E-12	298.000000E-12	4.996000E-9	467.700000E-9	481.610000E-6	254.000000E+0	-5.163000E+0	4.297289E+3	NaN	NaN
	15/11/2022 14:34:35	-67.103000E-3	564.000000E-12	299.000000E-12	4.996000E-9	467.700000E-9	485.810000E-6	254.000000E+0	-5.163000E+0	4.297401E+3	NaN	NaN
	15/11/2022 14:34:42	-66.561000E-3	565.000000E-12	297.000000E-12	4.996000E-9	467.700000E-9	484.820000E-6	254.000000E+0	-5.050000E+0	4.297289E+3	NaN	NaN
	15/11/2022 14:34:49	-66.388000E-3	565.000000E-12	297.000000E-12	4.996000E-9	467.700000E-9	491.980000E-6	254.000000E+0	-5.050000E+0	4.297289E+3	NaN	NaN
	15/11/2022 14:34:56	-67.005000E-3	565.000000E-12	1.010000E-9	4.996000E-9	467.700000E-9	487.300000E-6	254.000000E+0	-5.163000E+0	4.297401E+3	NaN	NaN
	15/11/2022 14:35:03	-66.978000E-3	11.200000E-9	4.990000E-9	4.996000E-9	467.700000E-9	486.550000E-6	254.000000E+0	-5.275000E+0	4.297401E+3	NaN	NaN
	15/11/2022 14:35:11	-66.289000E-3	1.120000E-9	983.000000E-12	4.996000E-9	467.700000E-9	484.590000E-6	254.000000E+0	-5.275000E+0	4.297514E+3	NaN	NaN
	15/11/2022 14:35:18	-66.856000E-3	705.000000E-12	530.000000E-12	4.996000E-9	463.800000E-9	484.590000E-6	254.000000E+0	-5.163000E+0	4.297514E+3	NaN	NaN
	15/11/2022 14:35:25	-66.683000E-3	665.000000E-12	476.000000E-12	4.996000E-9	463.800000E-9	488.520000E-6	254.000000E+0	-5.050000E+0	4.297289E+3	NaN	NaN
	15/11/2022 14:35:32	-66.954000E-3	648.000000E-12	441.000000E-12	4.996000E-9	463.800000E-9	447.600000E-6	253.000000E+0	-5.050000E+0	4.297289E+3	NaN	NaN
	15/11/2022 14:35:39	-67.052000E-3	618.000000E-12	415.000000E-12	4.996000E-9	463.800000E-9	487.030000E-6	254.000000E+0	-5.163000E+0	4.297401E+3	NaN	NaN
	15/11/2022 14:35:46	-66.879000E-3	619.000000E-12	400.000000E-12	4.996000E-9	463.800000E-9	480.620000E-6	254.000000E+0	-5.163000E+0	4.297401E+3	NaN	NaN
	15/11/2022 14:35:54	-66.781000E-3	611.000000E-12	392.000000E-12	4.996000E-9	463.800000E-9	472.990000E-6	254.000000E+0	-5.050000E+0	4.297514E+3	NaN	NaN
	15/11/2022 14:36:01	-67.225000E-3	610.000000E-12	385.000000E-12	4.996000E-9	463.800000E-9	484.590000E-6	254.000000E+0	-5.163000E+0	4.297514E+3	NaN	NaN
	15/11/2022 14:36:08	-67.052000E-3	595.000000E-12	374.000000E-12	4.996000E-9	463.800000E-9	448.820000E-6	254.000000E+0	-5.275000E+0	4.297289E+3	NaN	NaN
	15/11/2022 14:36:15	-67.398000E-3	598.000000E-12	368.000000E-12	4.996000E-9	463.800000E-9	477.430000E-6	254.000000E+0	-5.163000E+0	4.297401E+3	NaN	NaN
	15/11/2022 14:36:22	-67.225000E-3	598.000000E-12	365.000000E-12	4.996000E-9	464.900000E-9	472.250000E-6	253.000000E+0	-5.050000E+0	4.297401E+3	NaN	NaN
	15/11/2022 14:36:29	-67.076000E-3	600.000000E-12	364.000000E-12	4.996000E-9	466.500000E-9	467.060000E-6	253.000000E+0	-5.050000E+0	4.297626E+3	NaN	NaN
	15/11/2022 14:36:37	-66.781000E-3	594.000000E-12	358.000000E-12	4.996000E-9	467.100000E-9	452.760000E-6	253.000000E+0	-5.050000E+0	4.297626E+3	NaN	NaN
	15/11/2022 14:36:44	-66.805000E-3	587.000000E-12	352.000000E-12	4.996000E-9	467.100000E-9	489.740000E-6	254.000000E+0	-5.050000E+0	4.297401E+3	NaN	NaN
	15/11/2022 14:36:51	-66.462000E-3	590.000000E-12	351.000000E-12	4.996000E-9	466.500000E-9	506.280000E-6	253.000000E+0	-5.163000E+0	4.297514E+3	NaN	NaN
	15/11/2022 14:36:58	-67.347000E-3	587.000000E-12	351.000000E-12	4.996000E-9	467.100000E-9	489.740000E-6	253.000000E+0	-5.050000E+0	4.297401E+3	NaN	NaN
	15/11/2022 14:37:05	-66.707000E-3	583.000000E-12	347.000000E-12	4.996000E-9	467.700000E-9	472.490000E-6	253.000000E+0	-5.050000E+0	4.297514E+3	NaN	NaN
	15/11/2022 14:37:12	-66.707000E-3	585.000000E-12	344.000000E-12	4.996000E-9	467.100000E-9	456.450000E-6	253.000000E+0	-4.938000E+0	4.297514E+3	NaN	NaN
	15/11/2022 14:37:20	-67.472000E-3	585.000000E-12	343.000000E-12	4.996000E-9	467.700000E-9	488.760000E-6	253.000000E+0	-5.163000E+0	4.297626E+3	NaN	NaN
	15/11/2022 14:37:27	-66.388000E-3	586.000000E-12	343.000000E-12	4.996000E-9	467.700000E-9	485.300000E-6	253.000000E+0	-5.163000E+0	4.297626E+3	NaN	NaN
	15/11/2022 14:37:34	-67.005000E-3	585.000000E-12	342.000000E-12	4.996000E-9	467.700000E-9	493.440000E-6	253.000000E+0	-5.050000E+0	4.297514E+3	NaN	NaN
	15/11/2022 14:37:41	-66.534000E-3	581.000000E-12	341.000000E-12	4.996000E-9	467.700000E-9	483.840000E-6	253.000000E+0	-5.275000E+0	4.297850E+3	NaN	NaN
	15/11/2022 14:37:48	-67.496000E-3	584.000000E-12	339.000000E-12	4.996000E-9	467.700000E-9	481.870000E-6	253.000000E+0	-5.050000E+0	4.297514E+3	NaN	NaN
	15/11/2022 14:37:55	-66.584000E-3	586.000000E-12	339.000000E-12	4.996000E-9	467.700000E-9	487.300000E-6	253.000000E+0	-5.163000E+0	4.297626E+3	NaN	NaN
	15/11/2022 14:38:03	-66.486000E-3	580.000000E-12	339.000000E-12	4.996000E-9	467.700000E-9	487.030000E-6	253.000000E+0	-5.163000E+0	4.297626E+3	NaN	NaN
	15/11/2022 14:38:10	-66.584000E-3	575.000000E-12	335.000000E-12	4.996000E-9	467.700000E-9	449.300000E-6	253.000000E+0	-5.163000E+0	4.297626E+3	NaN	NaN
	15/11/2022 14:38:17	-66.856000E-3	572.000000E-12	334.000000E-12	4.996000E-9	467.700000E-9	485.060000E-6	253.000000E+0	-5.163000E+0	4.297738E+3	NaN	NaN
	15/11/2022 14:38:24	-67.177000E-3	572.000000E-12	335.000000E-12	4.996000E-9	467.700000E-9	490.490000E-6	253.000000E+0	-5.275000E+0	4.297738E+3	NaN	NaN
	15/11/2022 14:38:31	-66.683000E-3	577.000000E-12	337.000000E-12	4.996000E-9	467.700000E-9	488.280000E-6	253.000000E+0	-5.050000E+0	4.297514E+3	NaN	NaN
	15/11/2022 14:38:38	-67.177000E-3	572.000000E-12	332.000000E-12	4.996000E-9	467.700000E-9	465.330000E-6	253.000000E+0	-5.275000E+0	4.297514E+3	NaN	NaN
	15/11/2022 14:38:46	-66.856000E-3	570.000000E-12	329.000000E-12	4.996000E-9	467.700000E-9	480.380000E-6	253.000000E+0	-5.050000E+0	4.297738E+3	NaN	NaN
	15/11/2022 14:38:53	-67.249000E-3	574.000000E-12	330.000000E-12	4.996000E-9	467.700000E-9	490.490000E-6	253.000000E+0	-5.050000E+0	4.297738E+3	NaN	NaN
	15/11/2022 14:39:00	-66.978000E-3	583.000000E-12	332.000000E-12	4.996000E-9	467.700000E-9	492.450000E-6	253.000000E+0	-5.050000E+0	4.297850E+3	NaN	NaN
	15/11/2022 14:39:07	-66.388000E-3	579.000000E-12	331.000000E-12	4.996000E-9	467.700000E-9	455.470000E-6	253.000000E+0	-5.050000E+0	4.297738E+3	NaN	NaN
	15/11/2022 14:39:14	-71.046000E-3	574.000000E-12	328.000000E-12	4.996000E-9	467.700000E-9	485.300000E-6	253.000000E+0	-5.050000E+0	4.297850E+3	NaN	NaN
	15/11/2022 14:39:22	-66.954000E-3	576.000000E-12	328.000000E-12	4.996000E-9	467.700000E-9	487.770000E-6	253.000000E+0	-5.050000E+0	4.297738E+3	NaN	NaN
	15/11/2022 14:39:29	-66.707000E-3	574.000000E-12	328.000000E-12	4.996000E-9	467.700000E-9	483.570000E-6	253.000000E+0	-5.387000E+0	4.297850E+3	NaN	NaN
	15/11/2022 14:39:36	-66.635000E-3	575.000000E-12	328.000000E-12	4.996000E-9	467.700000E-9	483.840000E-6	253.000000E+0	-5.050000E+0	4.297850E+3	NaN	NaN
	15/11/2022 14:39:43	-66.635000E-3	577.000000E-12	327.000000E-12	4.996000E-9	467.700000E-9	468.550000E-6	252.000000E+0	-5.163000E+0	4.297963E+3	NaN	NaN
	15/11/2022 14:39:50	-66.856000E-3	574.000000E-12	326.000000E-12	4.996000E-9	468.200000E-9	484.820000E-6	253.000000E+0	-5.163000E+0	4.297850E+3	NaN	NaN
	15/11/2022 14:39:57	-67.127000E-3	570.000000E-12	327.000000E-12	4.996000E-9	468.200000E-9	485.060000E-6	252.000000E+0	-5.163000E+0	4.297963E+3	NaN	NaN
	15/11/2022 14:40:05	-66.930000E-3	571.000000E-12	327.000000E-12	4.996000E-9	468.200000E-9	475.200000E-6	252.000000E+0	-5.163000E+0	4.297963E+3	NaN	NaN
	15/11/2022 14:40:12	-67.276000E-3	565.000000E-12	325.000000E-12	4.996000E-9	468.200000E-9	450.040000E-6	252.000000E+0	-5.050000E+0	4.297850E+3	NaN	NaN
	15/11/2022 14:40:19	-67.323000E-3	567.000000E-12	323.000000E-12	4.996000E-9	468.200000E-9	465.330000E-6	252.000000E+0	-5.163000E+0	4.298075E+3	NaN	NaN
	15/11/2022 14:40:26	-66.954000E-3	576.000000E-12	323.000000E-12	4.996000E-9	468.200000E-9	487.030000E-6	252.000000E+0	-5.050000E+0	4.297850E+3	NaN	NaN
	15/11/2022 14:40:33	-67.103000E-3	576.000000E-12	326.000000E-12	4.996000E-9	468.200000E-9	480.150000E-6	252.000000E+0	-5.275000E+0	4.297850E+3	NaN	NaN
	15/11/2022 14:40:41	-66.608000E-3	573.000000E-12	324.000000E-12	4.996000E-9	468.200000E-9	489.500000E-6	252.000000E+0	-5.163000E+0	4.298075E+3	NaN	NaN
	15/11/2022 14:40:48	-66.707000E-3	573.000000E-12	323.000000E-12	4.996000E-9	468.200000E-9	491.470000E-6	252.000000E+0	-5.050000E+0	4.297963E+3	NaN	NaN
	15/11/2022 14:40:55	-67.151000E-3	571.000000E-12	323.000000E-12	4.996000E-9	468.800000E-9	488.520000E-6	252.000000E+0	-5.050000E+0	4.297850E+3	NaN	NaN
	15/11/2022 14:41:02	-67.323000E-3	580.000000E-12	324.000000E-12	4.996000E-9	468.800000E-9	486.280000E-6	252.000000E+0	-5.275000E+0	4.298075E+3	NaN	NaN
	15/11/2022 14:41:09	-67.028000E-3	582.000000E-12	322.000000E-12	4.996000E-9	468.800000E-9	484.590000E-6	252.000000E+0	-5.050000E+0	4.297963E+3	NaN	NaN
	15/11/2022 14:41:17	-66.781000E-3	581.000000E-12	322.000000E-12	4.996000E-9	468.800000E-9	483.330000E-6	252.000000E+0	-5.050000E+0	4.297963E+3	NaN	NaN
	15/11/2022 14:41:24	-67.052000E-3	580.000000E-12	322.000000E-12	4.996000E-9	468.800000E-9	483.100000E-6	252.000000E+0	-5.050000E+0	4.298075E+3	NaN	NaN
	15/11/2022 14:41:31	-67.103000E-3	581.000000E-12	322.000000E-12	4.996000E-9	468.800000E-9	481.870000E-6	252.000000E+0	-4.938000E+0	4.298075E+3	NaN	NaN
	15/11/2022 14:41:38	-66.510000E-3	583.000000E-12	323.000000E-12	4.996000E-9	468.800000E-9	474.450000E-6	252.000000E+0	-5.163000E+0	4.298075E+3	NaN	NaN
	15/11/2022 14:41:45	-70.208000E-3	580.000000E-12	319.000000E-12	4.996000E-9	468.800000E-9	486.280000E-6	252.000000E+0	-5.275000E+0	4.298187E+3	NaN	NaN
	15/11/2022 14:41:52	-67.347000E-3	579.000000E-12	320.000000E-12	4.996000E-9	468.800000E-9	488.520000E-6	252.000000E+0	-5.050000E+0	4.298187E+3	NaN	NaN
	15/11/2022 14:42:00	-67.052000E-3	580.000000E-12	322.000000E-12	4.996000E-9	469.300000E-9	442.420000E-6	252.000000E+0	-5.163000E+0	4.297963E+3	NaN	NaN
	15/11/2022 14:42:07	-66.388000E-3	583.000000E-12	323.000000E-12	4.996000E-9	469.900000E-9	451.770000E-6	252.000000E+0	-5.275000E+0	4.298299E+3	NaN	NaN
	15/11/2022 14:42:14	-70.775000E-3	581.000000E-12	322.000000E-12	4.996000E-9	470.500000E-9	449.060000E-6	252.000000E+0	-5.050000E+0	4.298187E+3	NaN	NaN
	15/11/2022 14:42:21	-66.411000E-3	578.000000E-12	319.000000E-12	4.996000E-9	470.500000E-9	485.570000E-6	252.000000E+0	-5.163000E+0	4.298187E+3	NaN	NaN
	15/11/2022 14:42:28	-67.177000E-3	580.000000E-12	322.000000E-12	4.996000E-9	471.000000E-9	476.930000E-6	252.000000E+0	-5.275000E+0	4.298075E+3	NaN	NaN
	15/11/2022 14:42:36	-66.978000E-3	584.000000E-12	322.000000E-12	4.996000E-9	471.000000E-9	483.840000E-6	252.000000E+0	-5.163000E+0	4.298299E+3	NaN	NaN
	15/11/2022 14:42:43	-67.005000E-3	581.000000E-12	320.000000E-12	4.996000E-9	471.000000E-9	479.160000E-6	252.000000E+0	-5.050000E+0	4.298187E+3	NaN	NaN
	15/11/2022 14:42:50	-70.530000E-3	580.000000E-12	319.000000E-12	4.996000E-9	471.000000E-9	474.960000E-6	252.000000E+0	-5.163000E+0	4.298299E+3	NaN	NaN
	15/11/2022 14:42:57	-67.052000E-3	581.000000E-12	320.000000E-12	4.996000E-9	471.000000E-9	488.280000E-6	251.000000E+0	-5.050000E+0	4.298412E+3	NaN	NaN
	15/11/2022 14:43:04	-67.076000E-3	583.000000E-12	321.000000E-12	4.996000E-9	471.000000E-9	491.980000E-6	252.000000E+0	-5.050000E+0	4.298524E+3	NaN	NaN
	15/11/2022 14:43:11	-70.480000E-3	580.000000E-12	319.000000E-12	4.996000E-9	471.000000E-9	486.280000E-6	251.000000E+0	-5.163000E+0	4.298299E+3	NaN	NaN
	15/11/2022 14:43:19	-67.177000E-3	579.000000E-12	319.000000E-12	4.996000E-9	471.000000E-9	486.790000E-6	251.000000E+0	-5.050000E+0	4.298524E+3	NaN	NaN
	15/11/2022 14:43:26	-66.757000E-3	579.000000E-12	319.000000E-12	4.996000E-9	471.000000E-9	469.030000E-6	251.000000E+0	-5.163000E+0	4.298524E+3	NaN	NaN
	15/11/2022 14:43:33	-67.571000E-3	580.000000E-12	319.000000E-12	4.996000E-9	471.000000E-9	483.570000E-6	252.000000E+0	-5.275000E+0	4.298524E+3	NaN	NaN
	15/11/2022 14:43:40	-66.757000E-3	581.000000E-12	319.000000E-12	4.996000E-9	471.000000E-9	478.150000E-6	251.000000E+0	-5.275000E+0	4.298412E+3	NaN	NaN
	15/11/2022 14:43:47	-66.534000E-3	578.000000E-12	317.000000E-12	4.996000E-9	471.000000E-9	476.180000E-6	251.000000E+0	-5.163000E+0	4.298412E+3	NaN	NaN
	15/11/2022 14:43:54	-66.906000E-3	579.000000E-12	319.000000E-12	4.996000E-9	471.000000E-9	477.160000E-6	251.000000E+0	-5.163000E+0	4.298412E+3	NaN	NaN
	15/11/2022 14:44:02	-66.856000E-3	581.000000E-12	319.000000E-12	4.996000E-9	471.000000E-9	480.150000E-6	251.000000E+0	-5.163000E+0	4.298412E+3	NaN	NaN
	15/11/2022 14:44:09	-67.028000E-3	582.000000E-12	318.000000E-12	4.996000E-9	471.600000E-9	485.570000E-6	251.000000E+0	-5.163000E+0	4.298636E+3	NaN	NaN
	15/11/2022 14:44:16	-69.988000E-3	579.000000E-12	317.000000E-12	4.996000E-9	471.000000E-9	472.720000E-6	251.000000E+0	-4.938000E+0	4.298636E+3	NaN	NaN
	15/11/2022 14:44:23	-67.076000E-3	578.000000E-12	317.000000E-12	4.996000E-9	471.000000E-9	484.820000E-6	251.000000E+0	-5.275000E+0	4.298636E+3	NaN	NaN
	15/11/2022 14:44:30	-66.856000E-3	579.000000E-12	317.000000E-12	4.996000E-9	471.600000E-9	473.470000E-6	251.000000E+0	-5.163000E+0	4.298524E+3	NaN	NaN
	15/11/2022 14:44:37	-66.733000E-3	581.000000E-12	320.000000E-12	4.996000E-9	471.600000E-9	487.300000E-6	251.000000E+0	-5.275000E+0	4.298524E+3	NaN	NaN
	15/11/2022 14:44:45	-66.954000E-3	581.000000E-12	319.000000E-12	4.996000E-9	471.600000E-9	457.700000E-6	251.000000E+0	-5.163000E+0	4.298524E+3	NaN	NaN
	15/11/2022 14:44:52	-66.805000E-3	579.000000E-12	317.000000E-12	4.996000E-9	471.600000E-9	483.840000E-6	251.000000E+0	-5.163000E+0	4.298748E+3	NaN	NaN
	15/11/2022 14:44:59	-67.052000E-3	577.000000E-12	315.000000E-12	4.996000E-9	471.600000E-9	486.050000E-6	251.000000E+0	-4.938000E+0	4.298636E+3	NaN	NaN
	15/11/2022 14:45:06	-67.201000E-3	579.000000E-12	317.000000E-12	4.996000E-9	471.600000E-9	494.930000E-6	251.000000E+0	-5.163000E+0	4.298748E+3	NaN	NaN
	15/11/2022 14:45:13	-66.954000E-3	579.000000E-12	317.000000E-12	4.996000E-9	471.600000E-9	489.000000E-6	251.000000E+0	-5.050000E+0	4.298636E+3	NaN	NaN
	15/11/2022 14:45:21	-66.683000E-3	577.000000E-12	316.000000E-12	4.996000E-9	471.600000E-9	479.160000E-6	251.000000E+0	-5.275000E+0	4.298524E+3	NaN	NaN
	15/11/2022 14:45:28	-69.147000E-3	577.000000E-12	316.000000E-12	4.996000E-9	471.600000E-9	482.110000E-6	251.000000E+0	-5.275000E+0	4.298636E+3	NaN	NaN
	15/11/2022 14:45:35	-68.974000E-3	578.000000E-12	317.000000E-12	4.996000E-9	472.200000E-9	469.030000E-6	251.000000E+0	-5.050000E+0	4.298636E+3	NaN	NaN
	15/11/2022 14:45:42	-66.561000E-3	579.000000E-12	318.000000E-12	4.996000E-9	471.600000E-9	454.250000E-6	251.000000E+0	-4.938000E+0	4.298748E+3	NaN	NaN
	15/11/2022 14:45:49	-66.781000E-3	579.000000E-12	316.000000E-12	4.996000E-9	471.600000E-9	488.520000E-6	251.000000E+0	-5.050000E+0	4.298636E+3	NaN	NaN
	15/11/2022 14:45:57	-67.076000E-3	577.000000E-12	315.000000E-12	4.996000E-9	471.600000E-9	481.130000E-6	250.000000E+0	-5.275000E+0	4.298860E+3	NaN	NaN
	15/11/2022 14:46:04	-66.757000E-3	578.000000E-12	315.000000E-12	4.996000E-9	472.200000E-9	489.000000E-6	251.000000E+0	-5.275000E+0	4.298524E+3	NaN	NaN
	15/11/2022 14:46:11	-67.103000E-3	579.000000E-12	317.000000E-12	4.996000E-9	472.200000E-9	482.350000E-6	250.000000E+0	-5.050000E+0	4.298636E+3	NaN	NaN
	15/11/2022 14:46:18	-66.879000E-3	579.000000E-12	315.000000E-12	4.996000E-9	472.200000E-9	484.080000E-6	250.000000E+0	-4.938000E+0	4.298748E+3	NaN	NaN
	15/11/2022 14:46:25	-67.076000E-3	578.000000E-12	314.000000E-12	4.996000E-9	472.200000E-9	484.320000E-6	250.000000E+0	-5.050000E+0	4.298973E+3	NaN	NaN
	15/11/2022 14:46:32	-67.076000E-3	578.000000E-12	315.000000E-12	4.996000E-9	472.200000E-9	488.280000E-6	250.000000E+0	-5.050000E+0	4.298748E+3	NaN	NaN
	15/11/2022 14:46:40	-66.584000E-3	579.000000E-12	317.000000E-12	4.996000E-9	472.200000E-9	487.030000E-6	250.000000E+0	-5.163000E+0	4.298860E+3	NaN	NaN
	15/11/2022 14:46:47	-68.063000E-3	579.000000E-12	316.000000E-12	4.996000E-9	472.800000E-9	470.280000E-6	250.000000E+0	-5.163000E+0	4.298973E+3	NaN	NaN
	15/11/2022 14:46:54	-66.337000E-3	577.000000E-12	316.000000E-12	4.996000E-9	472.200000E-9	487.770000E-6	250.000000E+0	-5.050000E+0	4.298973E+3	NaN	NaN
	15/11/2022 14:47:01	-66.733000E-3	577.000000E-12	316.000000E-12	4.996000E-9	472.800000E-9	487.030000E-6	250.000000E+0	-5.163000E+0	4.298748E+3	NaN	NaN
	15/11/2022 14:47:08	-67.076000E-3	578.000000E-12	316.000000E-12	4.996000E-9	472.800000E-9	483.840000E-6	250.000000E+0	-5.163000E+0	4.298973E+3	NaN	NaN
	15/11/2022 14:47:16	-66.832000E-3	578.000000E-12	316.000000E-12	4.996000E-9	472.800000E-9	489.000000E-6	250.000000E+0	-5.163000E+0	4.298973E+3	NaN	NaN
	15/11/2022 14:47:23	-67.005000E-3	576.000000E-12	314.000000E-12	4.996000E-9	472.800000E-9	465.330000E-6	250.000000E+0	-5.387000E+0	4.298860E+3	NaN	NaN
	15/11/2022 14:47:30	-66.978000E-3	576.000000E-12	315.000000E-12	4.996000E-9	473.300000E-9	476.450000E-6	250.000000E+0	-5.163000E+0	4.298973E+3	NaN	NaN
	15/11/2022 14:47:37	-66.781000E-3	576.000000E-12	314.000000E-12	4.996000E-9	473.300000E-9	489.740000E-6	250.000000E+0	-5.050000E+0	4.299085E+3	NaN	NaN
	15/11/2022 14:47:44	-66.906000E-3	577.000000E-12	316.000000E-12	4.996000E-9	473.300000E-9	455.470000E-6	250.000000E+0	-5.050000E+0	4.298973E+3	NaN	NaN
	15/11/2022 14:47:51	-66.781000E-3	576.000000E-12	314.000000E-12	4.996000E-9	473.300000E-9	474.960000E-6	250.000000E+0	-5.163000E+0	4.298973E+3	NaN	NaN
	15/11/2022 14:47:59	-66.978000E-3	575.000000E-12	313.000000E-12	4.996000E-9	473.300000E-9	484.820000E-6	250.000000E+0	-5.163000E+0	4.298973E+3	NaN	NaN
