Live comments	Time	100mbar inj	Barion_2	Barion_1	DUAL experiment	DUAL insulation	1mbar inj	helium	T-platinum	T-CERNOX	V_heater	DUAL inj line	I_emission	I_grid
	16/05/2023 16:49:26	-2.089100E-3	4.290000E-9	1.760000E-9	4.996000E-9	499.000000E-9	398.270000E-3	273.000000E+0	-1.796000E+0	4.302115E+3	10.751000E-6	10.800000E-6	-735.900000E-12	NaN
	16/05/2023 16:49:35	-4.997800E-3	4.260000E-9	1.750000E-9	4.996000E-9	499.000000E-9	398.270000E-3	273.000000E+0	-1.683000E+0	4.302003E+3	9.855000E-6	10.800000E-6	-557.570000E-12	NaN
	16/05/2023 16:49:43	-1.692800E-3	4.280000E-9	1.750000E-9	4.996000E-9	499.000000E-9	398.320000E-3	273.000000E+0	-1.683000E+0	4.302115E+3	10.415000E-6	10.800000E-6	-675.740000E-12	NaN
	16/05/2023 16:49:52	-1.668900E-3	4.260000E-9	1.750000E-9	4.996000E-9	499.000000E-9	398.320000E-3	273.000000E+0	-1.908000E+0	4.301778E+3	10.079000E-6	10.800000E-6	-714.340000E-12	NaN
	16/05/2023 16:50:00	-1.323200E-3	4.280000E-9	1.740000E-9	4.996000E-9	499.000000E-9	398.310000E-3	272.000000E+0	-1.796000E+0	4.302227E+3	10.527000E-6	10.700000E-6	-705.860000E-12	NaN
	16/05/2023 16:50:09	-1.299400E-3	4.290000E-9	1.730000E-9	4.996000E-9	499.000000E-9	398.270000E-3	272.000000E+0	-1.683000E+0	4.302003E+3	10.863000E-6	10.700000E-6	-79.193000E-12	NaN
	16/05/2023 16:50:17	-2.065300E-3	4.260000E-9	1.740000E-9	4.996000E-9	499.000000E-9	398.280000E-3	272.000000E+0	-1.908000E+0	4.302003E+3	10.079000E-6	10.700000E-6	-847.890000E-12	NaN
	16/05/2023 16:50:26	-1.448400E-3	4.270000E-9	1.740000E-9	4.996000E-9	499.000000E-9	398.280000E-3	272.000000E+0	-1.908000E+0	4.302115E+3	10.639000E-6	10.700000E-6	-709.820000E-12	NaN
	16/05/2023 16:50:35	-4.997800E-3	4.270000E-9	1.740000E-9	4.996000E-9	499.000000E-9	398.310000E-3	272.000000E+0	-2.020000E+0	4.301778E+3	10.751000E-6	10.700000E-6	-763.300000E-12	NaN
	16/05/2023 16:50:43	-1.496100E-3	4.270000E-9	1.740000E-9	4.996000E-9	499.000000E-9	398.320000E-3	272.000000E+0	-1.908000E+0	4.302115E+3	10.415000E-6	10.600000E-6	-794.250000E-12	NaN
	16/05/2023 16:50:52	-1.201000E-3	4.270000E-9	1.740000E-9	4.996000E-9	499.000000E-9	398.270000E-3	272.000000E+0	-1.796000E+0	4.302227E+3	10.191000E-6	10.600000E-6	-794.070000E-12	NaN
	16/05/2023 16:51:00	-2.038500E-3	4.240000E-9	1.730000E-9	4.996000E-9	499.000000E-9	398.270000E-3	272.000000E+0	-1.908000E+0	4.301891E+3	10.863000E-6	10.600000E-6	-805.600000E-12	NaN
starting ESD measurement	16/05/2023 16:51:09	-1.323200E-3	4.260000E-9	1.730000E-9	4.996000E-9	499.000000E-9	398.280000E-3	272.000000E+0	-1.908000E+0	4.301891E+3	10.527000E-6	10.600000E-6	-795.730000E-12	NaN
	16/05/2023 16:51:17	-953.670000E-6	4.260000E-9	1.730000E-9	4.996000E-9	499.600000E-9	398.270000E-3	272.000000E+0	-2.020000E+0	4.301554E+3	10.639000E-6	10.600000E-6	-727.560000E-12	NaN
	16/05/2023 16:51:26	-1.668900E-3	4.250000E-9	1.740000E-9	4.996000E-9	500.200000E-9	398.270000E-3	272.000000E+0	-1.796000E+0	4.301217E+3	10.975000E-6	10.600000E-6	2.098400E-6	NaN
	16/05/2023 16:51:34	-1.150400E-3	4.250000E-9	1.740000E-9	4.996000E-9	500.200000E-9	398.270000E-3	272.000000E+0	-1.796000E+0	4.301330E+3	10.975000E-6	10.600000E-6	3.325200E-6	NaN
	16/05/2023 16:51:43	-1.668900E-3	4.280000E-9	1.740000E-9	4.996000E-9	500.200000E-9	398.270000E-3	272.000000E+0	-1.908000E+0	4.301105E+3	10.527000E-6	10.600000E-6	619.260000E-9	NaN
	16/05/2023 16:51:52	-1.522900E-3	4.620000E-9	1.810000E-9	4.996000E-9	500.200000E-9	398.270000E-3	272.000000E+0	-1.908000E+0	4.301554E+3	10.527000E-6	10.600000E-6	25.650000E-9	NaN
	16/05/2023 16:52:00	-1.177200E-3	4.910000E-9	1.890000E-9	4.996000E-9	499.600000E-9	398.270000E-3	272.000000E+0	-1.908000E+0	4.301105E+3	10.527000E-6	10.500000E-6	17.939000E-9	NaN
	16/05/2023 16:52:09	-1.102700E-3	4.910000E-9	1.880000E-9	4.996000E-9	499.600000E-9	398.270000E-3	272.000000E+0	-1.796000E+0	4.301554E+3	10.191000E-6	10.500000E-6	12.910000E-9	NaN
	16/05/2023 16:52:17	-1.350000E-3	4.930000E-9	1.880000E-9	4.996000E-9	499.600000E-9	398.270000E-3	272.000000E+0	-1.683000E+0	4.301330E+3	10.527000E-6	10.500000E-6	11.423300E-9	NaN
	16/05/2023 16:52:26	-1.150400E-3	4.930000E-9	1.880000E-9	4.996000E-9	499.600000E-9	398.270000E-3	272.000000E+0	-2.132000E+0	4.301330E+3	10.303000E-6	10.500000E-6	10.759300E-9	NaN
	16/05/2023 16:52:34	-1.251700E-3	4.910000E-9	1.890000E-9	4.996000E-9	499.600000E-9	398.270000E-3	272.000000E+0	-2.020000E+0	4.301442E+3	10.079000E-6	10.500000E-6	8.982100E-9	NaN
	16/05/2023 16:52:43	-1.373900E-3	4.920000E-9	1.890000E-9	4.996000E-9	499.600000E-9	398.290000E-3	272.000000E+0	-1.908000E+0	4.301330E+3	11.199000E-6	10.500000E-6	6.652100E-9	NaN
	16/05/2023 16:52:51	-2.211300E-3	4.920000E-9	1.890000E-9	4.996000E-9	499.600000E-9	398.290000E-3	272.000000E+0	-1.796000E+0	4.301554E+3	10.527000E-6	10.500000E-6	6.893000E-9	NaN
	16/05/2023 16:53:00	-5.391200E-3	4.910000E-9	1.890000E-9	4.996000E-9	499.600000E-9	398.270000E-3	272.000000E+0	-1.796000E+0	4.301442E+3	10.303000E-6	10.400000E-6	9.116400E-9	NaN
	16/05/2023 16:53:09	-1.719600E-3	4.910000E-9	1.880000E-9	4.996000E-9	499.600000E-9	398.270000E-3	272.000000E+0	-1.796000E+0	4.301330E+3	10.751000E-6	10.400000E-6	7.121800E-9	NaN
	16/05/2023 16:53:17	-980.500000E-6	4.910000E-9	1.880000E-9	4.996000E-9	499.600000E-9	398.270000E-3	272.000000E+0	-1.796000E+0	4.301217E+3	10.975000E-6	10.400000E-6	5.077200E-9	NaN
	16/05/2023 16:53:26	-1.496100E-3	4.920000E-9	1.880000E-9	4.996000E-9	499.600000E-9	398.240000E-3	272.000000E+0	-1.796000E+0	4.301330E+3	10.191000E-6	10.500000E-6	7.655700E-9	NaN
	16/05/2023 16:53:34	-1.299400E-3	4.910000E-9	1.880000E-9	4.996000E-9	499.600000E-9	398.230000E-3	272.000000E+0	-1.908000E+0	4.301217E+3	10.639000E-6	10.400000E-6	6.822200E-9	NaN
	16/05/2023 16:53:43	-2.408000E-3	4.940000E-9	1.890000E-9	4.996000E-9	499.600000E-9	398.240000E-3	271.000000E+0	-1.908000E+0	4.301330E+3	9.967000E-6	10.400000E-6	5.813300E-9	NaN
	16/05/2023 16:53:51	-1.373900E-3	4.940000E-9	1.890000E-9	4.996000E-9	500.200000E-9	398.260000E-3	272.000000E+0	-1.796000E+0	4.301330E+3	10.527000E-6	10.400000E-6	7.932800E-9	NaN
	16/05/2023 16:54:00	-1.645100E-3	4.940000E-9	1.890000E-9	4.996000E-9	499.600000E-9	398.270000E-3	271.000000E+0	-1.908000E+0	4.301105E+3	10.639000E-6	10.400000E-6	7.312800E-9	NaN
	16/05/2023 16:54:08	-1.692800E-3	4.910000E-9	1.890000E-9	4.996000E-9	500.200000E-9	398.270000E-3	271.000000E+0	-2.020000E+0	4.301554E+3	10.191000E-6	10.400000E-6	7.345200E-9	NaN
	16/05/2023 16:54:27	-1.892400E-3	4.920000E-9	1.890000E-9	4.996000E-9	499.600000E-9	398.260000E-3	272.000000E+0	-1.908000E+0	4.301442E+3	10.751000E-6	10.400000E-6	8.790800E-9	NaN
	16/05/2023 16:54:35	-2.777600E-3	4.900000E-9	1.890000E-9	4.996000E-9	499.600000E-9	398.260000E-3	271.000000E+0	-1.796000E+0	4.301217E+3	11.423000E-6	10.300000E-6	6.948400E-9	NaN
	16/05/2023 16:54:44	-1.743400E-3	4.900000E-9	1.880000E-9	4.996000E-9	500.200000E-9	398.250000E-3	272.000000E+0	-1.796000E+0	4.301330E+3	10.751000E-6	10.300000E-6	9.882900E-9	NaN
	16/05/2023 16:54:53	-1.719600E-3	4.900000E-9	1.880000E-9	4.996000E-9	499.600000E-9	398.270000E-3	271.000000E+0	-1.796000E+0	4.301442E+3	10.639000E-6	10.300000E-6	8.896800E-9	NaN
	16/05/2023 16:55:01	-879.170000E-6	4.900000E-9	1.880000E-9	4.996000E-9	499.600000E-9	398.260000E-3	271.000000E+0	-1.796000E+0	4.301217E+3	10.751000E-6	10.300000E-6	9.885900E-9	NaN
	16/05/2023 16:55:10	-5.120000E-3	4.920000E-9	1.890000E-9	4.996000E-9	499.600000E-9	398.250000E-3	271.000000E+0	-1.796000E+0	4.301554E+3	10.751000E-6	10.300000E-6	9.100400E-9	NaN
	16/05/2023 16:55:18	-1.448400E-3	4.900000E-9	1.880000E-9	4.996000E-9	499.600000E-9	398.260000E-3	271.000000E+0	-1.796000E+0	4.301217E+3	10.975000E-6	10.300000E-6	9.712900E-9	NaN
	16/05/2023 16:55:27	-1.177200E-3	4.890000E-9	1.880000E-9	4.996000E-9	499.600000E-9	398.240000E-3	271.000000E+0	-1.683000E+0	4.301554E+3	10.863000E-6	10.300000E-6	9.879700E-9	NaN
	16/05/2023 16:55:35	-1.397700E-3	4.910000E-9	1.880000E-9	4.996000E-9	500.200000E-9	398.230000E-3	271.000000E+0	-1.908000E+0	4.301330E+3	10.639000E-6	10.300000E-6	7.908200E-9	NaN
	16/05/2023 16:55:44	-1.794100E-3	4.880000E-9	1.880000E-9	4.996000E-9	500.200000E-9	398.230000E-3	271.000000E+0	-1.796000E+0	4.301554E+3	10.527000E-6	10.200000E-6	10.645900E-9	NaN
	16/05/2023 16:55:52	-1.692800E-3	4.890000E-9	1.880000E-9	4.996000E-9	500.200000E-9	398.230000E-3	271.000000E+0	-1.796000E+0	4.301330E+3	10.303000E-6	10.200000E-6	11.937100E-9	NaN
	16/05/2023 16:56:01	-1.350000E-3	4.920000E-9	1.880000E-9	4.996000E-9	500.200000E-9	398.270000E-3	271.000000E+0	-1.683000E+0	4.301330E+3	10.415000E-6	10.200000E-6	10.239300E-9	NaN
	16/05/2023 16:56:10	-1.817900E-3	4.910000E-9	1.880000E-9	4.996000E-9	500.200000E-9	398.270000E-3	271.000000E+0	-1.796000E+0	4.301330E+3	10.751000E-6	10.200000E-6	3.045100E-6	NaN
	16/05/2023 16:56:18	-1.350000E-3	7.280000E-9	2.620000E-9	4.996000E-9	500.200000E-9	398.270000E-3	271.000000E+0	-1.908000E+0	4.301330E+3	10.191000E-6	10.200000E-6	3.071400E-6	NaN
	16/05/2023 16:56:27	-1.373900E-3	6.800000E-9	2.490000E-9	4.996000E-9	500.200000E-9	398.220000E-3	271.000000E+0	-1.796000E+0	4.301442E+3	10.415000E-6	10.200000E-6	3.024000E-6	NaN
	16/05/2023 16:56:35	-1.448400E-3	6.580000E-9	2.400000E-9	4.996000E-9	500.200000E-9	398.230000E-3	271.000000E+0	-1.908000E+0	4.301666E+3	9.855000E-6	10.200000E-6	2.954500E-6	NaN
	16/05/2023 16:56:44	-1.841800E-3	6.410000E-9	2.340000E-9	4.996000E-9	500.200000E-9	398.230000E-3	271.000000E+0	-1.908000E+0	4.301217E+3	10.415000E-6	10.200000E-6	3.000000E-6	NaN
	16/05/2023 16:56:52	-1.817900E-3	6.350000E-9	2.310000E-9	4.996000E-9	500.200000E-9	398.230000E-3	271.000000E+0	-1.796000E+0	4.301778E+3	10.079000E-6	10.200000E-6	2.993500E-6	NaN
	16/05/2023 16:57:01	-5.614800E-3	6.290000E-9	2.290000E-9	4.996000E-9	500.200000E-9	398.230000E-3	271.000000E+0	-1.796000E+0	4.301330E+3	10.415000E-6	10.200000E-6	2.924000E-6	NaN
	16/05/2023 16:57:09	-1.668900E-3	6.170000E-9	2.260000E-9	4.996000E-9	500.200000E-9	398.230000E-3	271.000000E+0	-1.796000E+0	4.301217E+3	11.087000E-6	10.100000E-6	2.838300E-6	NaN
	16/05/2023 16:57:18	-1.990800E-3	6.090000E-9	2.220000E-9	4.996000E-9	500.200000E-9	398.230000E-3	271.000000E+0	-2.020000E+0	4.301554E+3	10.079000E-6	10.100000E-6	2.976200E-6	NaN
	16/05/2023 16:57:27	-1.621200E-3	6.100000E-9	2.220000E-9	4.996000E-9	500.200000E-9	398.230000E-3	271.000000E+0	-1.683000E+0	4.301217E+3	10.863000E-6	10.100000E-6	3.058000E-6	NaN
	16/05/2023 16:57:35	-1.177200E-3	6.190000E-9	2.240000E-9	4.996000E-9	500.200000E-9	398.240000E-3	271.000000E+0	-1.908000E+0	4.301666E+3	10.751000E-6	10.100000E-6	2.976200E-6	NaN
	16/05/2023 16:57:44	-2.038500E-3	6.130000E-9	2.230000E-9	4.996000E-9	500.200000E-9	398.220000E-3	271.000000E+0	-1.796000E+0	4.301217E+3	10.303000E-6	10.100000E-6	3.069600E-6	NaN
	16/05/2023 16:57:52	-1.692800E-3	6.200000E-9	2.220000E-9	4.996000E-9	500.200000E-9	398.220000E-3	271.000000E+0	-1.796000E+0	4.301778E+3	9.967000E-6	10.100000E-6	2.972500E-6	NaN
	16/05/2023 16:58:01	-1.546700E-3	6.060000E-9	2.200000E-9	4.996000E-9	500.200000E-9	398.230000E-3	271.000000E+0	-1.908000E+0	4.301442E+3	10.639000E-6	10.100000E-6	2.991400E-6	NaN
	16/05/2023 16:58:09	-1.201000E-3	6.060000E-9	2.200000E-9	4.996000E-9	500.200000E-9	398.230000E-3	271.000000E+0	-1.796000E+0	4.301666E+3	10.527000E-6	10.100000E-6	2.955700E-6	NaN
	16/05/2023 16:58:18	-807.640000E-6	6.030000E-9	2.190000E-9	4.996000E-9	500.200000E-9	398.230000E-3	271.000000E+0	-1.683000E+0	4.301554E+3	10.863000E-6	10.100000E-6	2.977100E-6	NaN
	16/05/2023 16:58:26	-1.275500E-3	6.070000E-9	2.190000E-9	4.996000E-9	500.200000E-9	398.190000E-3	271.000000E+0	-2.020000E+0	4.301554E+3	11.087000E-6	10.100000E-6	2.997400E-6	NaN
	16/05/2023 16:58:35	-1.668900E-3	6.040000E-9	2.180000E-9	4.996000E-9	500.200000E-9	398.190000E-3	270.000000E+0	-1.796000E+0	4.301217E+3	10.751000E-6	10.100000E-6	2.927600E-6	NaN
	16/05/2023 16:58:44	-1.570600E-3	6.020000E-9	2.170000E-9	4.996000E-9	500.200000E-9	398.200000E-3	271.000000E+0	-1.683000E+0	4.301666E+3	11.087000E-6	10.000000E-6	2.922800E-6	NaN
	16/05/2023 16:58:52	-1.767300E-3	5.990000E-9	2.170000E-9	4.996000E-9	500.800000E-9	398.200000E-3	271.000000E+0	-1.683000E+0	4.301666E+3	11.087000E-6	10.000000E-6	2.926600E-6	NaN
	16/05/2023 16:59:01	-1.421600E-3	5.990000E-9	2.160000E-9	4.996000E-9	500.200000E-9	398.190000E-3	270.000000E+0	-1.908000E+0	4.301666E+3	11.311000E-6	10.000000E-6	2.877400E-6	NaN
	16/05/2023 16:59:09	-1.719600E-3	5.940000E-9	2.160000E-9	4.996000E-9	500.200000E-9	398.200000E-3	270.000000E+0	-1.796000E+0	4.301554E+3	10.863000E-6	10.000000E-6	2.910200E-6	NaN
	16/05/2023 16:59:18	-1.472200E-3	5.970000E-9	2.160000E-9	4.996000E-9	500.800000E-9	398.190000E-3	270.000000E+0	-1.908000E+0	4.301666E+3	10.527000E-6	9.990000E-6	2.886200E-6	NaN
	16/05/2023 16:59:26	-1.496100E-3	5.960000E-9	2.160000E-9	4.996000E-9	500.800000E-9	398.220000E-3	271.000000E+0	-1.683000E+0	4.301666E+3	11.311000E-6	9.970000E-6	2.922600E-6	NaN
	16/05/2023 16:59:35	-1.448400E-3	5.950000E-9	2.150000E-9	4.996000E-9	502.000000E-9	398.200000E-3	270.000000E+0	-1.796000E+0	4.301554E+3	10.079000E-6	9.960000E-6	19.486800E-9	NaN
	16/05/2023 16:59:43	-1.668900E-3	4.810000E-9	1.830000E-9	4.996000E-9	500.800000E-9	398.190000E-3	270.000000E+0	-1.683000E+0	4.301778E+3	10.975000E-6	9.980000E-6	13.542200E-9	NaN
	16/05/2023 16:59:52	-1.522900E-3	4.780000E-9	1.810000E-9	4.996000E-9	504.400000E-9	398.190000E-3	270.000000E+0	-1.796000E+0	4.301442E+3	10.303000E-6	10.000000E-6	15.109200E-9	NaN
	16/05/2023 17:00:00	-929.830000E-6	4.760000E-9	1.800000E-9	4.996000E-9	504.400000E-9	398.190000E-3	270.000000E+0	-2.020000E+0	4.301891E+3	10.863000E-6	9.980000E-6	13.255300E-9	NaN
	16/05/2023 17:00:09	-1.743400E-3	4.760000E-9	1.800000E-9	4.996000E-9	503.800000E-9	398.200000E-3	270.000000E+0	-1.908000E+0	4.301554E+3	11.087000E-6	9.980000E-6	13.788100E-9	NaN
	16/05/2023 17:00:18	-1.496100E-3	4.770000E-9	1.810000E-9	4.996000E-9	505.000000E-9	398.190000E-3	270.000000E+0	-1.908000E+0	4.301778E+3	11.199000E-6	9.950000E-6	14.561000E-9	NaN
	16/05/2023 17:00:26	-1.177200E-3	4.810000E-9	1.810000E-9	4.996000E-9	504.400000E-9	398.210000E-3	270.000000E+0	-1.683000E+0	4.301330E+3	10.527000E-6	9.940000E-6	13.015900E-9	NaN
	16/05/2023 17:00:35	-1.522900E-3	5.130000E-9	1.840000E-9	4.996000E-9	505.000000E-9	398.230000E-3	270.000000E+0	-1.796000E+0	4.301778E+3	10.751000E-6	9.910000E-6	12.218700E-9	NaN
	16/05/2023 17:00:43	-2.187500E-3	4.830000E-9	1.820000E-9	4.996000E-9	505.000000E-9	398.230000E-3	270.000000E+0	-1.796000E+0	4.301554E+3	10.975000E-6	9.920000E-6	16.624600E-9	NaN
	16/05/2023 17:00:52	-1.472200E-3	4.820000E-9	1.830000E-9	4.996000E-9	505.000000E-9	398.230000E-3	270.000000E+0	-1.908000E+0	4.301217E+3	10.751000E-6	9.900000E-6	13.717800E-9	NaN
	16/05/2023 17:01:00	-5.516400E-3	4.790000E-9	1.820000E-9	4.996000E-9	505.000000E-9	398.230000E-3	270.000000E+0	-1.796000E+0	4.301666E+3	11.311000E-6	9.870000E-6	14.137200E-9	NaN
	16/05/2023 17:01:09	-1.522900E-3	4.810000E-9	1.810000E-9	4.996000E-9	505.000000E-9	398.230000E-3	270.000000E+0	-1.796000E+0	4.301217E+3	10.639000E-6	9.860000E-6	12.713400E-9	NaN
	16/05/2023 17:01:17	-1.522900E-3	4.750000E-9	1.810000E-9	4.996000E-9	505.000000E-9	398.240000E-3	270.000000E+0	-2.020000E+0	4.301442E+3	10.975000E-6	9.860000E-6	-3.766500E-9	NaN
	16/05/2023 17:01:26	-1.719600E-3	4.910000E-9	1.840000E-9	4.996000E-9	505.000000E-9	398.230000E-3	270.000000E+0	-1.908000E+0	4.301330E+3	10.975000E-6	9.860000E-6	11.841400E-9	NaN
	16/05/2023 17:01:35	-1.448400E-3	4.920000E-9	1.850000E-9	4.996000E-9	505.000000E-9	398.210000E-3	270.000000E+0	-2.132000E+0	4.300881E+3	10.863000E-6	9.850000E-6	26.778000E-9	NaN
	16/05/2023 17:01:43	-1.594400E-3	4.970000E-9	1.850000E-9	4.996000E-9	505.000000E-9	398.230000E-3	270.000000E+0	-1.796000E+0	4.301330E+3	11.535000E-6	9.840000E-6	3.933300E-9	NaN
	16/05/2023 17:01:52	-1.102700E-3	5.020000E-9	1.870000E-9	4.996000E-9	505.000000E-9	398.200000E-3	270.000000E+0	-1.796000E+0	4.300993E+3	10.751000E-6	9.810000E-6	20.454500E-9	NaN
	16/05/2023 17:02:00	-1.496100E-3	4.990000E-9	1.870000E-9	4.996000E-9	505.000000E-9	398.210000E-3	270.000000E+0	-1.908000E+0	4.301330E+3	11.087000E-6	9.810000E-6	16.261200E-9	NaN
	16/05/2023 17:02:09	-1.126500E-3	4.960000E-9	1.880000E-9	4.996000E-9	505.000000E-9	398.230000E-3	270.000000E+0	-1.908000E+0	4.301105E+3	11.311000E-6	9.800000E-6	72.268000E-9	NaN
	16/05/2023 17:02:17	-1.323200E-3	4.980000E-9	1.890000E-9	4.996000E-9	505.000000E-9	398.200000E-3	270.000000E+0	-1.908000E+0	4.301217E+3	11.087000E-6	9.810000E-6	14.254600E-9	NaN
	16/05/2023 17:02:26	-1.150400E-3	4.990000E-9	1.880000E-9	4.996000E-9	505.000000E-9	398.170000E-3	270.000000E+0	-1.908000E+0	4.301330E+3	11.199000E-6	9.810000E-6	13.909900E-9	NaN
	16/05/2023 17:02:34	-1.570600E-3	5.000000E-9	1.880000E-9	4.996000E-9	505.000000E-9	398.210000E-3	270.000000E+0	-1.908000E+0	4.301105E+3	10.975000E-6	9.820000E-6	14.194200E-9	NaN
	16/05/2023 17:02:43	-1.692800E-3	4.910000E-9	1.880000E-9	4.996000E-9	505.000000E-9	398.220000E-3	270.000000E+0	-1.796000E+0	4.301330E+3	10.303000E-6	9.810000E-6	13.921200E-9	NaN
	16/05/2023 17:02:52	-1.546700E-3	4.920000E-9	1.880000E-9	4.996000E-9	505.000000E-9	398.200000E-3	270.000000E+0	-1.796000E+0	4.301105E+3	10.639000E-6	9.810000E-6	13.355700E-9	NaN
	16/05/2023 17:03:00	-1.323200E-3	4.900000E-9	1.880000E-9	4.996000E-9	505.000000E-9	398.230000E-3	270.000000E+0	-1.796000E+0	4.301105E+3	9.967000E-6	9.790000E-6	13.597600E-9	NaN
	16/05/2023 17:03:09	-1.421600E-3	4.900000E-9	1.870000E-9	4.996000E-9	505.000000E-9	398.200000E-3	269.000000E+0	-1.796000E+0	4.301330E+3	10.639000E-6	9.780000E-6	12.955500E-9	NaN
	16/05/2023 17:03:17	-1.645100E-3	4.890000E-9	1.870000E-9	4.996000E-9	505.000000E-9	398.190000E-3	270.000000E+0	-1.908000E+0	4.300993E+3	10.975000E-6	9.780000E-6	15.127800E-9	NaN
	16/05/2023 17:03:26	-1.668900E-3	4.890000E-9	1.870000E-9	4.996000E-9	505.000000E-9	398.200000E-3	269.000000E+0	-1.908000E+0	4.301330E+3	10.303000E-6	9.780000E-6	15.309600E-9	NaN
	16/05/2023 17:03:34	-1.496100E-3	4.910000E-9	1.880000E-9	4.996000E-9	505.000000E-9	398.190000E-3	269.000000E+0	-1.908000E+0	4.301217E+3	9.743000E-6	9.750000E-6	13.383600E-9	NaN
	16/05/2023 17:03:43	-4.455400E-3	4.890000E-9	1.870000E-9	4.996000E-9	505.000000E-9	398.150000E-3	269.000000E+0	-1.908000E+0	4.301105E+3	10.303000E-6	9.730000E-6	15.993100E-9	NaN
	16/05/2023 17:03:51	-2.089100E-3	4.930000E-9	1.870000E-9	4.996000E-9	505.000000E-9	398.190000E-3	269.000000E+0	-1.908000E+0	4.301330E+3	10.079000E-6	9.740000E-6	14.643700E-9	NaN
	16/05/2023 17:04:00	-1.743400E-3	4.940000E-9	1.890000E-9	4.996000E-9	505.000000E-9	398.190000E-3	269.000000E+0	-1.796000E+0	4.300993E+3	10.751000E-6	9.730000E-6	12.350000E-9	NaN
	16/05/2023 17:04:08	-1.397700E-3	4.920000E-9	1.880000E-9	4.996000E-9	505.600000E-9	398.190000E-3	270.000000E+0	-1.796000E+0	4.301105E+3	10.639000E-6	9.720000E-6	652.820000E-12	NaN
	16/05/2023 17:04:17	-1.373900E-3	4.940000E-9	1.890000E-9	4.996000E-9	505.600000E-9	398.170000E-3	270.000000E+0	-1.796000E+0	4.301217E+3	10.639000E-6	9.720000E-6	31.140000E-9	NaN
	16/05/2023 17:04:26	-3.567300E-3	4.990000E-9	1.890000E-9	4.996000E-9	505.000000E-9	398.170000E-3	269.000000E+0	-1.908000E+0	4.301217E+3	10.527000E-6	9.720000E-6	23.303000E-9	NaN
	16/05/2023 17:04:34	-1.373900E-3	5.040000E-9	1.920000E-9	4.996000E-9	505.000000E-9	398.170000E-3	269.000000E+0	-1.796000E+0	4.301330E+3	10.751000E-6	9.700000E-6	3.110100E-6	NaN
	16/05/2023 17:04:43	-1.570600E-3	6.890000E-9	2.570000E-9	4.996000E-9	505.600000E-9	398.190000E-3	269.000000E+0	-1.796000E+0	4.301217E+3	10.863000E-6	9.680000E-6	2.724200E-6	NaN
	16/05/2023 17:04:51	-1.865600E-3	6.500000E-9	2.410000E-9	4.996000E-9	505.000000E-9	398.170000E-3	269.000000E+0	-1.796000E+0	4.301554E+3	10.751000E-6	9.670000E-6	2.764700E-6	NaN
	16/05/2023 17:05:00	-1.421600E-3	6.340000E-9	2.350000E-9	4.996000E-9	505.000000E-9	398.150000E-3	269.000000E+0	-1.796000E+0	4.301330E+3	10.863000E-6	9.660000E-6	2.748000E-6	NaN
	16/05/2023 17:05:08	-1.350000E-3	6.260000E-9	2.300000E-9	4.996000E-9	505.600000E-9	398.190000E-3	269.000000E+0	-1.796000E+0	4.301330E+3	10.975000E-6	9.640000E-6	2.733200E-6	NaN
	16/05/2023 17:05:17	-1.794100E-3	6.160000E-9	2.260000E-9	4.996000E-9	505.600000E-9	398.150000E-3	269.000000E+0	-1.796000E+0	4.301105E+3	10.975000E-6	9.640000E-6	2.663400E-6	NaN
	16/05/2023 17:05:25	-1.570600E-3	6.050000E-9	2.230000E-9	4.996000E-9	505.600000E-9	398.150000E-3	269.000000E+0	-1.796000E+0	4.300768E+3	10.751000E-6	9.630000E-6	2.663100E-6	NaN
	16/05/2023 17:05:34	-1.472200E-3	6.040000E-9	2.210000E-9	4.996000E-9	506.200000E-9	398.150000E-3	269.000000E+0	-2.020000E+0	4.301217E+3	10.527000E-6	9.630000E-6	2.707400E-6	NaN
	16/05/2023 17:05:43	-1.299400E-3	6.020000E-9	2.190000E-9	4.996000E-9	505.600000E-9	398.190000E-3	269.000000E+0	-2.020000E+0	4.301105E+3	11.087000E-6	9.630000E-6	2.625900E-6	NaN
	16/05/2023 17:05:51	-1.472200E-3	5.950000E-9	2.180000E-9	4.996000E-9	506.200000E-9	398.150000E-3	269.000000E+0	-2.020000E+0	4.300656E+3	10.527000E-6	9.610000E-6	2.657900E-6	NaN
	16/05/2023 17:06:00	-1.692800E-3	5.920000E-9	2.170000E-9	4.996000E-9	506.200000E-9	398.170000E-3	269.000000E+0	-1.796000E+0	4.300993E+3	11.199000E-6	9.600000E-6	2.629200E-6	NaN
	16/05/2023 17:06:08	-3.370600E-3	5.890000E-9	2.170000E-9	4.996000E-9	505.600000E-9	398.190000E-3	269.000000E+0	-2.020000E+0	4.300881E+3	10.639000E-6	9.590000E-6	2.643400E-6	NaN
	16/05/2023 17:06:17	-1.472200E-3	5.920000E-9	2.160000E-9	4.996000E-9	505.600000E-9	398.190000E-3	269.000000E+0	-1.796000E+0	4.300768E+3	11.087000E-6	9.610000E-6	2.693800E-6	NaN
	16/05/2023 17:06:25	-1.275500E-3	5.930000E-9	2.160000E-9	4.996000E-9	506.200000E-9	398.190000E-3	269.000000E+0	-1.796000E+0	4.301217E+3	11.423000E-6	9.610000E-6	2.732800E-6	NaN
	16/05/2023 17:06:34	-1.201000E-3	5.890000E-9	2.150000E-9	4.996000E-9	505.600000E-9	398.190000E-3	269.000000E+0	-1.796000E+0	4.301105E+3	10.751000E-6	9.600000E-6	2.797500E-6	NaN
	16/05/2023 17:06:42	-2.065300E-3	5.940000E-9	2.160000E-9	4.996000E-9	505.600000E-9	398.190000E-3	269.000000E+0	-1.796000E+0	4.300768E+3	10.415000E-6	9.590000E-6	2.813600E-6	NaN
	16/05/2023 17:06:51	-1.323200E-3	5.970000E-9	2.160000E-9	4.996000E-9	506.200000E-9	398.190000E-3	269.000000E+0	-1.908000E+0	4.301105E+3	10.415000E-6	9.580000E-6	2.792900E-6	NaN
	16/05/2023 17:07:00	-1.373900E-3	5.980000E-9	2.160000E-9	4.996000E-9	506.200000E-9	398.190000E-3	268.000000E+0	-1.796000E+0	4.300881E+3	10.415000E-6	9.570000E-6	2.795000E-6	NaN
	16/05/2023 17:07:08	-1.299400E-3	5.930000E-9	2.150000E-9	4.996000E-9	506.200000E-9	398.190000E-3	269.000000E+0	-2.020000E+0	4.300768E+3	10.975000E-6	9.560000E-6	2.764500E-6	NaN
	16/05/2023 17:07:17	-1.522900E-3	5.880000E-9	2.140000E-9	4.996000E-9	506.200000E-9	398.190000E-3	269.000000E+0	-1.908000E+0	4.300656E+3	10.415000E-6	9.560000E-6	3.028100E-6	NaN
	16/05/2023 17:07:25	-1.397700E-3	6.030000E-9	2.180000E-9	4.996000E-9	505.600000E-9	398.190000E-3	269.000000E+0	-1.796000E+0	4.300881E+3	11.199000E-6	9.560000E-6	2.794700E-6	NaN
	16/05/2023 17:07:34	-1.201000E-3	5.900000E-9	2.160000E-9	4.996000E-9	505.600000E-9	398.200000E-3	269.000000E+0	-1.908000E+0	4.300993E+3	10.191000E-6	9.550000E-6	2.986900E-6	NaN
	16/05/2023 17:07:42	-1.940100E-3	6.010000E-9	2.180000E-9	4.996000E-9	506.200000E-9	398.190000E-3	269.000000E+0	-1.908000E+0	4.300544E+3	11.199000E-6	9.540000E-6	2.896500E-6	NaN
	16/05/2023 17:07:51	-1.275500E-3	5.980000E-9	2.170000E-9	4.996000E-9	506.200000E-9	398.180000E-3	268.000000E+0	-1.796000E+0	4.300656E+3	10.303000E-6	9.550000E-6	2.841200E-6	NaN
	16/05/2023 17:07:59	-1.570600E-3	5.930000E-9	2.150000E-9	4.996000E-9	506.200000E-9	398.180000E-3	269.000000E+0	-2.020000E+0	4.301105E+3	9.967000E-6	9.530000E-6	2.808500E-6	NaN
	16/05/2023 17:08:08	-1.865600E-3	5.870000E-9	2.130000E-9	4.996000E-9	506.200000E-9	398.200000E-3	269.000000E+0	-1.796000E+0	4.300544E+3	10.527000E-6	9.520000E-6	3.005000E-6	NaN
	16/05/2023 17:08:17	-1.028200E-3	5.870000E-9	2.140000E-9	4.996000E-9	506.200000E-9	398.190000E-3	269.000000E+0	-1.908000E+0	4.300881E+3	9.967000E-6	9.500000E-6	2.834200E-6	NaN
	16/05/2023 17:08:25	-953.670000E-6	5.910000E-9	2.140000E-9	4.996000E-9	506.200000E-9	398.150000E-3	268.000000E+0	-1.908000E+0	4.300881E+3	10.639000E-6	9.490000E-6	2.878000E-6	NaN
	16/05/2023 17:08:34	-1.224900E-3	5.910000E-9	2.150000E-9	4.996000E-9	506.200000E-9	398.150000E-3	269.000000E+0	-1.796000E+0	4.300432E+3	10.079000E-6	9.490000E-6	2.730500E-6	NaN
	16/05/2023 17:08:42	-1.594400E-3	5.840000E-9	2.120000E-9	4.996000E-9	506.200000E-9	398.180000E-3	268.000000E+0	-1.796000E+0	4.300656E+3	11.087000E-6	9.500000E-6	1.352740E-6	NaN
	16/05/2023 17:08:51	-1.940100E-3	4.970000E-9	1.940000E-9	4.996000E-9	506.200000E-9	398.160000E-3	269.000000E+0	-2.020000E+0	4.300656E+3	10.415000E-6	9.480000E-6	14.113800E-9	NaN
	16/05/2023 17:08:59	-1.323200E-3	4.780000E-9	1.810000E-9	4.996000E-9	506.200000E-9	398.190000E-3	268.000000E+0	-1.683000E+0	4.300319E+3	10.415000E-6	9.470000E-6	14.585800E-9	NaN
	16/05/2023 17:09:08	-634.790000E-6	4.770000E-9	1.810000E-9	4.996000E-9	506.200000E-9	398.160000E-3	269.000000E+0	-1.796000E+0	4.300544E+3	10.639000E-6	9.450000E-6	15.538900E-9	NaN
	16/05/2023 17:09:16	-855.330000E-6	4.740000E-9	1.800000E-9	4.996000E-9	506.800000E-9	398.200000E-3	268.000000E+0	-2.020000E+0	4.300544E+3	10.751000E-6	9.430000E-6	14.269300E-9	NaN
	16/05/2023 17:09:25	-1.323200E-3	4.720000E-9	1.790000E-9	4.996000E-9	508.100000E-9	398.150000E-3	268.000000E+0	-1.908000E+0	4.300095E+3	10.751000E-6	9.440000E-6	12.466000E-9	NaN
	16/05/2023 17:09:34	-1.472200E-3	4.730000E-9	1.800000E-9	4.996000E-9	507.500000E-9	398.160000E-3	268.000000E+0	-1.796000E+0	4.300207E+3	10.079000E-6	9.430000E-6	16.233000E-9	NaN
	16/05/2023 17:09:42	-1.594400E-3	4.710000E-9	1.790000E-9	4.996000E-9	507.500000E-9	398.160000E-3	268.000000E+0	-1.908000E+0	4.300095E+3	11.087000E-6	9.430000E-6	14.134000E-9	NaN
	16/05/2023 17:09:51	-1.496100E-3	4.720000E-9	1.780000E-9	4.996000E-9	506.200000E-9	398.150000E-3	268.000000E+0	-1.796000E+0	4.301105E+3	10.639000E-6	9.410000E-6	15.033700E-9	NaN
	16/05/2023 17:09:59	-1.350000E-3	4.740000E-9	1.790000E-9	4.996000E-9	505.600000E-9	398.140000E-3	268.000000E+0	-1.796000E+0	4.301330E+3	10.415000E-6	9.410000E-6	15.464700E-9	NaN
	16/05/2023 17:10:08	-1.126500E-3	4.730000E-9	1.790000E-9	4.996000E-9	505.600000E-9	398.120000E-3	268.000000E+0	-1.908000E+0	4.301778E+3	10.863000E-6	9.430000E-6	13.563200E-9	NaN
	16/05/2023 17:10:16	-1.373900E-3	4.720000E-9	1.790000E-9	4.996000E-9	505.000000E-9	398.160000E-3	268.000000E+0	-1.908000E+0	4.301891E+3	10.303000E-6	9.420000E-6	15.658500E-9	NaN
	16/05/2023 17:10:25	-1.522900E-3	4.730000E-9	1.790000E-9	4.996000E-9	505.600000E-9	398.160000E-3	268.000000E+0	-1.796000E+0	4.302340E+3	10.639000E-6	9.420000E-6	15.675200E-9	NaN
	16/05/2023 17:10:33	-2.187500E-3	4.770000E-9	1.810000E-9	4.996000E-9	505.600000E-9	398.150000E-3	268.000000E+0	-1.796000E+0	4.302340E+3	10.751000E-6	9.410000E-6	14.365800E-9	NaN
	16/05/2023 17:10:42	-2.211300E-3	4.760000E-9	1.810000E-9	4.996000E-9	505.000000E-9	398.150000E-3	268.000000E+0	-1.683000E+0	4.302452E+3	10.527000E-6	9.410000E-6	14.767500E-9	NaN
	16/05/2023 17:10:50	-682.470000E-6	4.770000E-9	1.820000E-9	4.996000E-9	505.600000E-9	398.180000E-3	268.000000E+0	-1.908000E+0	4.303013E+3	10.303000E-6	9.410000E-6	14.331300E-9	NaN
	16/05/2023 17:10:59	-1.350000E-3	4.800000E-9	1.830000E-9	4.996000E-9	505.600000E-9	398.150000E-3	268.000000E+0	-1.908000E+0	4.302789E+3	10.527000E-6	9.400000E-6	16.393000E-9	NaN
	16/05/2023 17:11:08	-1.621200E-3	4.820000E-9	1.830000E-9	4.996000E-9	505.600000E-9	398.150000E-3	268.000000E+0	-2.020000E+0	4.303125E+3	10.639000E-6	9.390000E-6	14.590000E-9	NaN
	16/05/2023 17:11:16	-1.719600E-3	4.840000E-9	1.830000E-9	4.996000E-9	505.600000E-9	398.150000E-3	268.000000E+0	-1.796000E+0	4.303013E+3	10.751000E-6	9.390000E-6	15.567000E-9	NaN
	16/05/2023 17:11:25	-1.496100E-3	4.850000E-9	1.840000E-9	4.996000E-9	505.600000E-9	398.150000E-3	268.000000E+0	-1.796000E+0	4.303125E+3	10.639000E-6	9.390000E-6	16.352800E-9	NaN
	16/05/2023 17:11:33	-1.692800E-3	4.850000E-9	1.840000E-9	4.996000E-9	505.600000E-9	398.150000E-3	268.000000E+0	-1.908000E+0	4.303125E+3	10.863000E-6	9.380000E-6	10.024000E-9	NaN
	16/05/2023 17:11:42	-1.594400E-3	4.890000E-9	1.850000E-9	4.996000E-9	505.600000E-9	398.160000E-3	267.000000E+0	-1.908000E+0	4.303462E+3	10.415000E-6	9.360000E-6	17.730700E-9	NaN
	16/05/2023 17:11:50	-1.645100E-3	4.870000E-9	1.850000E-9	4.996000E-9	505.600000E-9	398.130000E-3	268.000000E+0	-1.796000E+0	4.303238E+3	10.415000E-6	9.350000E-6	21.330000E-9	NaN
	16/05/2023 17:11:59	-1.078800E-3	4.890000E-9	1.850000E-9	4.996000E-9	505.600000E-9	398.150000E-3	267.000000E+0	-1.908000E+0	4.303462E+3	9.967000E-6	9.330000E-6	16.203900E-9	NaN
	16/05/2023 17:12:07	-1.224900E-3	4.880000E-9	1.850000E-9	4.996000E-9	505.600000E-9	398.110000E-3	267.000000E+0	-1.683000E+0	4.303462E+3	10.639000E-6	9.320000E-6	14.622700E-9	NaN
	16/05/2023 17:12:16	-1.078800E-3	4.880000E-9	1.850000E-9	4.996000E-9	505.600000E-9	398.120000E-3	268.000000E+0	-1.796000E+0	4.303799E+3	10.303000E-6	9.300000E-6	19.602600E-9	NaN
	16/05/2023 17:12:25	-1.767300E-3	4.920000E-9	1.860000E-9	4.996000E-9	505.600000E-9	398.110000E-3	268.000000E+0	-1.796000E+0	4.303799E+3	10.079000E-6	9.290000E-6	13.276000E-9	NaN
	16/05/2023 17:12:33	-1.546700E-3	4.870000E-9	1.860000E-9	4.996000E-9	505.600000E-9	398.110000E-3	268.000000E+0	-1.796000E+0	4.303574E+3	10.863000E-6	9.290000E-6	18.293000E-9	NaN
	16/05/2023 17:12:42	-1.570600E-3	4.880000E-9	1.870000E-9	4.996000E-9	505.600000E-9	398.110000E-3	267.000000E+0	-1.796000E+0	4.303686E+3	10.303000E-6	9.270000E-6	2.848400E-6	NaN
	16/05/2023 17:12:50	-1.028200E-3	6.850000E-9	2.540000E-9	4.996000E-9	505.600000E-9	398.110000E-3	267.000000E+0	-1.908000E+0	4.303238E+3	10.639000E-6	9.250000E-6	2.926100E-6	NaN
	16/05/2023 17:12:59	-1.150400E-3	6.600000E-9	2.440000E-9	4.996000E-9	505.600000E-9	398.110000E-3	267.000000E+0	-1.571000E+0	4.303574E+3	10.975000E-6	9.220000E-6	2.860000E-6	NaN
	16/05/2023 17:13:07	-1.299400E-3	6.370000E-9	2.350000E-9	4.996000E-9	506.200000E-9	398.120000E-3	267.000000E+0	-2.020000E+0	4.303574E+3	10.191000E-6	9.240000E-6	2.811400E-6	NaN
	16/05/2023 17:13:16	-1.817900E-3	6.230000E-9	2.290000E-9	4.996000E-9	505.600000E-9	398.110000E-3	267.000000E+0	-1.796000E+0	4.303574E+3	10.639000E-6	9.260000E-6	2.850300E-6	NaN
	16/05/2023 17:13:25	-1.028200E-3	6.170000E-9	2.250000E-9	4.996000E-9	505.600000E-9	398.110000E-3	267.000000E+0	-2.020000E+0	4.303686E+3	10.191000E-6	9.270000E-6	2.768800E-6	NaN
	16/05/2023 17:13:33	-1.102700E-3	6.070000E-9	2.210000E-9	4.996000E-9	506.200000E-9	398.110000E-3	267.000000E+0	-1.908000E+0	4.303686E+3	9.967000E-6	9.270000E-6	2.781800E-6	NaN
	16/05/2023 17:13:42	-1.102700E-3	6.030000E-9	2.200000E-9	4.996000E-9	505.600000E-9	398.110000E-3	267.000000E+0	-1.796000E+0	4.303686E+3	10.303000E-6	9.270000E-6	2.706400E-6	NaN
	16/05/2023 17:13:50	-1.052000E-3	5.950000E-9	2.180000E-9	4.996000E-9	505.600000E-9	398.110000E-3	268.000000E+0	-1.908000E+0	4.303686E+3	10.415000E-6	9.270000E-6	2.763800E-6	NaN
	16/05/2023 17:13:59	-1.275500E-3	5.960000E-9	2.170000E-9	4.996000E-9	505.600000E-9	398.090000E-3	267.000000E+0	-1.908000E+0	4.303799E+3	10.079000E-6	9.250000E-6	2.769500E-6	NaN
	16/05/2023 17:14:07	-1.373900E-3	5.980000E-9	2.180000E-9	4.996000E-9	505.600000E-9	398.120000E-3	267.000000E+0	-1.908000E+0	4.303574E+3	10.527000E-6	9.240000E-6	2.983600E-6	NaN
	16/05/2023 17:14:16	-1.472200E-3	6.010000E-9	2.160000E-9	4.996000E-9	506.200000E-9	398.040000E-3	267.000000E+0	-1.796000E+0	4.303462E+3	10.191000E-6	9.230000E-6	15.723600E-9	NaN
ending ESD measurement	16/05/2023 17:14:24	-1.594400E-3	4.800000E-9	1.820000E-9	4.996000E-9	505.600000E-9	398.050000E-3	267.000000E+0	-1.908000E+0	4.303911E+3	10.191000E-6	9.230000E-6	13.980000E-9	NaN
	16/05/2023 17:14:35	-2.136800E-3	4.770000E-9	1.810000E-9	4.996000E-9	506.200000E-9	398.080000E-3	267.000000E+0	-1.796000E+0	4.303799E+3	10.191000E-6	9.220000E-6	14.231100E-9	NaN
	16/05/2023 17:14:43	-1.224900E-3	4.770000E-9	1.800000E-9	4.996000E-9	506.200000E-9	398.030000E-3	267.000000E+0	-1.908000E+0	4.303125E+3	10.751000E-6	9.190000E-6	17.047800E-9	NaN
	16/05/2023 17:14:52	-1.865600E-3	4.710000E-9	1.790000E-9	4.996000E-9	506.200000E-9	398.070000E-3	267.000000E+0	-1.796000E+0	4.303574E+3	10.415000E-6	9.200000E-6	16.038900E-9	NaN
	16/05/2023 17:15:00	-1.743400E-3	4.730000E-9	1.790000E-9	4.996000E-9	506.200000E-9	398.090000E-3	267.000000E+0	-1.908000E+0	4.303238E+3	9.407000E-6	9.190000E-6	17.263000E-9	NaN
	16/05/2023 17:15:09	-1.916300E-3	4.730000E-9	1.790000E-9	4.996000E-9	506.200000E-9	398.000000E-3	267.000000E+0	-1.908000E+0	4.303013E+3	10.303000E-6	9.200000E-6	16.641900E-9	NaN
	16/05/2023 17:15:17	-1.177200E-3	4.710000E-9	1.790000E-9	4.996000E-9	506.200000E-9	398.030000E-3	267.000000E+0	-1.908000E+0	4.303013E+3	10.191000E-6	9.200000E-6	17.983100E-9	NaN
	16/05/2023 17:15:26	-1.719600E-3	4.730000E-9	1.790000E-9	4.996000E-9	506.200000E-9	398.030000E-3	267.000000E+0	-1.796000E+0	4.302676E+3	10.527000E-6	9.190000E-6	16.850800E-9	NaN
	16/05/2023 17:15:35	-1.251700E-3	4.720000E-9	1.790000E-9	4.996000E-9	506.200000E-9	398.030000E-3	267.000000E+0	-1.796000E+0	4.303013E+3	11.087000E-6	9.170000E-6	-2.418800E-6	NaN
	16/05/2023 17:15:43	-1.078800E-3	4.210000E-9	1.680000E-9	4.996000E-9	506.200000E-9	398.030000E-3	267.000000E+0	-1.796000E+0	4.303238E+3	10.303000E-6	9.170000E-6	-1.621980E-6	NaN
	16/05/2023 17:15:52	-1.251700E-3	4.190000E-9	1.670000E-9	4.996000E-9	506.200000E-9	398.010000E-3	267.000000E+0	-1.796000E+0	4.303238E+3	9.855000E-6	9.150000E-6	-39.876000E-9	NaN
	16/05/2023 17:16:00	-980.500000E-6	4.170000E-9	1.670000E-9	4.996000E-9	506.200000E-9	398.020000E-3	267.000000E+0	-1.796000E+0	4.302901E+3	9.967000E-6	9.140000E-6	-16.868100E-9	NaN
	16/05/2023 17:16:09	-1.275500E-3	4.180000E-9	1.660000E-9	4.996000E-9	506.200000E-9	398.030000E-3	267.000000E+0	-1.908000E+0	4.303013E+3	10.415000E-6	9.130000E-6	99.000000E+36	NaN
	16/05/2023 17:16:17	-1.594400E-3	4.190000E-9	1.670000E-9	4.996000E-9	506.200000E-9	397.990000E-3	267.000000E+0	-1.796000E+0	4.302564E+3	10.751000E-6	9.150000E-6	-6.618600E-9	NaN
	16/05/2023 17:16:26	-1.594400E-3	4.200000E-9	1.670000E-9	4.996000E-9	506.800000E-9	397.990000E-3	267.000000E+0	-1.683000E+0	4.302676E+3	10.415000E-6	9.160000E-6	5.796900E-9	NaN
	16/05/2023 17:16:34	-1.004300E-3	4.210000E-9	1.680000E-9	4.996000E-9	506.800000E-9	397.990000E-3	267.000000E+0	-1.796000E+0	4.302789E+3	10.191000E-6	9.160000E-6	-3.618700E-9	NaN
	16/05/2023 17:16:43	-1.397700E-3	4.210000E-9	1.680000E-9	4.996000E-9	506.200000E-9	397.990000E-3	267.000000E+0	-1.796000E+0	4.302452E+3	10.863000E-6	9.170000E-6	-3.612900E-9	NaN
	16/05/2023 17:16:52	-1.052000E-3	4.220000E-9	1.700000E-9	4.996000E-9	506.200000E-9	397.990000E-3	267.000000E+0	-2.132000E+0	4.302789E+3	10.079000E-6	9.160000E-6	-3.060700E-9	NaN
	16/05/2023 17:17:00	-682.470000E-6	4.250000E-9	1.700000E-9	4.996000E-9	506.200000E-9	397.990000E-3	267.000000E+0	-2.020000E+0	4.302340E+3	10.415000E-6	9.150000E-6	-4.305800E-9	NaN
	16/05/2023 17:17:09	-1.004300E-3	4.230000E-9	1.710000E-9	4.996000E-9	506.200000E-9	397.990000E-3	267.000000E+0	-1.796000E+0	4.302676E+3	10.191000E-6	9.130000E-6	-2.546900E-9	NaN
	16/05/2023 17:17:17	-1.448400E-3	4.250000E-9	1.700000E-9	4.996000E-9	506.200000E-9	397.990000E-3	266.000000E+0	-2.020000E+0	4.302564E+3	10.527000E-6	9.130000E-6	-3.471400E-9	NaN
	16/05/2023 17:17:26	-1.421600E-3	4.270000E-9	1.700000E-9	4.996000E-9	506.200000E-9	397.990000E-3	266.000000E+0	-1.796000E+0	4.302564E+3	10.079000E-6	9.120000E-6	-3.139700E-9	NaN
	16/05/2023 17:17:34	-1.102700E-3	4.260000E-9	1.710000E-9	4.996000E-9	506.200000E-9	397.980000E-3	267.000000E+0	-1.908000E+0	4.302227E+3	10.079000E-6	9.110000E-6	-2.896700E-9	NaN
