Live comments	Time	injection 100mbar	Barion_2	Barion_1	DUAL experiment	DUAL insulation	injection 1mbar	helium	T-platinum	T-CERNOX	I_emission	I_grid
	14/11/2022 14:43:58	-63.059000E-3	1.890000E-9	732.000000E-12	4.996000E-9	1.443000E-6	289.530000E-6	0.000000E+0	-100.224000E+0	61.279000E+0	0.000000E+0	NaN
	14/11/2022 14:44:08	-63.232000E-3	1.890000E-9	730.000000E-12	4.996000E-9	1.147000E-6	288.310000E-6	0.000000E+0	-100.336000E+0	61.504000E+0	0.000000E+0	NaN
	14/11/2022 14:44:17	-63.896000E-3	1.890000E-9	731.000000E-12	4.996000E-9	990.400000E-9	273.020000E-6	0.000000E+0	-100.336000E+0	61.504000E+0	0.000000E+0	NaN
	14/11/2022 14:44:26	-63.279000E-3	1.890000E-9	729.000000E-12	4.996000E-9	898.600000E-9	267.600000E-6	0.000000E+0	-100.224000E+0	61.504000E+0	0.000000E+0	NaN
	14/11/2022 14:44:35	-66.534000E-3	1.880000E-9	730.000000E-12	4.996000E-9	839.200000E-9	283.120000E-6	0.000000E+0	-100.112000E+0	61.504000E+0	0.000000E+0	NaN
	14/11/2022 14:44:45	-62.615000E-3	1.880000E-9	729.000000E-12	4.996000E-9	810.400000E-9	271.560000E-6	0.000000E+0	-100.112000E+0	61.504000E+0	0.000000E+0	NaN
	14/11/2022 14:44:54	-67.398000E-3	1.880000E-9	735.000000E-12	4.996000E-9	793.100000E-9	266.130000E-6	0.000000E+0	-100.224000E+0	61.279000E+0	0.000000E+0	NaN
	14/11/2022 14:45:03	-63.354000E-3	1.890000E-9	727.000000E-12	4.996000E-9	782.700000E-9	261.690000E-6	0.000000E+0	-100.112000E+0	61.391000E+0	0.000000E+0	NaN
	14/11/2022 14:45:12	-63.330000E-3	1.930000E-9	731.000000E-12	4.996000E-9	776.200000E-9	267.830000E-6	0.000000E+0	-100.224000E+0	61.504000E+0	0.000000E+0	NaN
	14/11/2022 14:45:21	-63.306000E-3	1.920000E-9	725.000000E-12	4.996000E-9	771.500000E-9	269.830000E-6	0.000000E+0	-100.000000E+0	61.279000E+0	0.000000E+0	NaN
	14/11/2022 14:45:30	-63.577000E-3	1.910000E-9	728.000000E-12	4.996000E-9	764.200000E-9	272.040000E-6	0.000000E+0	-100.112000E+0	61.504000E+0	0.000000E+0	NaN
	14/11/2022 14:45:40	-64.439000E-3	1.910000E-9	735.000000E-12	4.996000E-9	781.800000E-9	284.110000E-6	0.000000E+0	-100.112000E+0	61.504000E+0	0.000000E+0	NaN
	14/11/2022 14:45:49	-63.279000E-3	1.910000E-9	727.000000E-12	4.996000E-9	775.300000E-9	283.630000E-6	0.000000E+0	-100.224000E+0	61.504000E+0	0.000000E+0	NaN
	14/11/2022 14:45:58	-63.330000E-3	1.890000E-9	731.000000E-12	4.996000E-9	770.600000E-9	264.640000E-6	0.000000E+0	-100.224000E+0	61.391000E+0	0.000000E+0	NaN
	14/11/2022 14:46:07	-64.513000E-3	1.900000E-9	734.000000E-12	4.996000E-9	764.200000E-9	287.830000E-6	0.000000E+0	-100.224000E+0	61.391000E+0	0.000000E+0	NaN
	14/11/2022 14:46:16	-62.886000E-3	1.900000E-9	721.000000E-12	4.996000E-9	762.300000E-9	274.000000E-6	0.000000E+0	-100.000000E+0	61.391000E+0	0.000000E+0	NaN
	14/11/2022 14:46:26	-67.472000E-3	1.890000E-9	722.000000E-12	4.996000E-9	760.500000E-9	272.270000E-6	0.000000E+0	-100.000000E+0	61.391000E+0	0.000000E+0	NaN
	14/11/2022 14:46:35	-62.862000E-3	1.890000E-9	727.000000E-12	4.996000E-9	758.700000E-9	286.820000E-6	0.000000E+0	-100.224000E+0	61.616000E+0	0.000000E+0	NaN
	14/11/2022 14:46:44	-67.028000E-3	1.890000E-9	727.000000E-12	4.996000E-9	757.800000E-9	279.430000E-6	0.000000E+0	-100.000000E+0	61.504000E+0	0.000000E+0	NaN
	14/11/2022 14:46:53	-63.181000E-3	1.890000E-9	732.000000E-12	4.996000E-9	756.900000E-9	271.560000E-6	0.000000E+0	-100.000000E+0	61.391000E+0	0.000000E+0	NaN
	14/11/2022 14:47:02	-65.967000E-3	1.890000E-9	729.000000E-12	4.996000E-9	757.800000E-9	257.730000E-6	0.000000E+0	-100.000000E+0	61.504000E+0	0.000000E+0	NaN
	14/11/2022 14:47:11	-67.249000E-3	1.880000E-9	724.000000E-12	4.996000E-9	756.900000E-9	270.810000E-6	0.000000E+0	-100.000000E+0	61.504000E+0	0.000000E+0	NaN
	14/11/2022 14:47:21	-63.157000E-3	1.890000E-9	715.000000E-12	4.996000E-9	756.900000E-9	270.070000E-6	0.000000E+0	-100.112000E+0	61.504000E+0	0.000000E+0	NaN
	14/11/2022 14:47:30	-63.279000E-3	1.870000E-9	717.000000E-12	4.996000E-9	756.900000E-9	281.390000E-6	0.000000E+0	-100.112000E+0	61.504000E+0	0.000000E+0	NaN
	14/11/2022 14:47:39	-62.737000E-3	1.870000E-9	718.000000E-12	4.996000E-9	756.000000E-9	273.760000E-6	0.000000E+0	-100.112000E+0	61.504000E+0	0.000000E+0	NaN
	14/11/2022 14:47:48	-62.811000E-3	1.860000E-9	717.000000E-12	4.996000E-9	756.900000E-9	275.730000E-6	0.000000E+0	-100.000000E+0	61.391000E+0	0.000000E+0	NaN
	14/11/2022 14:47:57	-65.869000E-3	1.860000E-9	718.000000E-12	4.996000E-9	756.900000E-9	248.610000E-6	0.000000E+0	-100.224000E+0	61.504000E+0	0.000000E+0	NaN
	14/11/2022 14:48:07	-66.832000E-3	1.850000E-9	717.000000E-12	4.996000E-9	756.000000E-9	260.680000E-6	0.000000E+0	-100.224000E+0	61.616000E+0	0.000000E+0	NaN
	14/11/2022 14:48:16	-63.750000E-3	1.860000E-9	717.000000E-12	4.996000E-9	756.000000E-9	286.580000E-6	0.000000E+0	-100.000000E+0	61.504000E+0	0.000000E+0	NaN
	14/11/2022 14:48:25	-63.354000E-3	1.850000E-9	715.000000E-12	4.996000E-9	756.000000E-9	279.430000E-6	0.000000E+0	-100.112000E+0	61.504000E+0	0.000000E+0	NaN
	14/11/2022 14:48:34	-63.208000E-3	1.860000E-9	715.000000E-12	4.996000E-9	756.900000E-9	247.120000E-6	0.000000E+0	-100.112000E+0	61.391000E+0	0.000000E+0	NaN
	14/11/2022 14:48:43	-64.883000E-3	1.850000E-9	716.000000E-12	4.996000E-9	756.000000E-9	269.830000E-6	0.000000E+0	-100.000000E+0	61.504000E+0	0.000000E+0	NaN
	14/11/2022 14:48:53	-66.635000E-3	1.850000E-9	713.000000E-12	4.996000E-9	756.000000E-9	285.600000E-6	0.000000E+0	-100.112000E+0	61.616000E+0	0.000000E+0	NaN
	14/11/2022 14:49:02	-67.076000E-3	1.850000E-9	714.000000E-12	4.996000E-9	756.000000E-9	248.370000E-6	0.000000E+0	-100.224000E+0	61.616000E+0	0.000000E+0	NaN
	14/11/2022 14:49:11	-68.063000E-3	1.900000E-9	725.000000E-12	4.996000E-9	946.200000E-9	284.370000E-6	0.000000E+0	-100.112000E+0	61.504000E+0	0.000000E+0	NaN
	14/11/2022 14:49:20	-63.035000E-3	1.860000E-9	717.000000E-12	4.996000E-9	872.100000E-9	281.160000E-6	0.000000E+0	-100.000000E+0	61.616000E+0	0.000000E+0	NaN
	14/11/2022 14:49:29	-64.293000E-3	1.850000E-9	712.000000E-12	4.996000E-9	828.200000E-9	253.560000E-6	0.000000E+0	-100.000000E+0	61.616000E+0	0.000000E+0	NaN
	14/11/2022 14:49:38	-62.788000E-3	1.850000E-9	714.000000E-12	4.996000E-9	801.700000E-9	284.110000E-6	0.000000E+0	-100.000000E+0	61.504000E+0	0.000000E+0	NaN
	14/11/2022 14:49:48	-67.669000E-3	1.850000E-9	710.000000E-12	4.996000E-9	786.500000E-9	284.110000E-6	0.000000E+0	-100.000000E+0	61.504000E+0	0.000000E+0	NaN
	14/11/2022 14:49:57	-67.374000E-3	1.850000E-9	713.000000E-12	4.996000E-9	778.100000E-9	280.920000E-6	0.000000E+0	-100.000000E+0	61.616000E+0	0.000000E+0	NaN
	14/11/2022 14:50:06	-64.784000E-3	1.850000E-9	706.000000E-12	4.996000E-9	771.500000E-9	282.410000E-6	0.000000E+0	-100.224000E+0	61.504000E+0	0.000000E+0	NaN
	14/11/2022 14:50:15	-67.398000E-3	1.840000E-9	707.000000E-12	4.996000E-9	768.800000E-9	288.550000E-6	0.000000E+0	-100.000000E+0	61.504000E+0	0.000000E+0	NaN
	14/11/2022 14:50:24	-63.330000E-3	1.840000E-9	709.000000E-12	4.996000E-9	763.300000E-9	284.110000E-6	0.000000E+0	-100.112000E+0	61.616000E+0	0.000000E+0	NaN
	14/11/2022 14:50:34	-65.747000E-3	1.840000E-9	701.000000E-12	4.996000E-9	762.300000E-9	245.150000E-6	0.000000E+0	-100.000000E+0	61.616000E+0	0.000000E+0	NaN
	14/11/2022 14:50:43	-66.289000E-3	1.840000E-9	707.000000E-12	4.996000E-9	761.400000E-9	262.170000E-6	0.000000E+0	-100.112000E+0	61.728000E+0	0.000000E+0	NaN
	14/11/2022 14:50:52	-63.428000E-3	1.840000E-9	707.000000E-12	4.996000E-9	759.600000E-9	286.340000E-6	0.000000E+0	-100.112000E+0	61.728000E+0	0.000000E+0	NaN
	14/11/2022 14:51:01	-62.937000E-3	1.840000E-9	713.000000E-12	4.996000E-9	758.700000E-9	271.560000E-6	0.000000E+0	-99.887000E+0	61.616000E+0	0.000000E+0	NaN
	14/11/2022 14:51:10	-63.133000E-3	1.830000E-9	709.000000E-12	4.996000E-9	757.800000E-9	255.530000E-6	0.000000E+0	-100.112000E+0	61.616000E+0	0.000000E+0	NaN
	14/11/2022 14:51:20	-64.835000E-3	1.840000E-9	712.000000E-12	4.996000E-9	757.800000E-9	274.510000E-6	0.000000E+0	-100.112000E+0	61.728000E+0	0.000000E+0	NaN
	14/11/2022 14:51:29	-65.869000E-3	1.830000E-9	709.000000E-12	4.996000E-9	758.700000E-9	280.680000E-6	0.000000E+0	-100.000000E+0	61.391000E+0	0.000000E+0	NaN
	14/11/2022 14:51:38	-63.676000E-3	1.840000E-9	714.000000E-12	4.996000E-9	757.800000E-9	249.830000E-6	0.000000E+0	-100.000000E+0	61.616000E+0	0.000000E+0	NaN
	14/11/2022 14:51:47	-63.550000E-3	1.840000E-9	709.000000E-12	4.996000E-9	757.800000E-9	276.240000E-6	0.000000E+0	-99.887000E+0	61.616000E+0	0.000000E+0	NaN
	14/11/2022 14:51:56	-63.330000E-3	1.840000E-9	710.000000E-12	4.996000E-9	757.800000E-9	272.270000E-6	0.000000E+0	-99.887000E+0	61.616000E+0	0.000000E+0	NaN
	14/11/2022 14:52:05	-63.008000E-3	1.840000E-9	707.000000E-12	4.996000E-9	760.500000E-9	271.050000E-6	0.000000E+0	-99.887000E+0	61.616000E+0	0.000000E+0	NaN
	14/11/2022 14:52:15	-67.249000E-3	1.830000E-9	709.000000E-12	4.996000E-9	757.800000E-9	253.800000E-6	0.000000E+0	-99.775000E+0	61.616000E+0	0.000000E+0	NaN
	14/11/2022 14:52:24	-67.300000E-3	1.830000E-9	705.000000E-12	4.996000E-9	757.800000E-9	273.020000E-6	0.000000E+0	-100.000000E+0	61.616000E+0	0.000000E+0	NaN
	14/11/2022 14:52:33	-67.249000E-3	1.830000E-9	699.000000E-12	4.996000E-9	757.800000E-9	263.150000E-6	0.000000E+0	-99.887000E+0	61.616000E+0	0.000000E+0	NaN
	14/11/2022 14:52:42	-63.652000E-3	1.830000E-9	704.000000E-12	4.996000E-9	757.800000E-9	251.830000E-6	0.000000E+0	-99.887000E+0	61.504000E+0	0.000000E+0	NaN
	14/11/2022 14:52:51	-65.401000E-3	1.830000E-9	696.000000E-12	4.996000E-9	757.800000E-9	273.760000E-6	0.000000E+0	-99.887000E+0	61.504000E+0	0.000000E+0	NaN
	14/11/2022 14:53:00	-67.201000E-3	1.820000E-9	697.000000E-12	4.996000E-9	757.800000E-9	285.600000E-6	0.000000E+0	-100.112000E+0	61.504000E+0	0.000000E+0	NaN
	14/11/2022 14:53:10	-62.937000E-3	1.830000E-9	703.000000E-12	4.996000E-9	757.800000E-9	242.710000E-6	0.000000E+0	-99.775000E+0	61.616000E+0	0.000000E+0	NaN
	14/11/2022 14:53:19	-66.018000E-3	1.830000E-9	711.000000E-12	4.996000E-9	757.800000E-9	280.410000E-6	0.000000E+0	-99.887000E+0	61.728000E+0	0.000000E+0	NaN
	14/11/2022 14:53:28	-67.618000E-3	1.820000E-9	714.000000E-12	4.996000E-9	757.800000E-9	282.650000E-6	0.000000E+0	-99.775000E+0	61.728000E+0	0.000000E+0	NaN
	14/11/2022 14:53:37	-63.404000E-3	1.830000E-9	711.000000E-12	4.996000E-9	770.600000E-9	282.140000E-6	0.000000E+0	-100.000000E+0	61.616000E+0	0.000000E+0	NaN
	14/11/2022 14:53:46	-63.577000E-3	1.830000E-9	709.000000E-12	4.996000E-9	764.200000E-9	243.690000E-6	0.000000E+0	-99.775000E+0	61.616000E+0	0.000000E+0	NaN
	14/11/2022 14:53:56	-63.181000E-3	1.830000E-9	707.000000E-12	4.996000E-9	763.300000E-9	273.260000E-6	0.000000E+0	-99.887000E+0	61.728000E+0	0.000000E+0	NaN
	14/11/2022 14:54:05	-63.601000E-3	1.840000E-9	707.000000E-12	4.996000E-9	761.400000E-9	282.880000E-6	0.000000E+0	-99.663000E+0	61.728000E+0	0.000000E+0	NaN
	14/11/2022 14:54:14	-63.676000E-3	1.840000E-9	715.000000E-12	4.996000E-9	759.600000E-9	244.410000E-6	0.000000E+0	-99.887000E+0	61.504000E+0	0.000000E+0	NaN
	14/11/2022 14:54:23	-62.886000E-3	1.840000E-9	715.000000E-12	4.996000E-9	758.700000E-9	282.880000E-6	0.000000E+0	-99.887000E+0	61.616000E+0	0.000000E+0	NaN
	14/11/2022 14:54:32	-67.076000E-3	2.470000E-9	919.000000E-12	4.996000E-9	757.800000E-9	252.310000E-6	0.000000E+0	-99.887000E+0	61.728000E+0	0.000000E+0	NaN
	14/11/2022 14:54:42	-67.300000E-3	3.180000E-9	1.050000E-9	4.996000E-9	760.500000E-9	262.410000E-6	0.000000E+0	-99.775000E+0	61.616000E+0	0.000000E+0	NaN
	14/11/2022 14:54:51	-63.601000E-3	3.200000E-9	1.060000E-9	4.996000E-9	757.800000E-9	244.920000E-6	0.000000E+0	-99.887000E+0	61.616000E+0	0.000000E+0	NaN
	14/11/2022 14:55:00	-63.354000E-3	3.170000E-9	1.040000E-9	4.996000E-9	757.800000E-9	275.490000E-6	0.000000E+0	-99.775000E+0	61.840000E+0	0.000000E+0	NaN
	14/11/2022 14:55:09	-64.686000E-3	3.100000E-9	1.030000E-9	4.996000E-9	757.800000E-9	264.140000E-6	0.000000E+0	-100.112000E+0	61.616000E+0	0.000000E+0	NaN
	14/11/2022 14:55:18	-65.869000E-3	3.160000E-9	1.040000E-9	4.996000E-9	757.800000E-9	248.130000E-6	0.000000E+0	-99.775000E+0	61.616000E+0	0.000000E+0	NaN
	14/11/2022 14:55:27	-63.428000E-3	3.110000E-9	1.040000E-9	4.996000E-9	757.800000E-9	282.140000E-6	0.000000E+0	-99.775000E+0	61.616000E+0	0.000000E+0	NaN
	14/11/2022 14:55:37	-63.306000E-3	3.210000E-9	1.060000E-9	4.996000E-9	757.800000E-9	283.390000E-6	0.000000E+0	-99.887000E+0	61.504000E+0	0.000000E+0	NaN
	14/11/2022 14:55:46	-65.944000E-3	3.070000E-9	1.030000E-9	4.996000E-9	757.800000E-9	276.710000E-6	0.000000E+0	-99.775000E+0	61.728000E+0	0.000000E+0	NaN
	14/11/2022 14:55:55	-62.910000E-3	3.080000E-9	1.020000E-9	4.996000E-9	757.800000E-9	261.930000E-6	0.000000E+0	-99.887000E+0	61.616000E+0	0.000000E+0	NaN
	14/11/2022 14:56:04	-62.764000E-3	3.090000E-9	1.030000E-9	4.996000E-9	757.800000E-9	266.130000E-6	0.000000E+0	-99.775000E+0	61.728000E+0	0.000000E+0	NaN
	14/11/2022 14:56:13	-63.083000E-3	3.100000E-9	1.030000E-9	4.996000E-9	756.900000E-9	254.270000E-6	0.000000E+0	-99.887000E+0	61.728000E+0	0.000000E+0	NaN
	14/11/2022 14:56:22	-67.076000E-3	3.110000E-9	1.030000E-9	4.996000E-9	756.900000E-9	273.020000E-6	0.000000E+0	-99.887000E+0	61.616000E+0	0.000000E+0	NaN
	14/11/2022 14:56:32	-63.676000E-3	3.080000E-9	1.020000E-9	4.996000E-9	756.900000E-9	255.260000E-6	0.000000E+0	-99.775000E+0	61.728000E+0	0.000000E+0	NaN
	14/11/2022 14:56:41	-64.021000E-3	3.090000E-9	1.020000E-9	4.996000E-9	756.900000E-9	281.160000E-6	0.000000E+0	-99.887000E+0	61.840000E+0	0.000000E+0	NaN
	14/11/2022 14:56:50	-63.255000E-3	3.080000E-9	1.020000E-9	4.996000E-9	756.900000E-9	243.690000E-6	0.000000E+0	-99.775000E+0	61.728000E+0	0.000000E+0	NaN
	14/11/2022 14:56:59	-63.676000E-3	3.060000E-9	1.010000E-9	4.996000E-9	757.800000E-9	265.870000E-6	0.000000E+0	-99.887000E+0	61.616000E+0	0.000000E+0	NaN
	14/11/2022 14:57:08	-65.967000E-3	3.060000E-9	1.010000E-9	4.996000E-9	757.800000E-9	285.830000E-6	0.000000E+0	-99.663000E+0	61.728000E+0	0.000000E+0	NaN
	14/11/2022 14:57:17	-66.930000E-3	3.060000E-9	1.010000E-9	4.996000E-9	757.800000E-9	261.430000E-6	0.000000E+0	-99.775000E+0	61.840000E+0	0.000000E+0	NaN
	14/11/2022 14:57:27	-63.059000E-3	3.040000E-9	1.000000E-9	4.996000E-9	757.800000E-9	241.700000E-6	0.000000E+0	-99.775000E+0	61.840000E+0	0.000000E+0	NaN
	14/11/2022 14:57:36	-63.306000E-3	3.040000E-9	1.000000E-9	4.996000E-9	757.800000E-9	277.460000E-6	0.000000E+0	-99.775000E+0	61.616000E+0	0.000000E+0	NaN
	14/11/2022 14:57:45	-65.079000E-3	3.030000E-9	1.000000E-9	4.996000E-9	756.900000E-9	280.920000E-6	0.000000E+0	-99.775000E+0	61.728000E+0	0.000000E+0	NaN
	14/11/2022 14:57:54	-66.435000E-3	3.040000E-9	997.000000E-12	4.996000E-9	757.800000E-9	267.360000E-6	0.000000E+0	-99.775000E+0	61.840000E+0	0.000000E+0	NaN
	14/11/2022 14:58:03	-65.425000E-3	3.050000E-9	998.000000E-12	4.996000E-9	756.900000E-9	265.120000E-6	0.000000E+0	-99.663000E+0	61.504000E+0	0.000000E+0	NaN
	14/11/2022 14:58:13	-63.601000E-3	3.040000E-9	1.000000E-9	4.996000E-9	756.900000E-9	277.460000E-6	0.000000E+0	-99.775000E+0	61.728000E+0	0.000000E+0	NaN
	14/11/2022 14:58:22	-63.306000E-3	3.050000E-9	1.010000E-9	4.996000E-9	756.900000E-9	285.360000E-6	0.000000E+0	-99.663000E+0	61.728000E+0	0.000000E+0	NaN
	14/11/2022 14:58:31	-67.201000E-3	3.100000E-9	1.020000E-9	4.996000E-9	756.900000E-9	279.430000E-6	0.000000E+0	-99.775000E+0	61.728000E+0	0.000000E+0	NaN
	14/11/2022 14:58:40	-62.886000E-3	3.130000E-9	1.030000E-9	4.996000E-9	757.800000E-9	282.650000E-6	0.000000E+0	-99.775000E+0	61.616000E+0	0.000000E+0	NaN
	14/11/2022 14:58:49	-64.513000E-3	3.090000E-9	1.010000E-9	4.996000E-9	756.900000E-9	252.540000E-6	0.000000E+0	-99.551000E+0	61.953000E+0	0.000000E+0	NaN
	14/11/2022 14:58:59	-64.513000E-3	3.140000E-9	1.030000E-9	4.996000E-9	757.800000E-9	247.870000E-6	0.000000E+0	-99.775000E+0	61.840000E+0	0.000000E+0	NaN
	14/11/2022 14:59:08	-63.279000E-3	3.110000E-9	1.020000E-9	4.996000E-9	757.800000E-9	273.020000E-6	0.000000E+0	-99.663000E+0	61.728000E+0	0.000000E+0	NaN
	14/11/2022 14:59:17	-62.788000E-3	3.080000E-9	1.010000E-9	4.996000E-9	763.300000E-9	270.810000E-6	0.000000E+0	-99.551000E+0	61.840000E+0	0.000000E+0	NaN
	14/11/2022 14:59:26	-67.398000E-3	3.170000E-9	1.030000E-9	4.996000E-9	762.300000E-9	251.320000E-6	0.000000E+0	-99.663000E+0	61.616000E+0	0.000000E+0	NaN
	14/11/2022 14:59:35	-63.381000E-3	3.180000E-9	1.040000E-9	4.996000E-9	761.400000E-9	278.950000E-6	0.000000E+0	-99.775000E+0	61.616000E+0	0.000000E+0	NaN
	14/11/2022 14:59:45	-63.181000E-3	3.190000E-9	1.040000E-9	4.996000E-9	760.500000E-9	256.270000E-6	0.000000E+0	-99.663000E+0	61.728000E+0	0.000000E+0	NaN
	14/11/2022 14:59:54	-63.157000E-3	3.210000E-9	1.050000E-9	4.996000E-9	761.400000E-9	275.970000E-6	0.000000E+0	-99.663000E+0	61.728000E+0	0.000000E+0	NaN
	14/11/2022 15:00:03	-63.676000E-3	3.200000E-9	1.050000E-9	4.996000E-9	760.500000E-9	272.780000E-6	0.000000E+0	-99.551000E+0	61.616000E+0	0.000000E+0	NaN
	14/11/2022 15:00:12	-67.177000E-3	3.150000E-9	1.030000E-9	4.996000E-9	761.400000E-9	247.390000E-6	0.000000E+0	-99.775000E+0	61.840000E+0	0.000000E+0	NaN
	14/11/2022 15:00:21	-67.249000E-3	3.150000E-9	1.030000E-9	4.996000E-9	761.400000E-9	280.920000E-6	0.000000E+0	-99.551000E+0	61.840000E+0	0.000000E+0	NaN
	14/11/2022 15:00:30	-62.788000E-3	3.180000E-9	1.030000E-9	4.996000E-9	760.500000E-9	261.930000E-6	0.000000E+0	-99.775000E+0	61.728000E+0	0.000000E+0	NaN
	14/11/2022 15:00:40	-64.391000E-3	3.220000E-9	1.060000E-9	4.996000E-9	761.400000E-9	239.490000E-6	0.000000E+0	-99.775000E+0	61.728000E+0	0.000000E+0	NaN
	14/11/2022 15:00:49	-64.242000E-3	3.200000E-9	1.040000E-9	4.996000E-9	760.500000E-9	289.530000E-6	0.000000E+0	-99.663000E+0	61.728000E+0	0.000000E+0	NaN
	14/11/2022 15:00:58	-64.808000E-3	3.090000E-9	1.020000E-9	4.996000E-9	761.400000E-9	241.460000E-6	0.000000E+0	-99.551000E+0	61.728000E+0	0.000000E+0	NaN
	14/11/2022 15:01:07	-67.422000E-3	3.100000E-9	1.020000E-9	4.996000E-9	761.400000E-9	242.200000E-6	0.000000E+0	-99.663000E+0	61.840000E+0	0.000000E+0	NaN
	14/11/2022 15:01:16	-67.076000E-3	3.080000E-9	1.010000E-9	4.996000E-9	761.400000E-9	256.510000E-6	0.000000E+0	-99.663000E+0	61.728000E+0	0.000000E+0	NaN
	14/11/2022 15:01:26	-63.652000E-3	3.040000E-9	1.000000E-9	4.996000E-9	760.500000E-9	285.830000E-6	0.000000E+0	-99.551000E+0	61.953000E+0	0.000000E+0	NaN
	14/11/2022 15:01:35	-67.177000E-3	3.050000E-9	1.010000E-9	4.996000E-9	761.400000E-9	241.970000E-6	0.000000E+0	-99.551000E+0	61.728000E+0	0.000000E+0	NaN
	14/11/2022 15:01:44	-63.109000E-3	3.040000E-9	1.010000E-9	4.996000E-9	762.300000E-9	252.540000E-6	0.000000E+0	-99.663000E+0	61.728000E+0	0.000000E+0	NaN
	14/11/2022 15:01:53	-62.960000E-3	3.070000E-9	1.010000E-9	4.996000E-9	762.300000E-9	241.220000E-6	0.000000E+0	-99.663000E+0	61.840000E+0	0.000000E+0	NaN
	14/11/2022 15:02:02	-66.411000E-3	3.050000E-9	1.010000E-9	4.996000E-9	762.300000E-9	268.850000E-6	0.000000E+0	-99.663000E+0	61.953000E+0	0.000000E+0	NaN
	14/11/2022 15:02:12	-63.083000E-3	3.030000E-9	1.000000E-9	4.996000E-9	762.300000E-9	260.680000E-6	0.000000E+0	-99.551000E+0	61.840000E+0	0.000000E+0	NaN
	14/11/2022 15:02:21	-62.591000E-3	3.020000E-9	998.000000E-12	4.996000E-9	762.300000E-9	252.810000E-6	0.000000E+0	-99.663000E+0	61.728000E+0	0.000000E+0	NaN
	14/11/2022 15:02:30	-63.428000E-3	2.990000E-9	991.000000E-12	4.996000E-9	762.300000E-9	281.390000E-6	0.000000E+0	-99.663000E+0	61.953000E+0	0.000000E+0	NaN
	14/11/2022 15:02:39	-63.255000E-3	2.990000E-9	984.000000E-12	4.996000E-9	762.300000E-9	268.100000E-6	0.000000E+0	-99.551000E+0	61.728000E+0	0.000000E+0	NaN
	14/11/2022 15:02:48	-63.381000E-3	3.000000E-9	984.000000E-12	4.996000E-9	762.300000E-9	268.580000E-6	0.000000E+0	-99.551000E+0	61.840000E+0	0.000000E+0	NaN
	14/11/2022 15:02:58	-67.472000E-3	2.960000E-9	982.000000E-12	4.996000E-9	762.300000E-9	280.170000E-6	0.000000E+0	-99.551000E+0	61.840000E+0	0.000000E+0	NaN
	14/11/2022 15:03:07	-63.330000E-3	2.940000E-9	985.000000E-12	4.996000E-9	763.300000E-9	282.140000E-6	0.000000E+0	-99.663000E+0	61.840000E+0	0.000000E+0	NaN
	14/11/2022 15:03:16	-62.811000E-3	2.940000E-9	978.000000E-12	4.996000E-9	763.300000E-9	244.410000E-6	0.000000E+0	-99.551000E+0	61.953000E+0	0.000000E+0	NaN
	14/11/2022 15:03:25	-62.862000E-3	2.940000E-9	983.000000E-12	4.996000E-9	763.300000E-9	274.990000E-6	0.000000E+0	-99.551000E+0	61.728000E+0	0.000000E+0	NaN
	14/11/2022 15:03:34	-63.452000E-3	2.930000E-9	972.000000E-12	4.996000E-9	763.300000E-9	280.680000E-6	0.000000E+0	-99.551000E+0	61.953000E+0	0.000000E+0	NaN
	14/11/2022 15:03:44	-63.255000E-3	2.930000E-9	987.000000E-12	4.996000E-9	763.300000E-9	268.100000E-6	0.000000E+0	-99.438000E+0	61.840000E+0	0.000000E+0	NaN
	14/11/2022 15:03:53	-63.452000E-3	2.920000E-9	972.000000E-12	4.996000E-9	763.300000E-9	260.200000E-6	0.000000E+0	-99.551000E+0	61.840000E+0	0.000000E+0	NaN
	14/11/2022 15:04:02	-66.018000E-3	2.910000E-9	964.000000E-12	4.996000E-9	765.100000E-9	279.930000E-6	0.000000E+0	-99.438000E+0	61.728000E+0	0.000000E+0	NaN
	14/11/2022 15:04:11	-63.208000E-3	2.890000E-9	961.000000E-12	4.996000E-9	770.600000E-9	270.550000E-6	0.000000E+0	-99.551000E+0	61.840000E+0	0.000000E+0	NaN
	14/11/2022 15:04:20	-63.035000E-3	2.880000E-9	974.000000E-12	4.996000E-9	770.600000E-9	269.090000E-6	0.000000E+0	-99.438000E+0	61.840000E+0	0.000000E+0	NaN
	14/11/2022 15:04:29	-63.354000E-3	2.880000E-9	967.000000E-12	4.996000E-9	769.700000E-9	281.900000E-6	0.000000E+0	-99.438000E+0	61.840000E+0	0.000000E+0	NaN
	14/11/2022 15:04:39	-63.354000E-3	2.880000E-9	970.000000E-12	4.996000E-9	764.200000E-9	258.710000E-6	0.000000E+0	-99.438000E+0	61.728000E+0	0.000000E+0	NaN
	14/11/2022 15:04:48	-62.737000E-3	2.880000E-9	963.000000E-12	4.996000E-9	764.200000E-9	255.530000E-6	0.000000E+0	-99.438000E+0	61.840000E+0	0.000000E+0	NaN
	14/11/2022 15:04:57	-67.249000E-3	2.880000E-9	962.000000E-12	4.996000E-9	766.000000E-9	257.970000E-6	0.000000E+0	-99.551000E+0	61.728000E+0	0.000000E+0	NaN
	14/11/2022 15:05:06	-63.109000E-3	2.910000E-9	962.000000E-12	4.996000E-9	767.800000E-9	280.680000E-6	0.000000E+0	-99.438000E+0	61.953000E+0	0.000000E+0	NaN
	14/11/2022 15:05:15	-64.242000E-3	2.890000E-9	962.000000E-12	4.996000E-9	764.200000E-9	259.700000E-6	0.000000E+0	-99.438000E+0	61.840000E+0	0.000000E+0	NaN
	14/11/2022 15:05:25	-63.723000E-3	2.890000E-9	973.000000E-12	4.996000E-9	765.100000E-9	242.710000E-6	0.000000E+0	-99.551000E+0	61.953000E+0	0.000000E+0	NaN
	14/11/2022 15:05:34	-64.465000E-3	2.890000E-9	961.000000E-12	4.996000E-9	769.700000E-9	261.190000E-6	0.000000E+0	-99.438000E+0	61.840000E+0	0.000000E+0	NaN
	14/11/2022 15:05:43	-66.906000E-3	2.890000E-9	963.000000E-12	4.996000E-9	769.700000E-9	285.120000E-6	0.000000E+0	-99.438000E+0	61.953000E+0	0.000000E+0	NaN
	14/11/2022 15:05:52	-66.462000E-3	2.880000E-9	958.000000E-12	4.996000E-9	770.600000E-9	264.410000E-6	0.000000E+0	-99.438000E+0	61.840000E+0	0.000000E+0	NaN
	14/11/2022 15:06:01	-67.520000E-3	2.900000E-9	966.000000E-12	4.996000E-9	770.600000E-9	278.200000E-6	0.000000E+0	-99.214000E+0	61.840000E+0	0.000000E+0	NaN
	14/11/2022 15:06:11	-63.181000E-3	2.880000E-9	966.000000E-12	4.996000E-9	769.700000E-9	261.190000E-6	0.000000E+0	-99.326000E+0	62.065000E+0	0.000000E+0	NaN
	14/11/2022 15:06:20	-67.249000E-3	2.880000E-9	961.000000E-12	4.996000E-9	770.600000E-9	259.220000E-6	0.000000E+0	-99.438000E+0	61.953000E+0	0.000000E+0	NaN
	14/11/2022 15:06:29	-63.232000E-3	2.880000E-9	962.000000E-12	4.996000E-9	770.600000E-9	269.320000E-6	0.000000E+0	-99.551000E+0	61.953000E+0	0.000000E+0	NaN
	14/11/2022 15:06:38	-63.109000E-3	2.880000E-9	957.000000E-12	4.996000E-9	770.600000E-9	280.920000E-6	0.000000E+0	-99.326000E+0	61.840000E+0	0.000000E+0	NaN
	14/11/2022 15:06:47	-67.720000E-3	2.880000E-9	967.000000E-12	4.996000E-9	770.600000E-9	242.200000E-6	0.000000E+0	-99.438000E+0	61.840000E+0	0.000000E+0	NaN
	14/11/2022 15:06:57	-63.279000E-3	2.960000E-9	984.000000E-12	4.996000E-9	769.700000E-9	253.290000E-6	0.000000E+0	-99.326000E+0	61.953000E+0	0.000000E+0	NaN
	14/11/2022 15:07:06	-62.689000E-3	2.950000E-9	985.000000E-12	4.996000E-9	770.600000E-9	279.430000E-6	0.000000E+0	-99.438000E+0	61.840000E+0	0.000000E+0	NaN
	14/11/2022 15:07:15	-67.449000E-3	2.960000E-9	976.000000E-12	4.996000E-9	770.600000E-9	250.850000E-6	0.000000E+0	-99.326000E+0	61.953000E+0	0.000000E+0	NaN
	14/11/2022 15:07:24	-67.201000E-3	2.910000E-9	968.000000E-12	4.996000E-9	770.600000E-9	241.700000E-6	0.000000E+0	-99.326000E+0	61.953000E+0	0.000000E+0	NaN
	14/11/2022 15:07:33	-67.151000E-3	2.940000E-9	979.000000E-12	4.996000E-9	770.600000E-9	281.390000E-6	0.000000E+0	-99.326000E+0	61.953000E+0	0.000000E+0	NaN
	14/11/2022 15:07:43	-66.215000E-3	2.930000E-9	975.000000E-12	4.996000E-9	770.600000E-9	242.710000E-6	0.000000E+0	-99.326000E+0	61.840000E+0	0.000000E+0	NaN
	14/11/2022 15:07:52	-67.225000E-3	2.880000E-9	959.000000E-12	4.996000E-9	770.600000E-9	251.560000E-6	0.000000E+0	-99.438000E+0	61.953000E+0	0.000000E+0	NaN
	14/11/2022 15:08:01	-63.577000E-3	2.880000E-9	968.000000E-12	4.996000E-9	770.600000E-9	243.930000E-6	0.000000E+0	-99.438000E+0	61.953000E+0	0.000000E+0	NaN
	14/11/2022 15:08:10	-63.255000E-3	2.870000E-9	960.000000E-12	4.996000E-9	771.500000E-9	270.310000E-6	0.000000E+0	-99.438000E+0	61.953000E+0	0.000000E+0	NaN
	14/11/2022 15:08:19	-63.083000E-3	2.880000E-9	952.000000E-12	4.996000E-9	771.500000E-9	256.750000E-6	0.000000E+0	-99.102000E+0	61.953000E+0	0.000000E+0	NaN
	14/11/2022 15:08:28	-63.896000E-3	2.870000E-9	965.000000E-12	4.996000E-9	771.500000E-9	265.120000E-6	0.000000E+0	-99.438000E+0	61.953000E+0	0.000000E+0	NaN
	14/11/2022 15:08:38	-62.910000E-3	2.860000E-9	957.000000E-12	4.996000E-9	771.500000E-9	282.880000E-6	0.000000E+0	-99.326000E+0	62.065000E+0	0.000000E+0	NaN
	14/11/2022 15:08:47	-63.750000E-3	2.860000E-9	959.000000E-12	4.996000E-9	771.500000E-9	260.950000E-6	0.000000E+0	-99.326000E+0	61.953000E+0	0.000000E+0	NaN
	14/11/2022 15:08:56	-67.276000E-3	2.860000E-9	958.000000E-12	4.996000E-9	771.500000E-9	280.170000E-6	0.000000E+0	-99.326000E+0	61.953000E+0	0.000000E+0	NaN
	14/11/2022 15:09:05	-63.133000E-3	2.850000E-9	958.000000E-12	4.996000E-9	771.500000E-9	266.850000E-6	0.000000E+0	-99.438000E+0	61.953000E+0	0.000000E+0	NaN
	14/11/2022 15:09:14	-63.404000E-3	2.840000E-9	952.000000E-12	4.996000E-9	771.500000E-9	247.120000E-6	0.000000E+0	-99.551000E+0	61.953000E+0	0.000000E+0	NaN
	14/11/2022 15:09:24	-63.848000E-3	2.840000E-9	945.000000E-12	4.996000E-9	771.500000E-9	269.090000E-6	0.000000E+0	-99.326000E+0	61.953000E+0	0.000000E+0	NaN
	14/11/2022 15:09:33	-65.476000E-3	2.840000E-9	955.000000E-12	4.996000E-9	771.500000E-9	281.390000E-6	0.000000E+0	-99.214000E+0	61.953000E+0	0.000000E+0	NaN
	14/11/2022 15:09:42	-63.181000E-3	2.840000E-9	954.000000E-12	4.996000E-9	772.500000E-9	278.440000E-6	0.000000E+0	-99.214000E+0	61.953000E+0	0.000000E+0	NaN
	14/11/2022 15:09:51	-63.255000E-3	2.830000E-9	952.000000E-12	4.996000E-9	772.500000E-9	269.320000E-6	0.000000E+0	-99.102000E+0	61.840000E+0	0.000000E+0	NaN
	14/11/2022 15:10:00	-63.279000E-3	2.830000E-9	942.000000E-12	4.996000E-9	772.500000E-9	269.090000E-6	0.000000E+0	-99.326000E+0	61.953000E+0	0.000000E+0	NaN
	14/11/2022 15:10:09	-67.520000E-3	2.550000E-9	889.000000E-12	4.996000E-9	772.500000E-9	256.270000E-6	0.000000E+0	-99.214000E+0	62.065000E+0	0.000000E+0	NaN
	14/11/2022 15:10:19	-64.439000E-3	2.510000E-9	875.000000E-12	4.996000E-9	772.500000E-9	271.800000E-6	0.000000E+0	-99.326000E+0	61.953000E+0	0.000000E+0	NaN
	14/11/2022 15:10:28	-63.059000E-3	2.480000E-9	873.000000E-12	4.996000E-9	772.500000E-9	282.140000E-6	0.000000E+0	-99.214000E+0	62.065000E+0	0.000000E+0	NaN
	14/11/2022 15:10:37	-66.215000E-3	2.480000E-9	863.000000E-12	4.996000E-9	772.500000E-9	250.850000E-6	0.000000E+0	-99.214000E+0	61.953000E+0	0.000000E+0	NaN
	14/11/2022 15:10:46	-65.449000E-3	2.470000E-9	873.000000E-12	4.996000E-9	772.500000E-9	282.650000E-6	0.000000E+0	-99.326000E+0	62.065000E+0	0.000000E+0	NaN
	14/11/2022 15:10:55	-67.547000E-3	2.460000E-9	871.000000E-12	4.996000E-9	773.400000E-9	277.220000E-6	0.000000E+0	-99.214000E+0	61.953000E+0	0.000000E+0	NaN
	14/11/2022 15:11:05	-67.225000E-3	2.460000E-9	867.000000E-12	4.996000E-9	773.400000E-9	263.660000E-6	0.000000E+0	-99.326000E+0	62.177000E+0	0.000000E+0	NaN
	14/11/2022 15:11:14	-63.550000E-3	2.450000E-9	858.000000E-12	4.996000E-9	773.400000E-9	261.190000E-6	0.000000E+0	-99.326000E+0	62.065000E+0	0.000000E+0	NaN
	14/11/2022 15:11:23	-67.669000E-3	2.450000E-9	856.000000E-12	4.996000E-9	774.300000E-9	242.200000E-6	0.000000E+0	-99.326000E+0	61.953000E+0	0.000000E+0	NaN
	14/11/2022 15:11:32	-62.886000E-3	2.450000E-9	868.000000E-12	4.996000E-9	774.300000E-9	242.440000E-6	0.000000E+0	-99.326000E+0	62.065000E+0	0.000000E+0	NaN
	14/11/2022 15:11:41	-63.381000E-3	2.430000E-9	869.000000E-12	4.996000E-9	773.400000E-9	281.390000E-6	0.000000E+0	-99.214000E+0	62.065000E+0	0.000000E+0	NaN
	14/11/2022 15:11:50	-62.984000E-3	2.440000E-9	865.000000E-12	4.996000E-9	773.400000E-9	252.310000E-6	0.000000E+0	-99.214000E+0	62.065000E+0	0.000000E+0	NaN
	14/11/2022 15:12:00	-63.452000E-3	2.420000E-9	859.000000E-12	4.996000E-9	773.400000E-9	265.120000E-6	0.000000E+0	-99.214000E+0	61.953000E+0	0.000000E+0	NaN
	14/11/2022 15:12:09	-63.109000E-3	2.420000E-9	858.000000E-12	4.996000E-9	773.400000E-9	261.430000E-6	0.000000E+0	-99.102000E+0	61.953000E+0	0.000000E+0	NaN
	14/11/2022 15:12:18	-63.798000E-3	2.430000E-9	857.000000E-12	4.996000E-9	774.300000E-9	254.270000E-6	0.000000E+0	-99.326000E+0	62.065000E+0	0.000000E+0	NaN
	14/11/2022 15:12:27	-67.028000E-3	2.420000E-9	851.000000E-12	4.996000E-9	774.300000E-9	267.120000E-6	0.000000E+0	-99.214000E+0	62.177000E+0	0.000000E+0	NaN
	14/11/2022 15:12:36	-63.503000E-3	2.420000E-9	860.000000E-12	4.996000E-9	773.400000E-9	288.550000E-6	0.000000E+0	-99.214000E+0	62.065000E+0	0.000000E+0	NaN
	14/11/2022 15:12:46	-63.181000E-3	2.420000E-9	849.000000E-12	4.996000E-9	774.300000E-9	240.710000E-6	0.000000E+0	-99.214000E+0	62.065000E+0	0.000000E+0	NaN
	14/11/2022 15:12:55	-63.404000E-3	2.420000E-9	852.000000E-12	4.996000E-9	774.300000E-9	270.810000E-6	0.000000E+0	-99.214000E+0	61.953000E+0	0.000000E+0	NaN
	14/11/2022 15:13:04	-67.005000E-3	2.410000E-9	855.000000E-12	4.996000E-9	775.300000E-9	274.270000E-6	0.000000E+0	-99.102000E+0	62.065000E+0	0.000000E+0	NaN
	14/11/2022 15:13:13	-63.083000E-3	2.400000E-9	859.000000E-12	4.996000E-9	775.300000E-9	251.560000E-6	0.000000E+0	-99.214000E+0	61.953000E+0	0.000000E+0	NaN
	14/11/2022 15:13:22	-67.520000E-3	2.390000E-9	855.000000E-12	4.996000E-9	774.300000E-9	256.270000E-6	0.000000E+0	-99.326000E+0	61.953000E+0	0.000000E+0	NaN
	14/11/2022 15:13:32	-64.588000E-3	2.380000E-9	850.000000E-12	4.996000E-9	776.200000E-9	281.900000E-6	0.000000E+0	-99.214000E+0	61.953000E+0	0.000000E+0	NaN
	14/11/2022 15:13:41	-63.181000E-3	2.400000E-9	843.000000E-12	4.996000E-9	774.300000E-9	279.690000E-6	0.000000E+0	-99.102000E+0	62.065000E+0	0.000000E+0	NaN
	14/11/2022 15:13:50	-67.398000E-3	2.380000E-9	848.000000E-12	4.996000E-9	776.200000E-9	256.000000E-6	0.000000E+0	-99.102000E+0	62.177000E+0	0.000000E+0	NaN
	14/11/2022 15:13:59	-62.811000E-3	2.390000E-9	851.000000E-12	4.996000E-9	775.300000E-9	283.630000E-6	0.000000E+0	-99.102000E+0	62.065000E+0	0.000000E+0	NaN
	14/11/2022 15:14:08	-63.577000E-3	2.400000E-9	854.000000E-12	4.996000E-9	775.300000E-9	274.990000E-6	0.000000E+0	-99.102000E+0	61.953000E+0	0.000000E+0	NaN
	14/11/2022 15:14:18	-63.601000E-3	2.380000E-9	840.000000E-12	4.996000E-9	777.100000E-9	254.540000E-6	0.000000E+0	-98.989000E+0	62.177000E+0	0.000000E+0	NaN
	14/11/2022 15:14:27	-63.822000E-3	2.390000E-9	853.000000E-12	4.996000E-9	776.200000E-9	247.870000E-6	0.000000E+0	-99.326000E+0	62.065000E+0	0.000000E+0	NaN
	14/11/2022 15:14:36	-63.232000E-3	2.390000E-9	857.000000E-12	4.996000E-9	776.200000E-9	282.140000E-6	0.000000E+0	-99.214000E+0	62.065000E+0	0.000000E+0	NaN
	14/11/2022 15:14:45	-63.381000E-3	2.390000E-9	849.000000E-12	4.996000E-9	777.100000E-9	261.190000E-6	0.000000E+0	-99.214000E+0	62.177000E+0	0.000000E+0	NaN
	14/11/2022 15:14:54	-63.798000E-3	2.370000E-9	845.000000E-12	4.996000E-9	776.200000E-9	246.880000E-6	0.000000E+0	-99.214000E+0	61.953000E+0	0.000000E+0	NaN
	14/11/2022 15:15:03	-63.428000E-3	2.380000E-9	844.000000E-12	4.996000E-9	777.100000E-9	275.250000E-6	0.000000E+0	-99.102000E+0	62.177000E+0	0.000000E+0	NaN
	14/11/2022 15:15:13	-63.452000E-3	2.380000E-9	839.000000E-12	4.996000E-9	776.200000E-9	253.800000E-6	0.000000E+0	-99.326000E+0	61.953000E+0	0.000000E+0	NaN
	14/11/2022 15:15:22	-63.381000E-3	2.360000E-9	837.000000E-12	4.996000E-9	777.100000E-9	262.410000E-6	0.000000E+0	-99.214000E+0	62.065000E+0	0.000000E+0	NaN
	14/11/2022 15:15:31	-63.896000E-3	2.360000E-9	847.000000E-12	4.996000E-9	776.200000E-9	261.190000E-6	0.000000E+0	-99.214000E+0	61.953000E+0	0.000000E+0	NaN
	14/11/2022 15:15:40	-67.422000E-3	2.360000E-9	842.000000E-12	4.996000E-9	777.100000E-9	269.830000E-6	0.000000E+0	-99.102000E+0	62.065000E+0	0.000000E+0	NaN
	14/11/2022 15:15:49	-63.306000E-3	2.370000E-9	841.000000E-12	4.996000E-9	777.100000E-9	275.730000E-6	0.000000E+0	-99.214000E+0	61.953000E+0	0.000000E+0	NaN
	14/11/2022 15:15:58	-63.676000E-3	2.370000E-9	851.000000E-12	4.996000E-9	777.100000E-9	266.610000E-6	0.000000E+0	-99.214000E+0	62.177000E+0	0.000000E+0	NaN
	14/11/2022 15:16:08	-67.520000E-3	2.360000E-9	840.000000E-12	4.996000E-9	776.200000E-9	251.560000E-6	0.000000E+0	-99.102000E+0	62.065000E+0	0.000000E+0	NaN
	14/11/2022 15:16:17	-63.255000E-3	2.350000E-9	833.000000E-12	4.996000E-9	776.200000E-9	273.260000E-6	0.000000E+0	-98.989000E+0	62.177000E+0	0.000000E+0	NaN
	14/11/2022 15:16:26	-62.788000E-3	2.360000E-9	846.000000E-12	4.996000E-9	777.100000E-9	257.490000E-6	0.000000E+0	-99.102000E+0	62.177000E+0	0.000000E+0	NaN
	14/11/2022 15:16:35	-63.923000E-3	2.350000E-9	838.000000E-12	4.996000E-9	776.200000E-9	273.260000E-6	0.000000E+0	-99.214000E+0	62.177000E+0	0.000000E+0	NaN
	14/11/2022 15:16:44	-63.232000E-3	2.350000E-9	832.000000E-12	4.996000E-9	777.100000E-9	282.410000E-6	0.000000E+0	-98.989000E+0	61.953000E+0	0.000000E+0	NaN
	14/11/2022 15:16:53	-66.832000E-3	2.350000E-9	842.000000E-12	4.996000E-9	777.100000E-9	278.440000E-6	0.000000E+0	-98.989000E+0	62.177000E+0	0.000000E+0	NaN
	14/11/2022 15:17:03	-67.276000E-3	2.350000E-9	831.000000E-12	4.996000E-9	778.100000E-9	282.410000E-6	0.000000E+0	-99.102000E+0	62.065000E+0	0.000000E+0	NaN
	14/11/2022 15:17:12	-63.255000E-3	2.350000E-9	846.000000E-12	4.996000E-9	777.100000E-9	269.090000E-6	0.000000E+0	-98.989000E+0	62.177000E+0	0.000000E+0	NaN
	14/11/2022 15:17:21	-66.239000E-3	2.060000E-9	755.000000E-12	4.996000E-9	777.100000E-9	269.830000E-6	0.000000E+0	-98.989000E+0	62.177000E+0	0.000000E+0	NaN
	14/11/2022 15:17:30	-63.181000E-3	2.020000E-9	739.000000E-12	4.996000E-9	778.100000E-9	250.100000E-6	0.000000E+0	-99.102000E+0	62.065000E+0	0.000000E+0	NaN
	14/11/2022 15:17:39	-67.052000E-3	2.000000E-9	747.000000E-12	4.996000E-9	777.100000E-9	282.410000E-6	0.000000E+0	-99.102000E+0	62.065000E+0	0.000000E+0	NaN
	14/11/2022 15:17:49	-64.760000E-3	1.990000E-9	737.000000E-12	4.996000E-9	777.100000E-9	253.560000E-6	0.000000E+0	-99.102000E+0	62.065000E+0	0.000000E+0	NaN
	14/11/2022 15:17:58	-67.201000E-3	1.990000E-9	736.000000E-12	4.996000E-9	777.100000E-9	254.540000E-6	0.000000E+0	-98.989000E+0	62.289000E+0	0.000000E+0	NaN
	14/11/2022 15:18:07	-63.255000E-3	1.970000E-9	732.000000E-12	4.996000E-9	777.100000E-9	268.580000E-6	0.000000E+0	-99.102000E+0	62.177000E+0	0.000000E+0	NaN
	14/11/2022 15:18:16	-64.045000E-3	1.970000E-9	727.000000E-12	4.996000E-9	777.100000E-9	245.900000E-6	0.000000E+0	-98.989000E+0	62.177000E+0	0.000000E+0	NaN
	14/11/2022 15:18:25	-67.028000E-3	1.960000E-9	737.000000E-12	4.996000E-9	778.100000E-9	252.070000E-6	0.000000E+0	-98.989000E+0	62.177000E+0	0.000000E+0	NaN
	14/11/2022 15:18:35	-62.937000E-3	1.960000E-9	731.000000E-12	4.996000E-9	778.100000E-9	273.530000E-6	0.000000E+0	-99.102000E+0	62.177000E+0	0.000000E+0	NaN
	14/11/2022 15:18:44	-63.995000E-3	1.950000E-9	730.000000E-12	4.996000E-9	778.100000E-9	266.610000E-6	0.000000E+0	-98.989000E+0	62.065000E+0	0.000000E+0	NaN
	14/11/2022 15:18:53	-63.428000E-3	1.950000E-9	719.000000E-12	4.996000E-9	779.000000E-9	245.420000E-6	0.000000E+0	-98.989000E+0	62.065000E+0	0.000000E+0	NaN
	14/11/2022 15:19:02	-64.242000E-3	1.940000E-9	725.000000E-12	4.996000E-9	778.100000E-9	262.920000E-6	0.000000E+0	-98.877000E+0	62.177000E+0	0.000000E+0	NaN
	14/11/2022 15:19:11	-63.947000E-3	1.940000E-9	732.000000E-12	4.996000E-9	779.000000E-9	272.040000E-6	0.000000E+0	-98.877000E+0	62.289000E+0	0.000000E+0	NaN
	14/11/2022 15:19:21	-63.008000E-3	1.940000E-9	726.000000E-12	4.996000E-9	779.000000E-9	261.930000E-6	0.000000E+0	-99.102000E+0	62.177000E+0	0.000000E+0	NaN
	14/11/2022 15:19:30	-67.300000E-3	1.930000E-9	723.000000E-12	4.996000E-9	779.000000E-9	246.880000E-6	0.000000E+0	-98.877000E+0	62.177000E+0	0.000000E+0	NaN
	14/11/2022 15:19:39	-63.133000E-3	1.930000E-9	713.000000E-12	4.996000E-9	779.000000E-9	274.510000E-6	0.000000E+0	-99.102000E+0	62.177000E+0	0.000000E+0	NaN
	14/11/2022 15:19:48	-63.479000E-3	1.930000E-9	727.000000E-12	4.996000E-9	779.900000E-9	253.290000E-6	0.000000E+0	-98.989000E+0	62.177000E+0	0.000000E+0	NaN
	14/11/2022 15:19:57	-63.848000E-3	1.920000E-9	729.000000E-12	4.996000E-9	779.900000E-9	239.490000E-6	0.000000E+0	-98.877000E+0	62.289000E+0	0.000000E+0	NaN
	14/11/2022 15:20:07	-63.181000E-3	1.920000E-9	720.000000E-12	4.996000E-9	779.900000E-9	268.580000E-6	0.000000E+0	-98.989000E+0	62.065000E+0	0.000000E+0	NaN
	14/11/2022 15:20:16	-62.960000E-3	1.920000E-9	723.000000E-12	4.996000E-9	779.000000E-9	248.130000E-6	0.000000E+0	-98.877000E+0	62.177000E+0	0.000000E+0	NaN
	14/11/2022 15:20:25	-63.428000E-3	1.920000E-9	722.000000E-12	4.996000E-9	779.900000E-9	252.070000E-6	0.000000E+0	-98.989000E+0	62.401000E+0	0.000000E+0	NaN
	14/11/2022 15:20:34	-67.225000E-3	1.910000E-9	717.000000E-12	4.996000E-9	779.900000E-9	281.390000E-6	0.000000E+0	-98.989000E+0	62.289000E+0	0.000000E+0	NaN
	14/11/2022 15:20:43	-63.428000E-3	1.910000E-9	718.000000E-12	4.996000E-9	780.900000E-9	275.490000E-6	0.000000E+0	-98.989000E+0	62.065000E+0	0.000000E+0	NaN
	14/11/2022 15:20:52	-63.306000E-3	1.910000E-9	710.000000E-12	4.996000E-9	779.900000E-9	286.100000E-6	0.000000E+0	-98.877000E+0	62.065000E+0	0.000000E+0	NaN
	14/11/2022 15:21:02	-63.676000E-3	1.910000E-9	712.000000E-12	4.996000E-9	779.900000E-9	240.980000E-6	0.000000E+0	-98.877000E+0	62.289000E+0	0.000000E+0	NaN
	14/11/2022 15:21:11	-63.923000E-3	1.910000E-9	712.000000E-12	4.996000E-9	780.900000E-9	266.370000E-6	0.000000E+0	-98.989000E+0	62.289000E+0	0.000000E+0	NaN
	14/11/2022 15:21:20	-67.052000E-3	1.900000E-9	721.000000E-12	4.996000E-9	780.900000E-9	278.680000E-6	0.000000E+0	-98.989000E+0	62.177000E+0	0.000000E+0	NaN
	14/11/2022 15:21:29	-63.232000E-3	1.900000E-9	719.000000E-12	4.996000E-9	781.800000E-9	263.390000E-6	0.000000E+0	-98.877000E+0	62.065000E+0	0.000000E+0	NaN
	14/11/2022 15:21:38	-66.561000E-3	1.900000E-9	717.000000E-12	4.996000E-9	781.800000E-9	259.970000E-6	0.000000E+0	-98.877000E+0	62.177000E+0	0.000000E+0	NaN
	14/11/2022 15:21:48	-67.422000E-3	1.900000E-9	715.000000E-12	4.996000E-9	780.900000E-9	282.880000E-6	0.000000E+0	-98.989000E+0	62.289000E+0	0.000000E+0	NaN
	14/11/2022 15:21:57	-66.757000E-3	1.890000E-9	707.000000E-12	4.996000E-9	781.800000E-9	265.630000E-6	0.000000E+0	-98.877000E+0	62.177000E+0	0.000000E+0	NaN
	14/11/2022 15:22:06	-66.289000E-3	1.890000E-9	719.000000E-12	4.996000E-9	780.900000E-9	259.970000E-6	0.000000E+0	-98.989000E+0	62.289000E+0	0.000000E+0	NaN
	14/11/2022 15:22:15	-67.398000E-3	1.890000E-9	716.000000E-12	4.996000E-9	781.800000E-9	266.370000E-6	0.000000E+0	-98.989000E+0	62.289000E+0	0.000000E+0	NaN
	14/11/2022 15:22:24	-66.856000E-3	1.890000E-9	711.000000E-12	4.996000E-9	782.700000E-9	283.390000E-6	0.000000E+0	-98.989000E+0	62.289000E+0	0.000000E+0	NaN
