Live comments	Time	injection 100mbar	Barion_2	Barion_1	DUAL experiment	DUAL insulation	injection 1mbar	helium	T-platinum	T-CERNOX	I_emission	I_grid
	14/11/2022 15:32:43	-65.845000E-3	2.160000E-9	821.000000E-12	4.996000E-9	784.600000E-9	243.930000E-6	0.000000E+0	-98.653000E+0	62.514000E+0	0.000000E+0	NaN
	14/11/2022 15:32:53	-63.995000E-3	2.120000E-9	810.000000E-12	4.996000E-9	785.600000E-9	272.040000E-6	0.000000E+0	-98.540000E+0	62.514000E+0	0.000000E+0	NaN
	14/11/2022 15:33:02	-67.398000E-3	2.070000E-9	792.000000E-12	4.996000E-9	785.600000E-9	240.240000E-6	0.000000E+0	-98.428000E+0	62.514000E+0	0.000000E+0	NaN
	14/11/2022 15:33:11	-67.496000E-3	2.050000E-9	789.000000E-12	4.996000E-9	785.600000E-9	266.370000E-6	0.000000E+0	-98.540000E+0	62.514000E+0	0.000000E+0	NaN
	14/11/2022 15:33:20	-62.665000E-3	2.030000E-9	789.000000E-12	4.996000E-9	785.600000E-9	248.850000E-6	0.000000E+0	-98.540000E+0	62.401000E+0	0.000000E+0	NaN
	14/11/2022 15:33:29	-66.832000E-3	2.020000E-9	782.000000E-12	4.996000E-9	785.600000E-9	274.270000E-6	0.000000E+0	-98.540000E+0	62.626000E+0	0.000000E+0	NaN
	14/11/2022 15:33:38	-64.635000E-3	2.000000E-9	780.000000E-12	4.996000E-9	785.600000E-9	250.340000E-6	0.000000E+0	-98.540000E+0	62.401000E+0	0.000000E+0	NaN
	14/11/2022 15:33:48	-66.707000E-3	1.980000E-9	773.000000E-12	4.996000E-9	785.600000E-9	264.640000E-6	0.000000E+0	-98.428000E+0	62.626000E+0	0.000000E+0	NaN
	14/11/2022 15:33:57	-67.249000E-3	1.980000E-9	769.000000E-12	4.996000E-9	785.600000E-9	270.550000E-6	0.000000E+0	-98.540000E+0	62.401000E+0	0.000000E+0	NaN
	14/11/2022 15:34:06	-63.181000E-3	1.960000E-9	761.000000E-12	4.996000E-9	786.500000E-9	238.980000E-6	0.000000E+0	-98.540000E+0	62.514000E+0	0.000000E+0	NaN
	14/11/2022 15:34:15	-63.354000E-3	1.960000E-9	758.000000E-12	4.996000E-9	786.500000E-9	280.920000E-6	0.000000E+0	-98.540000E+0	62.514000E+0	0.000000E+0	NaN
	14/11/2022 15:34:24	-63.848000E-3	1.950000E-9	756.000000E-12	4.996000E-9	786.500000E-9	288.310000E-6	0.000000E+0	-98.428000E+0	62.401000E+0	0.000000E+0	NaN
	14/11/2022 15:34:34	-63.750000E-3	1.940000E-9	752.000000E-12	4.996000E-9	786.500000E-9	279.430000E-6	0.000000E+0	-98.428000E+0	62.514000E+0	0.000000E+0	NaN
	14/11/2022 15:34:43	-62.615000E-3	1.940000E-9	752.000000E-12	4.996000E-9	786.500000E-9	256.990000E-6	0.000000E+0	-98.204000E+0	62.514000E+0	0.000000E+0	NaN
	14/11/2022 15:34:52	-63.971000E-3	1.940000E-9	755.000000E-12	4.996000E-9	787.400000E-9	283.390000E-6	0.000000E+0	-98.428000E+0	62.626000E+0	0.000000E+0	NaN
	14/11/2022 15:35:01	-64.364000E-3	1.920000E-9	754.000000E-12	4.996000E-9	786.500000E-9	285.120000E-6	0.000000E+0	-98.428000E+0	62.514000E+0	0.000000E+0	NaN
	14/11/2022 15:35:10	-63.083000E-3	1.920000E-9	752.000000E-12	4.996000E-9	786.500000E-9	265.870000E-6	0.000000E+0	-98.540000E+0	62.626000E+0	0.000000E+0	NaN
	14/11/2022 15:35:20	-66.978000E-3	1.920000E-9	752.000000E-12	4.996000E-9	786.500000E-9	255.020000E-6	0.000000E+0	-98.428000E+0	62.626000E+0	0.000000E+0	NaN
	14/11/2022 15:35:29	-62.639000E-3	1.920000E-9	750.000000E-12	4.996000E-9	786.500000E-9	269.830000E-6	0.000000E+0	-98.316000E+0	62.401000E+0	0.000000E+0	NaN
	14/11/2022 15:35:38	-67.323000E-3	1.900000E-9	750.000000E-12	4.996000E-9	786.500000E-9	240.240000E-6	0.000000E+0	-98.428000E+0	62.401000E+0	0.000000E+0	NaN
	14/11/2022 15:35:47	-67.323000E-3	1.910000E-9	746.000000E-12	4.996000E-9	786.500000E-9	266.370000E-6	0.000000E+0	-98.428000E+0	62.401000E+0	0.000000E+0	NaN
	14/11/2022 15:35:56	-65.795000E-3	1.910000E-9	749.000000E-12	4.996000E-9	785.600000E-9	263.150000E-6	0.000000E+0	-98.204000E+0	62.738000E+0	0.000000E+0	NaN
	14/11/2022 15:36:06	-63.774000E-3	1.910000E-9	740.000000E-12	4.996000E-9	785.600000E-9	277.970000E-6	0.000000E+0	-98.428000E+0	62.401000E+0	0.000000E+0	NaN
	14/11/2022 15:36:15	-67.547000E-3	1.900000E-9	742.000000E-12	4.996000E-9	785.600000E-9	276.710000E-6	0.000000E+0	-98.316000E+0	62.626000E+0	0.000000E+0	NaN
	14/11/2022 15:36:24	-62.937000E-3	1.900000E-9	739.000000E-12	4.996000E-9	785.600000E-9	286.820000E-6	0.000000E+0	-98.428000E+0	62.514000E+0	0.000000E+0	NaN
	14/11/2022 15:36:33	-63.181000E-3	1.890000E-9	735.000000E-12	4.996000E-9	786.500000E-9	257.490000E-6	0.000000E+0	-98.316000E+0	62.738000E+0	0.000000E+0	NaN
	14/11/2022 15:36:42	-65.523000E-3	1.880000E-9	733.000000E-12	4.996000E-9	785.600000E-9	266.610000E-6	0.000000E+0	-98.316000E+0	62.514000E+0	0.000000E+0	NaN
	14/11/2022 15:36:51	-63.503000E-3	1.890000E-9	730.000000E-12	4.996000E-9	785.600000E-9	259.460000E-6	0.000000E+0	-98.316000E+0	62.626000E+0	0.000000E+0	NaN
	14/11/2022 15:37:01	-63.479000E-3	1.880000E-9	734.000000E-12	4.996000E-9	785.600000E-9	288.810000E-6	0.000000E+0	-98.092000E+0	62.514000E+0	0.000000E+0	NaN
	14/11/2022 15:37:10	-63.133000E-3	1.880000E-9	728.000000E-12	4.996000E-9	785.600000E-9	245.660000E-6	0.000000E+0	-98.204000E+0	62.738000E+0	0.000000E+0	NaN
	14/11/2022 15:37:19	-65.279000E-3	1.880000E-9	731.000000E-12	4.996000E-9	785.600000E-9	280.920000E-6	0.000000E+0	-98.316000E+0	62.514000E+0	0.000000E+0	NaN
	14/11/2022 15:37:28	-63.798000E-3	1.880000E-9	725.000000E-12	4.996000E-9	840.200000E-9	277.220000E-6	0.000000E+0	-98.540000E+0	62.514000E+0	0.000000E+0	NaN
	14/11/2022 15:37:37	-63.995000E-3	1.880000E-9	729.000000E-12	4.996000E-9	823.200000E-9	250.100000E-6	0.000000E+0	-98.428000E+0	62.626000E+0	0.000000E+0	NaN
	14/11/2022 15:37:47	-63.750000E-3	1.870000E-9	727.000000E-12	4.996000E-9	811.400000E-9	283.390000E-6	0.000000E+0	-98.316000E+0	62.626000E+0	0.000000E+0	NaN
	14/11/2022 15:37:56	-64.415000E-3	1.880000E-9	736.000000E-12	4.996000E-9	802.700000E-9	258.480000E-6	0.000000E+0	-98.204000E+0	62.626000E+0	0.000000E+0	NaN
	14/11/2022 15:38:05	-65.649000E-3	1.870000E-9	723.000000E-12	4.996000E-9	799.800000E-9	241.700000E-6	0.000000E+0	-98.316000E+0	62.626000E+0	0.000000E+0	NaN
	14/11/2022 15:38:14	-63.181000E-3	1.860000E-9	717.000000E-12	4.996000E-9	793.100000E-9	271.560000E-6	0.000000E+0	-98.316000E+0	62.626000E+0	0.000000E+0	NaN
	14/11/2022 15:38:23	-66.906000E-3	1.880000E-9	722.000000E-12	4.996000E-9	792.200000E-9	275.250000E-6	0.000000E+0	-98.092000E+0	62.626000E+0	0.000000E+0	NaN
	14/11/2022 15:38:33	-63.971000E-3	1.870000E-9	725.000000E-12	4.996000E-9	792.200000E-9	264.880000E-6	0.000000E+0	-98.204000E+0	62.738000E+0	0.000000E+0	NaN
	14/11/2022 15:38:42	-66.707000E-3	1.870000E-9	725.000000E-12	4.996000E-9	790.300000E-9	271.290000E-6	0.000000E+0	-98.316000E+0	62.738000E+0	0.000000E+0	NaN
	14/11/2022 15:38:51	-63.550000E-3	1.870000E-9	726.000000E-12	4.996000E-9	790.300000E-9	285.360000E-6	0.000000E+0	-98.204000E+0	62.626000E+0	0.000000E+0	NaN
	14/11/2022 15:39:00	-63.059000E-3	1.870000E-9	726.000000E-12	4.996000E-9	787.400000E-9	261.190000E-6	0.000000E+0	-98.204000E+0	62.738000E+0	0.000000E+0	NaN
	14/11/2022 15:39:09	-67.127000E-3	1.860000E-9	721.000000E-12	4.996000E-9	787.400000E-9	243.430000E-6	0.000000E+0	-98.092000E+0	62.626000E+0	0.000000E+0	NaN
	14/11/2022 15:39:18	-63.208000E-3	1.860000E-9	716.000000E-12	4.996000E-9	787.400000E-9	264.410000E-6	0.000000E+0	-98.204000E+0	62.514000E+0	0.000000E+0	NaN
	14/11/2022 15:39:28	-63.625000E-3	1.860000E-9	718.000000E-12	4.996000E-9	787.400000E-9	277.970000E-6	0.000000E+0	-98.204000E+0	62.626000E+0	0.000000E+0	NaN
	14/11/2022 15:39:37	-63.750000E-3	1.850000E-9	709.000000E-12	4.996000E-9	786.500000E-9	252.810000E-6	0.000000E+0	-98.092000E+0	62.626000E+0	0.000000E+0	NaN
	14/11/2022 15:39:46	-63.872000E-3	1.850000E-9	717.000000E-12	4.996000E-9	786.500000E-9	262.410000E-6	0.000000E+0	-98.204000E+0	62.738000E+0	0.000000E+0	NaN
	14/11/2022 15:39:55	-64.906000E-3	1.850000E-9	721.000000E-12	4.996000E-9	786.500000E-9	262.170000E-6	0.000000E+0	-98.092000E+0	62.738000E+0	0.000000E+0	NaN
	14/11/2022 15:40:04	-63.381000E-3	1.850000E-9	721.000000E-12	4.996000E-9	786.500000E-9	285.360000E-6	0.000000E+0	-98.204000E+0	62.626000E+0	0.000000E+0	NaN
	14/11/2022 15:40:14	-63.306000E-3	1.850000E-9	717.000000E-12	4.996000E-9	786.500000E-9	257.490000E-6	0.000000E+0	-98.204000E+0	62.626000E+0	0.000000E+0	NaN
	14/11/2022 15:40:23	-65.425000E-3	1.840000E-9	722.000000E-12	4.996000E-9	786.500000E-9	273.020000E-6	0.000000E+0	-98.092000E+0	62.626000E+0	0.000000E+0	NaN
	14/11/2022 15:40:32	-63.479000E-3	1.850000E-9	715.000000E-12	4.996000E-9	786.500000E-9	263.390000E-6	0.000000E+0	-98.316000E+0	62.626000E+0	0.000000E+0	NaN
	14/11/2022 15:40:41	-63.381000E-3	1.840000E-9	717.000000E-12	4.996000E-9	786.500000E-9	266.610000E-6	0.000000E+0	-98.204000E+0	62.626000E+0	0.000000E+0	NaN
	14/11/2022 15:40:50	-65.106000E-3	1.850000E-9	719.000000E-12	4.996000E-9	786.500000E-9	288.310000E-6	0.000000E+0	-97.979000E+0	62.850000E+0	0.000000E+0	NaN
	14/11/2022 15:41:00	-67.520000E-3	1.840000E-9	722.000000E-12	4.996000E-9	785.600000E-9	277.220000E-6	0.000000E+0	-97.979000E+0	62.626000E+0	0.000000E+0	NaN
	14/11/2022 15:41:09	-63.452000E-3	1.840000E-9	717.000000E-12	4.996000E-9	785.600000E-9	257.490000E-6	0.000000E+0	-98.092000E+0	62.626000E+0	0.000000E+0	NaN
	14/11/2022 15:41:18	-63.279000E-3	1.840000E-9	704.000000E-12	4.996000E-9	786.500000E-9	271.800000E-6	0.000000E+0	-98.204000E+0	62.626000E+0	0.000000E+0	NaN
	14/11/2022 15:41:27	-63.255000E-3	1.840000E-9	713.000000E-12	4.996000E-9	786.500000E-9	267.830000E-6	0.000000E+0	-98.204000E+0	62.626000E+0	0.000000E+0	NaN
	14/11/2022 15:41:36	-63.208000E-3	1.840000E-9	717.000000E-12	4.996000E-9	786.500000E-9	249.120000E-6	0.000000E+0	-98.092000E+0	62.850000E+0	0.000000E+0	NaN
	14/11/2022 15:41:46	-63.279000E-3	1.830000E-9	712.000000E-12	4.996000E-9	786.500000E-9	255.020000E-6	0.000000E+0	-98.204000E+0	62.738000E+0	0.000000E+0	NaN
	14/11/2022 15:41:55	-63.232000E-3	1.830000E-9	722.000000E-12	4.996000E-9	786.500000E-9	251.560000E-6	0.000000E+0	-98.092000E+0	62.738000E+0	0.000000E+0	NaN
	14/11/2022 15:42:04	-63.428000E-3	1.840000E-9	708.000000E-12	4.996000E-9	785.600000E-9	241.970000E-6	0.000000E+0	-97.979000E+0	62.626000E+0	0.000000E+0	NaN
	14/11/2022 15:42:13	-63.381000E-3	1.830000E-9	709.000000E-12	4.996000E-9	785.600000E-9	243.690000E-6	0.000000E+0	-98.204000E+0	62.738000E+0	0.000000E+0	NaN
	14/11/2022 15:42:22	-66.954000E-3	1.830000E-9	716.000000E-12	4.996000E-9	785.600000E-9	262.920000E-6	0.000000E+0	-98.092000E+0	62.738000E+0	0.000000E+0	NaN
	14/11/2022 15:42:31	-66.978000E-3	1.830000E-9	712.000000E-12	4.996000E-9	785.600000E-9	276.710000E-6	0.000000E+0	-97.979000E+0	62.514000E+0	0.000000E+0	NaN
	14/11/2022 15:42:41	-63.306000E-3	1.820000E-9	712.000000E-12	4.996000E-9	785.600000E-9	274.990000E-6	0.000000E+0	-98.204000E+0	62.626000E+0	0.000000E+0	NaN
	14/11/2022 15:42:50	-67.300000E-3	1.830000E-9	717.000000E-12	4.996000E-9	785.600000E-9	266.850000E-6	0.000000E+0	-98.204000E+0	62.738000E+0	0.000000E+0	NaN
	14/11/2022 15:42:59	-63.404000E-3	8.140000E-9	1.870000E-9	4.996000E-9	784.600000E-9	258.240000E-6	0.000000E+0	-98.316000E+0	62.626000E+0	0.000000E+0	NaN
	14/11/2022 15:43:08	-65.696000E-3	10.700000E-9	2.880000E-9	4.996000E-9	785.600000E-9	274.510000E-6	0.000000E+0	-98.092000E+0	62.738000E+0	0.000000E+0	NaN
	14/11/2022 15:43:17	-63.550000E-3	11.400000E-9	3.010000E-9	4.996000E-9	784.600000E-9	242.440000E-6	0.000000E+0	-98.092000E+0	62.738000E+0	0.000000E+0	NaN
	14/11/2022 15:43:27	-67.076000E-3	12.000000E-9	3.130000E-9	4.996000E-9	784.600000E-9	274.510000E-6	0.000000E+0	-98.092000E+0	62.626000E+0	0.000000E+0	NaN
	14/11/2022 15:43:36	-62.937000E-3	12.300000E-9	3.190000E-9	4.996000E-9	784.600000E-9	263.660000E-6	0.000000E+0	-97.979000E+0	62.738000E+0	0.000000E+0	NaN
	14/11/2022 15:43:45	-63.381000E-3	11.600000E-9	3.020000E-9	4.996000E-9	784.600000E-9	239.250000E-6	0.000000E+0	-98.092000E+0	62.626000E+0	0.000000E+0	NaN
	14/11/2022 15:43:54	-64.513000E-3	11.700000E-9	3.040000E-9	4.996000E-9	784.600000E-9	250.100000E-6	0.000000E+0	-98.204000E+0	62.850000E+0	0.000000E+0	NaN
	14/11/2022 15:44:03	-63.452000E-3	11.800000E-9	3.060000E-9	4.996000E-9	784.600000E-9	272.040000E-6	0.000000E+0	-97.979000E+0	62.850000E+0	0.000000E+0	NaN
	14/11/2022 15:44:12	-62.862000E-3	11.800000E-9	3.060000E-9	4.996000E-9	784.600000E-9	285.120000E-6	0.000000E+0	-97.867000E+0	62.850000E+0	0.000000E+0	NaN
	14/11/2022 15:44:22	-63.354000E-3	12.100000E-9	3.140000E-9	4.996000E-9	785.600000E-9	248.370000E-6	0.000000E+0	-98.092000E+0	62.738000E+0	0.000000E+0	NaN
	14/11/2022 15:44:31	-63.428000E-3	12.000000E-9	3.110000E-9	4.996000E-9	785.600000E-9	283.630000E-6	0.000000E+0	-97.979000E+0	62.626000E+0	0.000000E+0	NaN
	14/11/2022 15:44:40	-63.232000E-3	12.000000E-9	3.130000E-9	4.996000E-9	785.600000E-9	281.660000E-6	0.000000E+0	-98.092000E+0	62.963000E+0	0.000000E+0	NaN
	14/11/2022 15:44:49	-67.571000E-3	12.300000E-9	3.210000E-9	4.996000E-9	785.600000E-9	252.070000E-6	0.000000E+0	-97.979000E+0	62.738000E+0	0.000000E+0	NaN
	14/11/2022 15:44:58	-63.330000E-3	12.700000E-9	3.290000E-9	4.996000E-9	784.600000E-9	277.220000E-6	0.000000E+0	-97.979000E+0	62.738000E+0	0.000000E+0	NaN
	14/11/2022 15:45:08	-64.045000E-3	12.700000E-9	3.310000E-9	4.996000E-9	785.600000E-9	285.600000E-6	0.000000E+0	-97.979000E+0	62.850000E+0	0.000000E+0	NaN
	14/11/2022 15:45:17	-62.838000E-3	13.200000E-9	3.390000E-9	4.996000E-9	785.600000E-9	257.730000E-6	0.000000E+0	-97.979000E+0	62.850000E+0	0.000000E+0	NaN
	14/11/2022 15:45:26	-63.279000E-3	13.000000E-9	3.350000E-9	4.996000E-9	785.600000E-9	265.630000E-6	0.000000E+0	-98.092000E+0	62.738000E+0	0.000000E+0	NaN
	14/11/2022 15:45:35	-67.052000E-3	13.000000E-9	3.350000E-9	4.996000E-9	785.600000E-9	277.700000E-6	0.000000E+0	-97.867000E+0	62.626000E+0	0.000000E+0	NaN
	14/11/2022 15:45:44	-62.591000E-3	12.800000E-9	3.320000E-9	4.996000E-9	785.600000E-9	265.630000E-6	0.000000E+0	-97.979000E+0	62.850000E+0	0.000000E+0	NaN
	14/11/2022 15:45:54	-63.479000E-3	12.900000E-9	3.330000E-9	4.996000E-9	785.600000E-9	259.700000E-6	0.000000E+0	-98.092000E+0	62.738000E+0	0.000000E+0	NaN
	14/11/2022 15:46:03	-63.479000E-3	13.100000E-9	3.400000E-9	4.996000E-9	785.600000E-9	239.490000E-6	0.000000E+0	-97.867000E+0	62.738000E+0	0.000000E+0	NaN
	14/11/2022 15:46:12	-67.177000E-3	13.200000E-9	3.420000E-9	4.996000E-9	786.500000E-9	261.690000E-6	0.000000E+0	-97.979000E+0	62.850000E+0	0.000000E+0	NaN
	14/11/2022 15:46:21	-63.404000E-3	13.200000E-9	3.410000E-9	4.996000E-9	785.600000E-9	282.410000E-6	0.000000E+0	-97.979000E+0	62.850000E+0	0.000000E+0	NaN
	14/11/2022 15:46:30	-64.760000E-3	12.600000E-9	3.270000E-9	4.996000E-9	786.500000E-9	245.660000E-6	0.000000E+0	-97.867000E+0	62.850000E+0	0.000000E+0	NaN
	14/11/2022 15:46:39	-62.910000E-3	12.500000E-9	3.250000E-9	4.996000E-9	785.600000E-9	281.160000E-6	0.000000E+0	-97.979000E+0	62.850000E+0	0.000000E+0	NaN
	14/11/2022 15:46:49	-63.381000E-3	12.500000E-9	3.260000E-9	4.996000E-9	785.600000E-9	241.970000E-6	0.000000E+0	-97.979000E+0	62.850000E+0	0.000000E+0	NaN
	14/11/2022 15:46:58	-67.300000E-3	12.600000E-9	3.280000E-9	4.996000E-9	785.600000E-9	258.240000E-6	0.000000E+0	-98.204000E+0	62.963000E+0	0.000000E+0	NaN
	14/11/2022 15:47:07	-65.178000E-3	12.500000E-9	3.250000E-9	4.996000E-9	785.600000E-9	291.020000E-6	0.000000E+0	-97.979000E+0	62.626000E+0	0.000000E+0	NaN
	14/11/2022 15:47:16	-62.737000E-3	12.500000E-9	3.260000E-9	4.996000E-9	786.500000E-9	239.730000E-6	0.000000E+0	-97.867000E+0	62.850000E+0	0.000000E+0	NaN
	14/11/2022 15:47:25	-64.194000E-3	12.400000E-9	3.210000E-9	4.996000E-9	786.500000E-9	254.030000E-6	0.000000E+0	-97.979000E+0	62.850000E+0	0.000000E+0	NaN
	14/11/2022 15:47:34	-63.354000E-3	12.200000E-9	3.170000E-9	4.996000E-9	785.600000E-9	253.800000E-6	0.000000E+0	-97.755000E+0	62.850000E+0	0.000000E+0	NaN
	14/11/2022 15:47:44	-64.194000E-3	11.800000E-9	3.100000E-9	4.996000E-9	785.600000E-9	242.200000E-6	0.000000E+0	-97.867000E+0	62.738000E+0	0.000000E+0	NaN
	14/11/2022 15:47:53	-67.323000E-3	11.800000E-9	3.090000E-9	4.996000E-9	785.600000E-9	287.320000E-6	0.000000E+0	-97.755000E+0	62.738000E+0	0.000000E+0	NaN
	14/11/2022 15:48:02	-62.984000E-3	11.500000E-9	3.010000E-9	4.996000E-9	785.600000E-9	267.600000E-6	0.000000E+0	-97.979000E+0	62.850000E+0	0.000000E+0	NaN
	14/11/2022 15:48:11	-63.896000E-3	11.200000E-9	2.960000E-9	4.996000E-9	785.600000E-9	243.690000E-6	0.000000E+0	-98.092000E+0	62.963000E+0	0.000000E+0	NaN
	14/11/2022 15:48:20	-63.181000E-3	11.200000E-9	2.970000E-9	4.996000E-9	785.600000E-9	279.190000E-6	0.000000E+0	-97.867000E+0	62.738000E+0	0.000000E+0	NaN
	14/11/2022 15:48:30	-66.093000E-3	11.600000E-9	3.040000E-9	4.996000E-9	786.500000E-9	268.850000E-6	0.000000E+0	-97.979000E+0	62.963000E+0	0.000000E+0	NaN
	14/11/2022 15:48:39	-66.435000E-3	11.000000E-9	2.870000E-9	4.996000E-9	786.500000E-9	251.830000E-6	0.000000E+0	-97.867000E+0	62.738000E+0	0.000000E+0	NaN
	14/11/2022 15:48:48	-63.676000E-3	10.300000E-9	2.730000E-9	4.996000E-9	785.600000E-9	265.120000E-6	0.000000E+0	-97.979000E+0	62.738000E+0	0.000000E+0	NaN
	14/11/2022 15:48:57	-63.404000E-3	10.100000E-9	2.680000E-9	4.996000E-9	786.500000E-9	257.250000E-6	0.000000E+0	-97.755000E+0	62.738000E+0	0.000000E+0	NaN
	14/11/2022 15:49:06	-62.960000E-3	10.000000E-9	2.700000E-9	4.996000E-9	786.500000E-9	246.880000E-6	0.000000E+0	-97.867000E+0	62.850000E+0	0.000000E+0	NaN
	14/11/2022 15:49:16	-63.255000E-3	10.400000E-9	2.750000E-9	4.996000E-9	786.500000E-9	256.750000E-6	0.000000E+0	-97.755000E+0	62.850000E+0	0.000000E+0	NaN
	14/11/2022 15:49:25	-63.503000E-3	10.800000E-9	2.870000E-9	4.996000E-9	785.600000E-9	254.540000E-6	0.000000E+0	-97.979000E+0	62.850000E+0	0.000000E+0	NaN
	14/11/2022 15:49:34	-63.577000E-3	11.300000E-9	2.970000E-9	4.996000E-9	785.600000E-9	251.830000E-6	0.000000E+0	-97.755000E+0	62.963000E+0	0.000000E+0	NaN
	14/11/2022 15:49:43	-66.733000E-3	10.500000E-9	2.770000E-9	4.996000E-9	786.500000E-9	252.810000E-6	0.000000E+0	-97.867000E+0	62.963000E+0	0.000000E+0	NaN
	14/11/2022 15:49:52	-62.737000E-3	9.930000E-9	2.640000E-9	4.996000E-9	786.500000E-9	255.760000E-6	0.000000E+0	-97.755000E+0	62.963000E+0	0.000000E+0	NaN
	14/11/2022 15:50:01	-66.486000E-3	9.730000E-9	2.590000E-9	4.996000E-9	785.600000E-9	282.410000E-6	0.000000E+0	-97.643000E+0	62.850000E+0	0.000000E+0	NaN
	14/11/2022 15:50:11	-63.381000E-3	9.230000E-9	2.480000E-9	4.996000E-9	786.500000E-9	281.660000E-6	0.000000E+0	-97.867000E+0	62.963000E+0	0.000000E+0	NaN
	14/11/2022 15:50:20	-63.428000E-3	9.040000E-9	2.440000E-9	4.996000E-9	786.500000E-9	285.830000E-6	0.000000E+0	-97.755000E+0	62.850000E+0	0.000000E+0	NaN
	14/11/2022 15:50:29	-63.157000E-3	9.130000E-9	2.460000E-9	4.996000E-9	785.600000E-9	277.700000E-6	0.000000E+0	-97.867000E+0	62.963000E+0	0.000000E+0	NaN
	14/11/2022 15:50:38	-63.995000E-3	9.040000E-9	2.440000E-9	4.996000E-9	787.400000E-9	285.600000E-6	0.000000E+0	-97.867000E+0	62.738000E+0	0.000000E+0	NaN
	14/11/2022 15:50:47	-63.109000E-3	8.890000E-9	2.410000E-9	4.996000E-9	786.500000E-9	253.050000E-6	0.000000E+0	-97.979000E+0	62.963000E+0	0.000000E+0	NaN
	14/11/2022 15:50:57	-63.109000E-3	8.790000E-9	2.380000E-9	4.996000E-9	786.500000E-9	254.540000E-6	0.000000E+0	-97.755000E+0	62.963000E+0	0.000000E+0	NaN
	14/11/2022 15:51:06	-62.838000E-3	8.880000E-9	2.410000E-9	4.996000E-9	787.400000E-9	286.100000E-6	0.000000E+0	-97.755000E+0	63.075000E+0	0.000000E+0	NaN
	14/11/2022 15:51:15	-67.151000E-3	8.920000E-9	2.430000E-9	4.996000E-9	786.500000E-9	289.800000E-6	0.000000E+0	-97.643000E+0	62.738000E+0	0.000000E+0	NaN
	14/11/2022 15:51:24	-63.404000E-3	9.110000E-9	2.460000E-9	4.996000E-9	786.500000E-9	242.440000E-6	0.000000E+0	-97.755000E+0	63.075000E+0	0.000000E+0	NaN
	14/11/2022 15:51:33	-63.255000E-3	9.240000E-9	2.490000E-9	4.996000E-9	786.500000E-9	251.080000E-6	0.000000E+0	-97.867000E+0	63.075000E+0	0.000000E+0	NaN
	14/11/2022 15:51:43	-63.896000E-3	9.250000E-9	2.470000E-9	4.996000E-9	786.500000E-9	251.560000E-6	0.000000E+0	-97.867000E+0	62.850000E+0	0.000000E+0	NaN
	14/11/2022 15:51:52	-67.225000E-3	9.140000E-9	2.450000E-9	4.996000E-9	787.400000E-9	262.680000E-6	0.000000E+0	-97.755000E+0	62.738000E+0	0.000000E+0	NaN
	14/11/2022 15:52:01	-62.689000E-3	9.010000E-9	2.430000E-9	4.996000E-9	786.500000E-9	245.150000E-6	0.000000E+0	-97.643000E+0	62.850000E+0	0.000000E+0	NaN
	14/11/2022 15:52:10	-62.984000E-3	8.820000E-9	2.400000E-9	4.996000E-9	787.400000E-9	248.370000E-6	0.000000E+0	-97.979000E+0	62.963000E+0	0.000000E+0	NaN
	14/11/2022 15:52:19	-63.181000E-3	8.950000E-9	2.410000E-9	4.996000E-9	787.400000E-9	270.310000E-6	0.000000E+0	-97.755000E+0	62.850000E+0	0.000000E+0	NaN
	14/11/2022 15:52:28	-64.364000E-3	8.730000E-9	2.370000E-9	4.996000E-9	787.400000E-9	276.710000E-6	0.000000E+0	-97.755000E+0	62.963000E+0	0.000000E+0	NaN
	14/11/2022 15:52:38	-66.930000E-3	8.590000E-9	2.330000E-9	4.996000E-9	787.400000E-9	272.270000E-6	0.000000E+0	-97.755000E+0	62.963000E+0	0.000000E+0	NaN
	14/11/2022 15:52:47	-63.404000E-3	8.420000E-9	2.290000E-9	4.996000E-9	787.400000E-9	278.680000E-6	0.000000E+0	-97.643000E+0	62.963000E+0	0.000000E+0	NaN
	14/11/2022 15:52:56	-63.109000E-3	8.450000E-9	2.290000E-9	4.996000E-9	787.400000E-9	263.900000E-6	0.000000E+0	-97.755000E+0	62.963000E+0	0.000000E+0	NaN
	14/11/2022 15:53:05	-64.364000E-3	8.420000E-9	2.280000E-9	4.996000E-9	787.400000E-9	241.700000E-6	0.000000E+0	-97.867000E+0	63.075000E+0	0.000000E+0	NaN
	14/11/2022 15:53:14	-65.771000E-3	8.310000E-9	2.260000E-9	4.996000E-9	791.200000E-9	249.830000E-6	0.000000E+0	-97.755000E+0	62.963000E+0	0.000000E+0	NaN
	14/11/2022 15:53:24	-63.035000E-3	8.210000E-9	2.240000E-9	4.996000E-9	792.200000E-9	239.490000E-6	0.000000E+0	-97.643000E+0	62.850000E+0	0.000000E+0	NaN
	14/11/2022 15:53:33	-66.635000E-3	8.270000E-9	2.270000E-9	4.996000E-9	792.200000E-9	240.470000E-6	0.000000E+0	-97.755000E+0	63.187000E+0	0.000000E+0	NaN
	14/11/2022 15:53:42	-63.452000E-3	8.350000E-9	2.270000E-9	4.996000E-9	788.400000E-9	259.220000E-6	0.000000E+0	-97.755000E+0	63.075000E+0	0.000000E+0	NaN
	14/11/2022 15:53:51	-63.232000E-3	8.300000E-9	2.260000E-9	4.996000E-9	788.400000E-9	256.270000E-6	0.000000E+0	-97.643000E+0	62.850000E+0	0.000000E+0	NaN
	14/11/2022 15:54:00	-67.005000E-3	8.200000E-9	2.240000E-9	4.996000E-9	787.400000E-9	243.690000E-6	0.000000E+0	-97.755000E+0	62.738000E+0	0.000000E+0	NaN
	14/11/2022 15:54:09	-66.978000E-3	8.400000E-9	2.290000E-9	4.996000E-9	787.400000E-9	260.200000E-6	0.000000E+0	-97.643000E+0	62.850000E+0	0.000000E+0	NaN
	14/11/2022 15:54:19	-66.707000E-3	8.470000E-9	2.300000E-9	4.996000E-9	787.400000E-9	257.490000E-6	0.000000E+0	-97.643000E+0	63.075000E+0	0.000000E+0	NaN
	14/11/2022 15:54:28	-67.547000E-3	8.500000E-9	2.310000E-9	4.996000E-9	787.400000E-9	261.190000E-6	0.000000E+0	-97.755000E+0	62.963000E+0	0.000000E+0	NaN
	14/11/2022 15:54:37	-63.059000E-3	8.530000E-9	2.310000E-9	4.996000E-9	787.400000E-9	249.590000E-6	0.000000E+0	-97.755000E+0	62.963000E+0	0.000000E+0	NaN
	14/11/2022 15:54:46	-63.059000E-3	8.600000E-9	2.320000E-9	4.996000E-9	787.400000E-9	265.390000E-6	0.000000E+0	-97.643000E+0	62.850000E+0	0.000000E+0	NaN
	14/11/2022 15:54:55	-63.330000E-3	8.490000E-9	2.300000E-9	4.996000E-9	788.400000E-9	280.170000E-6	0.000000E+0	-97.643000E+0	62.963000E+0	0.000000E+0	NaN
	14/11/2022 15:55:05	-66.930000E-3	8.630000E-9	2.340000E-9	4.996000E-9	787.400000E-9	260.440000E-6	0.000000E+0	-97.643000E+0	62.850000E+0	0.000000E+0	NaN
	14/11/2022 15:55:14	-62.838000E-3	8.670000E-9	2.350000E-9	4.996000E-9	787.400000E-9	289.530000E-6	0.000000E+0	-97.643000E+0	62.963000E+0	0.000000E+0	NaN
	14/11/2022 15:55:23	-66.954000E-3	8.500000E-9	2.310000E-9	4.996000E-9	787.400000E-9	275.730000E-6	0.000000E+0	-97.755000E+0	62.963000E+0	0.000000E+0	NaN
	14/11/2022 15:55:32	-66.462000E-3	8.430000E-9	2.290000E-9	4.996000E-9	787.400000E-9	242.440000E-6	0.000000E+0	-97.643000E+0	63.075000E+0	0.000000E+0	NaN
	14/11/2022 15:55:41	-62.960000E-3	8.340000E-9	2.270000E-9	4.996000E-9	787.400000E-9	268.340000E-6	0.000000E+0	-97.755000E+0	63.075000E+0	0.000000E+0	NaN
	14/11/2022 15:55:51	-63.008000E-3	8.260000E-9	2.250000E-9	4.996000E-9	788.400000E-9	257.970000E-6	0.000000E+0	-97.755000E+0	62.963000E+0	0.000000E+0	NaN
	14/11/2022 15:56:00	-62.764000E-3	8.220000E-9	2.240000E-9	4.996000E-9	787.400000E-9	277.970000E-6	0.000000E+0	-97.755000E+0	62.850000E+0	0.000000E+0	NaN
	14/11/2022 15:56:09	-64.093000E-3	8.130000E-9	2.220000E-9	4.996000E-9	787.400000E-9	265.870000E-6	0.000000E+0	-97.643000E+0	62.963000E+0	0.000000E+0	NaN
	14/11/2022 15:56:18	-67.225000E-3	8.140000E-9	2.220000E-9	4.996000E-9	787.400000E-9	263.150000E-6	0.000000E+0	-97.530000E+0	63.075000E+0	0.000000E+0	NaN
	14/11/2022 15:56:27	-65.032000E-3	8.140000E-9	2.220000E-9	4.996000E-9	788.400000E-9	254.540000E-6	0.000000E+0	-97.530000E+0	62.963000E+0	0.000000E+0	NaN
	14/11/2022 15:56:37	-64.957000E-3	8.300000E-9	2.260000E-9	4.996000E-9	788.400000E-9	241.460000E-6	0.000000E+0	-97.755000E+0	62.850000E+0	0.000000E+0	NaN
	14/11/2022 15:56:46	-67.276000E-3	8.310000E-9	2.260000E-9	4.996000E-9	787.400000E-9	248.130000E-6	0.000000E+0	-97.755000E+0	63.075000E+0	0.000000E+0	NaN
	14/11/2022 15:56:55	-63.652000E-3	8.290000E-9	2.270000E-9	4.996000E-9	790.300000E-9	277.700000E-6	0.000000E+0	-97.530000E+0	63.075000E+0	0.000000E+0	NaN
	14/11/2022 15:57:04	-62.886000E-3	8.260000E-9	2.260000E-9	4.996000E-9	787.400000E-9	242.950000E-6	0.000000E+0	-97.643000E+0	62.963000E+0	0.000000E+0	NaN
	14/11/2022 15:57:13	-63.625000E-3	8.260000E-9	2.250000E-9	4.996000E-9	788.400000E-9	257.490000E-6	0.000000E+0	-97.530000E+0	63.075000E+0	0.000000E+0	NaN
	14/11/2022 15:57:23	-63.723000E-3	8.320000E-9	2.270000E-9	4.996000E-9	789.300000E-9	283.870000E-6	0.000000E+0	-97.530000E+0	62.850000E+0	0.000000E+0	NaN
	14/11/2022 15:57:32	-65.178000E-3	8.210000E-9	2.230000E-9	4.996000E-9	788.400000E-9	252.810000E-6	0.000000E+0	-97.643000E+0	62.963000E+0	0.000000E+0	NaN
	14/11/2022 15:57:41	-66.978000E-3	8.090000E-9	2.220000E-9	4.996000E-9	788.400000E-9	253.800000E-6	0.000000E+0	-97.643000E+0	62.963000E+0	0.000000E+0	NaN
	14/11/2022 15:57:50	-63.527000E-3	5.590000E-9	1.600000E-9	4.996000E-9	788.400000E-9	270.070000E-6	0.000000E+0	-97.418000E+0	63.075000E+0	0.000000E+0	NaN
	14/11/2022 15:57:59	-62.910000E-3	4.860000E-9	1.440000E-9	4.996000E-9	788.400000E-9	267.120000E-6	0.000000E+0	-97.530000E+0	62.963000E+0	0.000000E+0	NaN
	14/11/2022 15:58:09	-63.550000E-3	4.630000E-9	1.390000E-9	4.996000E-9	790.300000E-9	258.240000E-6	0.000000E+0	-97.418000E+0	63.299000E+0	0.000000E+0	NaN
	14/11/2022 15:58:18	-63.083000E-3	4.490000E-9	1.370000E-9	4.996000E-9	788.400000E-9	251.080000E-6	0.000000E+0	-97.530000E+0	62.963000E+0	0.000000E+0	NaN
	14/11/2022 15:58:27	-63.008000E-3	4.520000E-9	1.390000E-9	4.996000E-9	787.400000E-9	257.970000E-6	0.000000E+0	-97.530000E+0	63.075000E+0	0.000000E+0	NaN
	14/11/2022 15:58:36	-67.177000E-3	4.460000E-9	1.370000E-9	4.996000E-9	788.400000E-9	249.360000E-6	0.000000E+0	-97.530000E+0	62.963000E+0	0.000000E+0	NaN
	14/11/2022 15:58:45	-62.665000E-3	4.380000E-9	1.350000E-9	4.996000E-9	788.400000E-9	248.130000E-6	0.000000E+0	-97.530000E+0	63.075000E+0	0.000000E+0	NaN
	14/11/2022 15:58:55	-64.760000E-3	4.330000E-9	1.330000E-9	4.996000E-9	806.600000E-9	267.120000E-6	0.000000E+0	-97.530000E+0	63.299000E+0	0.000000E+0	NaN
	14/11/2022 15:59:04	-66.683000E-3	4.290000E-9	1.330000E-9	4.996000E-9	800.800000E-9	252.810000E-6	0.000000E+0	-97.530000E+0	62.963000E+0	0.000000E+0	NaN
	14/11/2022 15:59:13	-63.157000E-3	4.260000E-9	1.330000E-9	4.996000E-9	793.100000E-9	245.150000E-6	0.000000E+0	-97.530000E+0	63.187000E+0	0.000000E+0	NaN
	14/11/2022 15:59:22	-66.262000E-3	4.230000E-9	1.320000E-9	4.996000E-9	793.100000E-9	256.000000E-6	0.000000E+0	-97.530000E+0	63.075000E+0	0.000000E+0	NaN
	14/11/2022 15:59:31	-64.784000E-3	4.240000E-9	1.310000E-9	4.996000E-9	792.200000E-9	249.830000E-6	0.000000E+0	-97.643000E+0	62.963000E+0	0.000000E+0	NaN
	14/11/2022 15:59:41	-62.910000E-3	4.230000E-9	1.330000E-9	4.996000E-9	792.200000E-9	251.080000E-6	0.000000E+0	-97.530000E+0	63.075000E+0	0.000000E+0	NaN
	14/11/2022 15:59:50	-63.008000E-3	4.230000E-9	1.320000E-9	4.996000E-9	791.200000E-9	265.390000E-6	0.000000E+0	-97.530000E+0	63.075000E+0	0.000000E+0	NaN
	14/11/2022 15:59:59	-62.937000E-3	4.240000E-9	1.330000E-9	4.996000E-9	791.200000E-9	266.850000E-6	0.000000E+0	-97.530000E+0	63.299000E+0	0.000000E+0	NaN
	14/11/2022 16:00:08	-63.428000E-3	4.210000E-9	1.310000E-9	4.996000E-9	791.200000E-9	240.000000E-6	0.000000E+0	-97.530000E+0	63.187000E+0	0.000000E+0	NaN
	14/11/2022 16:00:17	-62.838000E-3	4.170000E-9	1.310000E-9	4.996000E-9	790.300000E-9	262.920000E-6	0.000000E+0	-97.643000E+0	63.187000E+0	0.000000E+0	NaN
	14/11/2022 16:00:27	-67.177000E-3	4.160000E-9	1.300000E-9	4.996000E-9	790.300000E-9	275.250000E-6	0.000000E+0	-97.306000E+0	62.850000E+0	0.000000E+0	NaN
	14/11/2022 16:00:36	-65.574000E-3	4.140000E-9	1.310000E-9	4.996000E-9	788.400000E-9	289.050000E-6	0.000000E+0	-97.418000E+0	63.075000E+0	0.000000E+0	NaN
	14/11/2022 16:00:45	-66.584000E-3	4.110000E-9	1.290000E-9	4.996000E-9	789.300000E-9	259.220000E-6	0.000000E+0	-97.418000E+0	63.075000E+0	0.000000E+0	NaN
	14/11/2022 16:00:54	-63.083000E-3	4.090000E-9	1.290000E-9	4.996000E-9	788.400000E-9	267.360000E-6	0.000000E+0	-97.418000E+0	63.187000E+0	0.000000E+0	NaN
	14/11/2022 16:01:03	-63.381000E-3	4.070000E-9	1.280000E-9	4.996000E-9	788.400000E-9	290.270000E-6	0.000000E+0	-97.530000E+0	63.187000E+0	0.000000E+0	NaN
	14/11/2022 16:01:12	-63.083000E-3	4.060000E-9	1.290000E-9	4.996000E-9	790.300000E-9	256.510000E-6	0.000000E+0	-97.530000E+0	63.075000E+0	0.000000E+0	NaN
	14/11/2022 16:01:22	-63.181000E-3	4.030000E-9	1.270000E-9	4.996000E-9	788.400000E-9	278.950000E-6	0.000000E+0	-97.194000E+0	63.075000E+0	0.000000E+0	NaN
	14/11/2022 16:01:31	-64.167000E-3	4.020000E-9	1.280000E-9	4.996000E-9	788.400000E-9	280.170000E-6	0.000000E+0	-97.530000E+0	63.187000E+0	0.000000E+0	NaN
	14/11/2022 16:01:40	-63.577000E-3	4.000000E-9	1.270000E-9	4.996000E-9	788.400000E-9	240.240000E-6	0.000000E+0	-97.418000E+0	63.187000E+0	0.000000E+0	NaN
	14/11/2022 16:01:49	-66.584000E-3	3.990000E-9	1.270000E-9	4.996000E-9	789.300000E-9	258.240000E-6	0.000000E+0	-97.418000E+0	63.299000E+0	0.000000E+0	NaN
	14/11/2022 16:01:58	-62.960000E-3	3.980000E-9	1.260000E-9	4.996000E-9	788.400000E-9	282.650000E-6	0.000000E+0	-97.418000E+0	63.075000E+0	0.000000E+0	NaN
	14/11/2022 16:02:08	-67.496000E-3	4.300000E-9	1.390000E-9	4.996000E-9	788.400000E-9	265.120000E-6	0.000000E+0	-97.306000E+0	63.187000E+0	0.000000E+0	NaN
	14/11/2022 16:02:17	-62.764000E-3	7.430000E-9	2.070000E-9	4.996000E-9	790.300000E-9	243.930000E-6	0.000000E+0	-97.306000E+0	62.963000E+0	0.000000E+0	NaN
	14/11/2022 16:02:26	-63.059000E-3	7.690000E-9	2.130000E-9	4.996000E-9	789.300000E-9	258.710000E-6	0.000000E+0	-97.530000E+0	63.075000E+0	0.000000E+0	NaN
	14/11/2022 16:02:35	-62.788000E-3	7.790000E-9	2.160000E-9	4.996000E-9	790.300000E-9	258.980000E-6	0.000000E+0	-97.418000E+0	63.075000E+0	0.000000E+0	NaN
	14/11/2022 16:02:44	-62.886000E-3	7.960000E-9	2.200000E-9	4.996000E-9	790.300000E-9	241.700000E-6	0.000000E+0	-97.306000E+0	63.299000E+0	0.000000E+0	NaN
	14/11/2022 16:02:54	-65.252000E-3	8.000000E-9	2.210000E-9	4.996000E-9	789.300000E-9	272.270000E-6	0.000000E+0	-97.418000E+0	63.075000E+0	0.000000E+0	NaN
	14/11/2022 16:03:03	-65.178000E-3	8.040000E-9	2.200000E-9	4.996000E-9	789.300000E-9	282.410000E-6	0.000000E+0	-97.418000E+0	63.187000E+0	0.000000E+0	NaN
	14/11/2022 16:03:12	-63.381000E-3	8.140000E-9	2.240000E-9	4.996000E-9	789.300000E-9	251.320000E-6	0.000000E+0	-97.530000E+0	63.299000E+0	0.000000E+0	NaN
	14/11/2022 16:03:21	-62.984000E-3	8.300000E-9	2.270000E-9	4.996000E-9	790.300000E-9	251.560000E-6	0.000000E+0	-97.306000E+0	63.075000E+0	0.000000E+0	NaN
	14/11/2022 16:03:30	-63.428000E-3	8.190000E-9	2.240000E-9	4.996000E-9	789.300000E-9	248.370000E-6	0.000000E+0	-97.643000E+0	63.075000E+0	0.000000E+0	NaN
	14/11/2022 16:03:39	-67.076000E-3	8.170000E-9	2.240000E-9	4.996000E-9	790.300000E-9	249.830000E-6	0.000000E+0	-97.418000E+0	63.187000E+0	0.000000E+0	NaN
	14/11/2022 16:03:49	-66.805000E-3	8.160000E-9	2.250000E-9	4.996000E-9	789.300000E-9	247.390000E-6	0.000000E+0	-97.418000E+0	63.299000E+0	0.000000E+0	NaN
	14/11/2022 16:03:58	-63.428000E-3	8.180000E-9	2.250000E-9	4.996000E-9	791.200000E-9	258.710000E-6	0.000000E+0	-97.194000E+0	63.299000E+0	0.000000E+0	NaN
	14/11/2022 16:04:07	-63.625000E-3	8.220000E-9	2.260000E-9	4.996000E-9	790.300000E-9	274.990000E-6	0.000000E+0	-97.418000E+0	63.187000E+0	0.000000E+0	NaN
	14/11/2022 16:04:16	-66.018000E-3	8.290000E-9	2.270000E-9	4.996000E-9	791.200000E-9	245.900000E-6	0.000000E+0	-97.194000E+0	63.299000E+0	0.000000E+0	NaN
	14/11/2022 16:04:25	-67.300000E-3	8.160000E-9	2.240000E-9	4.996000E-9	791.200000E-9	260.440000E-6	0.000000E+0	-97.306000E+0	63.075000E+0	0.000000E+0	NaN
	14/11/2022 16:04:35	-62.665000E-3	8.200000E-9	2.250000E-9	4.996000E-9	791.200000E-9	267.120000E-6	0.000000E+0	-97.306000E+0	63.187000E+0	0.000000E+0	NaN
	14/11/2022 16:04:44	-63.157000E-3	8.200000E-9	2.240000E-9	4.996000E-9	791.200000E-9	252.810000E-6	0.000000E+0	-97.194000E+0	63.187000E+0	0.000000E+0	NaN
	14/11/2022 16:04:53	-63.723000E-3	8.280000E-9	2.270000E-9	4.996000E-9	791.200000E-9	251.560000E-6	0.000000E+0	-97.306000E+0	63.299000E+0	0.000000E+0	NaN
	14/11/2022 16:05:02	-63.330000E-3	8.320000E-9	2.270000E-9	4.996000E-9	790.300000E-9	247.390000E-6	0.000000E+0	-97.194000E+0	63.187000E+0	0.000000E+0	NaN
	14/11/2022 16:05:11	-63.232000E-3	8.250000E-9	2.250000E-9	4.996000E-9	791.200000E-9	279.690000E-6	0.000000E+0	-97.306000E+0	63.187000E+0	0.000000E+0	NaN
	14/11/2022 16:05:21	-67.276000E-3	8.180000E-9	2.240000E-9	4.996000E-9	791.200000E-9	241.700000E-6	0.000000E+0	-97.306000E+0	63.187000E+0	0.000000E+0	NaN
	14/11/2022 16:05:30	-66.757000E-3	8.250000E-9	2.260000E-9	4.996000E-9	791.200000E-9	267.120000E-6	0.000000E+0	-97.306000E+0	63.187000E+0	0.000000E+0	NaN
	14/11/2022 16:05:39	-65.649000E-3	8.320000E-9	2.270000E-9	4.996000E-9	790.300000E-9	276.240000E-6	0.000000E+0	-97.418000E+0	63.187000E+0	0.000000E+0	NaN
	14/11/2022 16:05:48	-63.181000E-3	8.360000E-9	2.290000E-9	4.996000E-9	792.200000E-9	242.440000E-6	0.000000E+0	-97.418000E+0	63.075000E+0	0.000000E+0	NaN
	14/11/2022 16:05:57	-62.910000E-3	8.440000E-9	2.300000E-9	4.996000E-9	792.200000E-9	273.760000E-6	0.000000E+0	-97.081000E+0	63.299000E+0	0.000000E+0	NaN
	14/11/2022 16:06:07	-66.805000E-3	8.370000E-9	2.290000E-9	4.996000E-9	792.200000E-9	253.050000E-6	0.000000E+0	-97.306000E+0	63.187000E+0	0.000000E+0	NaN
	14/11/2022 16:06:16	-62.764000E-3	8.270000E-9	2.250000E-9	4.996000E-9	792.200000E-9	243.430000E-6	0.000000E+0	-97.194000E+0	63.299000E+0	0.000000E+0	NaN
	14/11/2022 16:06:25	-63.550000E-3	8.240000E-9	2.250000E-9	4.996000E-9	791.200000E-9	283.120000E-6	0.000000E+0	-97.194000E+0	63.187000E+0	0.000000E+0	NaN
	14/11/2022 16:06:34	-63.157000E-3	8.320000E-9	2.270000E-9	4.996000E-9	791.200000E-9	246.140000E-6	0.000000E+0	-97.306000E+0	63.299000E+0	0.000000E+0	NaN
	14/11/2022 16:06:43	-63.503000E-3	6.250000E-9	1.760000E-9	4.996000E-9	791.200000E-9	271.560000E-6	0.000000E+0	-97.081000E+0	63.299000E+0	0.000000E+0	NaN
	14/11/2022 16:06:53	-64.045000E-3	4.990000E-9	1.480000E-9	4.996000E-9	791.200000E-9	261.430000E-6	0.000000E+0	-97.418000E+0	63.299000E+0	0.000000E+0	NaN
	14/11/2022 16:07:02	-62.788000E-3	4.770000E-9	1.440000E-9	4.996000E-9	791.200000E-9	272.270000E-6	0.000000E+0	-97.194000E+0	63.299000E+0	0.000000E+0	NaN
	14/11/2022 16:07:11	-63.798000E-3	4.640000E-9	1.410000E-9	4.996000E-9	791.200000E-9	263.150000E-6	0.000000E+0	-97.306000E+0	63.412000E+0	0.000000E+0	NaN
	14/11/2022 16:07:20	-63.527000E-3	4.550000E-9	1.380000E-9	4.996000E-9	791.200000E-9	255.760000E-6	0.000000E+0	-97.306000E+0	63.412000E+0	0.000000E+0	NaN
	14/11/2022 16:07:29	-63.208000E-3	4.470000E-9	1.370000E-9	4.996000E-9	791.200000E-9	257.970000E-6	0.000000E+0	-97.081000E+0	63.299000E+0	0.000000E+0	NaN
	14/11/2022 16:07:39	-67.744000E-3	4.420000E-9	1.360000E-9	4.996000E-9	791.200000E-9	252.310000E-6	0.000000E+0	-97.081000E+0	63.299000E+0	0.000000E+0	NaN
	14/11/2022 16:07:48	-63.330000E-3	4.400000E-9	1.360000E-9	4.996000E-9	791.200000E-9	238.270000E-6	0.000000E+0	-97.194000E+0	63.187000E+0	0.000000E+0	NaN
	14/11/2022 16:07:57	-63.527000E-3	4.370000E-9	1.350000E-9	4.996000E-9	791.200000E-9	269.320000E-6	0.000000E+0	-97.194000E+0	63.187000E+0	0.000000E+0	NaN
	14/11/2022 16:08:06	-63.971000E-3	4.340000E-9	1.350000E-9	4.996000E-9	791.200000E-9	247.870000E-6	0.000000E+0	-97.081000E+0	63.299000E+0	0.000000E+0	NaN
	14/11/2022 16:08:15	-62.984000E-3	4.300000E-9	1.330000E-9	4.996000E-9	791.200000E-9	254.780000E-6	0.000000E+0	-97.306000E+0	63.412000E+0	0.000000E+0	NaN
	14/11/2022 16:08:24	-67.076000E-3	4.270000E-9	1.340000E-9	4.996000E-9	791.200000E-9	265.870000E-6	0.000000E+0	-97.306000E+0	63.524000E+0	0.000000E+0	NaN
	14/11/2022 16:08:34	-62.886000E-3	4.250000E-9	1.330000E-9	4.996000E-9	792.200000E-9	278.440000E-6	0.000000E+0	-97.081000E+0	63.412000E+0	0.000000E+0	NaN
	14/11/2022 16:08:43	-67.028000E-3	4.200000E-9	1.310000E-9	4.996000E-9	791.200000E-9	276.710000E-6	0.000000E+0	-97.194000E+0	63.299000E+0	0.000000E+0	NaN
	14/11/2022 16:08:52	-67.276000E-3	4.190000E-9	1.320000E-9	4.996000E-9	792.200000E-9	247.630000E-6	0.000000E+0	-97.081000E+0	63.187000E+0	0.000000E+0	NaN
	14/11/2022 16:09:01	-64.564000E-3	4.200000E-9	1.320000E-9	4.996000E-9	791.200000E-9	282.140000E-6	0.000000E+0	-97.194000E+0	63.299000E+0	0.000000E+0	NaN
	14/11/2022 16:09:10	-67.520000E-3	4.190000E-9	1.320000E-9	4.996000E-9	791.200000E-9	250.580000E-6	0.000000E+0	-97.306000E+0	63.187000E+0	0.000000E+0	NaN
	14/11/2022 16:09:20	-63.255000E-3	4.190000E-9	1.310000E-9	4.996000E-9	791.200000E-9	264.140000E-6	0.000000E+0	-97.194000E+0	63.299000E+0	0.000000E+0	NaN
	14/11/2022 16:09:29	-63.109000E-3	4.140000E-9	1.310000E-9	4.996000E-9	792.200000E-9	247.870000E-6	0.000000E+0	-97.081000E+0	63.299000E+0	0.000000E+0	NaN
	14/11/2022 16:09:38	-63.208000E-3	4.150000E-9	1.310000E-9	4.996000E-9	791.200000E-9	238.980000E-6	0.000000E+0	-97.081000E+0	63.412000E+0	0.000000E+0	NaN
	14/11/2022 16:09:47	-63.255000E-3	4.140000E-9	1.300000E-9	4.996000E-9	791.200000E-9	251.080000E-6	0.000000E+0	-97.081000E+0	63.412000E+0	0.000000E+0	NaN
	14/11/2022 16:09:56	-67.127000E-3	4.110000E-9	1.290000E-9	4.996000E-9	792.200000E-9	254.540000E-6	0.000000E+0	-96.969000E+0	63.187000E+0	0.000000E+0	NaN
	14/11/2022 16:10:05	-64.391000E-3	4.100000E-9	1.290000E-9	4.996000E-9	792.200000E-9	261.930000E-6	0.000000E+0	-97.081000E+0	63.412000E+0	0.000000E+0	NaN
	14/11/2022 16:10:15	-63.774000E-3	4.060000E-9	1.290000E-9	4.996000E-9	792.200000E-9	249.360000E-6	0.000000E+0	-97.081000E+0	63.299000E+0	0.000000E+0	NaN
	14/11/2022 16:10:24	-67.347000E-3	4.050000E-9	1.290000E-9	4.996000E-9	791.200000E-9	243.430000E-6	0.000000E+0	-97.081000E+0	63.412000E+0	0.000000E+0	NaN
	14/11/2022 16:10:33	-67.693000E-3	4.020000E-9	1.270000E-9	4.996000E-9	792.200000E-9	252.810000E-6	0.000000E+0	-97.081000E+0	63.299000E+0	0.000000E+0	NaN
	14/11/2022 16:10:42	-65.550000E-3	4.020000E-9	1.270000E-9	4.996000E-9	791.200000E-9	278.200000E-6	0.000000E+0	-96.969000E+0	63.412000E+0	0.000000E+0	NaN
	14/11/2022 16:10:51	-62.788000E-3	4.010000E-9	1.280000E-9	4.996000E-9	792.200000E-9	248.370000E-6	0.000000E+0	-97.194000E+0	63.412000E+0	0.000000E+0	NaN
	14/11/2022 16:11:01	-62.591000E-3	4.000000E-9	1.270000E-9	4.996000E-9	792.200000E-9	264.410000E-6	0.000000E+0	-97.194000E+0	63.299000E+0	0.000000E+0	NaN
	14/11/2022 16:11:10	-63.279000E-3	4.020000E-9	1.260000E-9	4.996000E-9	791.200000E-9	263.660000E-6	0.000000E+0	-97.081000E+0	63.299000E+0	0.000000E+0	NaN
	14/11/2022 16:11:19	-65.771000E-3	3.990000E-9	1.280000E-9	4.996000E-9	792.200000E-9	237.020000E-6	0.000000E+0	-97.081000E+0	63.187000E+0	0.000000E+0	NaN
	14/11/2022 16:11:28	-63.008000E-3	3.960000E-9	1.260000E-9	4.996000E-9	792.200000E-9	244.680000E-6	0.000000E+0	-97.081000E+0	63.299000E+0	0.000000E+0	NaN
	14/11/2022 16:11:37	-62.910000E-3	3.950000E-9	1.250000E-9	4.996000E-9	792.200000E-9	244.920000E-6	0.000000E+0	-96.969000E+0	63.187000E+0	0.000000E+0	NaN
	14/11/2022 16:11:47	-66.707000E-3	3.970000E-9	1.250000E-9	4.996000E-9	792.200000E-9	265.870000E-6	0.000000E+0	-97.081000E+0	63.299000E+0	0.000000E+0	NaN
	14/11/2022 16:11:56	-63.479000E-3	3.960000E-9	1.270000E-9	4.996000E-9	791.200000E-9	265.630000E-6	0.000000E+0	-97.081000E+0	63.299000E+0	0.000000E+0	NaN
	14/11/2022 16:12:05	-66.486000E-3	3.960000E-9	1.270000E-9	4.996000E-9	792.200000E-9	283.870000E-6	0.000000E+0	-97.194000E+0	63.299000E+0	0.000000E+0	NaN
	14/11/2022 16:12:14	-67.374000E-3	3.960000E-9	1.260000E-9	4.996000E-9	792.200000E-9	277.460000E-6	0.000000E+0	-97.081000E+0	63.299000E+0	0.000000E+0	NaN
	14/11/2022 16:12:23	-67.177000E-3	3.930000E-9	1.260000E-9	4.996000E-9	792.200000E-9	245.420000E-6	0.000000E+0	-97.081000E+0	63.187000E+0	0.000000E+0	NaN
	14/11/2022 16:12:33	-64.415000E-3	3.930000E-9	1.260000E-9	4.996000E-9	792.200000E-9	276.240000E-6	0.000000E+0	-96.969000E+0	63.412000E+0	0.000000E+0	NaN
	14/11/2022 16:12:42	-62.984000E-3	3.960000E-9	1.260000E-9	4.996000E-9	792.200000E-9	270.310000E-6	0.000000E+0	-97.081000E+0	63.299000E+0	0.000000E+0	NaN
	14/11/2022 16:12:51	-62.665000E-3	3.960000E-9	1.260000E-9	4.996000E-9	792.200000E-9	240.240000E-6	0.000000E+0	-96.857000E+0	63.299000E+0	0.000000E+0	NaN
	14/11/2022 16:13:00	-64.093000E-3	3.970000E-9	1.260000E-9	4.996000E-9	792.200000E-9	269.830000E-6	0.000000E+0	-96.969000E+0	63.299000E+0	0.000000E+0	NaN
	14/11/2022 16:13:09	-67.028000E-3	3.960000E-9	1.250000E-9	4.996000E-9	792.200000E-9	259.460000E-6	0.000000E+0	-97.081000E+0	63.299000E+0	0.000000E+0	NaN
	14/11/2022 16:13:19	-66.832000E-3	3.940000E-9	1.270000E-9	4.996000E-9	792.200000E-9	254.780000E-6	0.000000E+0	-96.969000E+0	63.299000E+0	0.000000E+0	NaN
	14/11/2022 16:13:28	-65.622000E-3	3.960000E-9	1.270000E-9	4.996000E-9	792.200000E-9	249.590000E-6	0.000000E+0	-97.081000E+0	63.412000E+0	0.000000E+0	NaN
	14/11/2022 16:13:37	-63.774000E-3	3.930000E-9	1.250000E-9	4.996000E-9	792.200000E-9	273.260000E-6	0.000000E+0	-96.857000E+0	63.524000E+0	0.000000E+0	NaN
	14/11/2022 16:13:46	-64.957000E-3	3.900000E-9	1.250000E-9	4.996000E-9	792.200000E-9	243.430000E-6	0.000000E+0	-96.969000E+0	63.412000E+0	0.000000E+0	NaN
	14/11/2022 16:13:55	-63.109000E-3	3.880000E-9	1.240000E-9	4.996000E-9	792.200000E-9	241.220000E-6	0.000000E+0	-97.081000E+0	63.524000E+0	0.000000E+0	NaN
	14/11/2022 16:14:05	-63.109000E-3	3.860000E-9	1.240000E-9	4.996000E-9	792.200000E-9	264.410000E-6	0.000000E+0	-96.969000E+0	63.412000E+0	0.000000E+0	NaN
	14/11/2022 16:14:14	-62.984000E-3	18.100000E-9	5.170000E-9	4.996000E-9	792.200000E-9	266.850000E-6	0.000000E+0	-97.081000E+0	63.412000E+0	0.000000E+0	NaN
	14/11/2022 16:14:23	-63.279000E-3	4.530000E-9	1.600000E-9	4.996000E-9	792.200000E-9	240.240000E-6	0.000000E+0	-97.081000E+0	63.412000E+0	0.000000E+0	NaN
	14/11/2022 16:14:32	-67.103000E-3	4.260000E-9	1.450000E-9	4.996000E-9	792.200000E-9	254.270000E-6	0.000000E+0	-96.969000E+0	63.299000E+0	0.000000E+0	NaN
	14/11/2022 16:14:41	-63.232000E-3	4.190000E-9	1.400000E-9	4.996000E-9	792.200000E-9	245.660000E-6	0.000000E+0	-96.969000E+0	63.412000E+0	0.000000E+0	NaN
	14/11/2022 16:14:50	-64.784000E-3	4.170000E-9	1.380000E-9	4.996000E-9	792.200000E-9	241.970000E-6	0.000000E+0	-96.745000E+0	63.412000E+0	0.000000E+0	NaN
	14/11/2022 16:15:00	-63.798000E-3	4.120000E-9	1.370000E-9	4.996000E-9	792.200000E-9	286.340000E-6	0.000000E+0	-96.969000E+0	63.412000E+0	0.000000E+0	NaN
	14/11/2022 16:15:09	-62.937000E-3	4.030000E-9	1.330000E-9	4.996000E-9	792.200000E-9	250.100000E-6	0.000000E+0	-97.081000E+0	63.524000E+0	0.000000E+0	NaN
	14/11/2022 16:15:18	-63.428000E-3	3.980000E-9	1.330000E-9	4.996000E-9	792.200000E-9	242.710000E-6	0.000000E+0	-97.081000E+0	63.524000E+0	0.000000E+0	NaN
	14/11/2022 16:15:27	-64.710000E-3	3.960000E-9	1.310000E-9	4.996000E-9	792.200000E-9	277.220000E-6	0.000000E+0	-96.857000E+0	63.524000E+0	0.000000E+0	NaN
	14/11/2022 16:15:36	-62.737000E-3	3.930000E-9	1.290000E-9	4.996000E-9	792.200000E-9	267.830000E-6	0.000000E+0	-97.081000E+0	63.412000E+0	0.000000E+0	NaN
	14/11/2022 16:15:46	-63.157000E-3	7.610000E-9	2.020000E-9	4.996000E-9	792.200000E-9	268.340000E-6	0.000000E+0	-96.857000E+0	63.412000E+0	0.000000E+0	NaN
	14/11/2022 16:15:55	-63.601000E-3	8.930000E-9	2.470000E-9	4.996000E-9	792.200000E-9	240.980000E-6	0.000000E+0	-96.969000E+0	63.412000E+0	0.000000E+0	NaN
	14/11/2022 16:16:04	-62.910000E-3	9.300000E-9	2.530000E-9	4.996000E-9	792.200000E-9	281.160000E-6	0.000000E+0	-96.969000E+0	63.412000E+0	0.000000E+0	NaN
	14/11/2022 16:16:13	-63.527000E-3	9.440000E-9	2.560000E-9	4.996000E-9	792.200000E-9	247.120000E-6	0.000000E+0	-96.969000E+0	63.524000E+0	0.000000E+0	NaN
	14/11/2022 16:16:22	-63.306000E-3	9.450000E-9	2.580000E-9	4.996000E-9	792.200000E-9	237.520000E-6	0.000000E+0	-96.857000E+0	63.524000E+0	0.000000E+0	NaN
	14/11/2022 16:16:32	-63.330000E-3	9.520000E-9	2.580000E-9	4.996000E-9	792.200000E-9	261.690000E-6	0.000000E+0	-97.081000E+0	63.524000E+0	0.000000E+0	NaN
	14/11/2022 16:16:41	-67.249000E-3	9.610000E-9	2.610000E-9	4.996000E-9	792.200000E-9	241.700000E-6	0.000000E+0	-96.969000E+0	63.524000E+0	0.000000E+0	NaN
	14/11/2022 16:16:50	-64.635000E-3	9.580000E-9	2.600000E-9	4.996000E-9	792.200000E-9	260.200000E-6	0.000000E+0	-96.969000E+0	63.412000E+0	0.000000E+0	NaN
	14/11/2022 16:16:59	-63.157000E-3	9.530000E-9	2.580000E-9	4.996000E-9	792.200000E-9	252.070000E-6	0.000000E+0	-96.857000E+0	63.524000E+0	0.000000E+0	NaN
	14/11/2022 16:17:08	-63.625000E-3	9.530000E-9	2.570000E-9	4.996000E-9	792.200000E-9	246.140000E-6	0.000000E+0	-96.857000E+0	63.299000E+0	0.000000E+0	NaN
	14/11/2022 16:17:17	-64.218000E-3	9.510000E-9	2.580000E-9	4.996000E-9	792.200000E-9	244.170000E-6	0.000000E+0	-96.969000E+0	63.524000E+0	0.000000E+0	NaN
	14/11/2022 16:17:27	-66.093000E-3	9.510000E-9	2.580000E-9	4.996000E-9	792.200000E-9	239.730000E-6	0.000000E+0	-96.857000E+0	63.524000E+0	0.000000E+0	NaN
	14/11/2022 16:17:36	-63.822000E-3	9.530000E-9	2.570000E-9	4.996000E-9	792.200000E-9	255.020000E-6	0.000000E+0	-96.969000E+0	63.524000E+0	0.000000E+0	NaN
	14/11/2022 16:17:45	-62.811000E-3	9.500000E-9	2.560000E-9	4.996000E-9	793.100000E-9	250.850000E-6	0.000000E+0	-96.969000E+0	63.524000E+0	0.000000E+0	NaN
	14/11/2022 16:17:54	-62.639000E-3	9.490000E-9	2.570000E-9	4.996000E-9	793.100000E-9	246.140000E-6	0.000000E+0	-96.969000E+0	63.524000E+0	0.000000E+0	NaN
	14/11/2022 16:18:03	-64.465000E-3	9.460000E-9	2.560000E-9	4.996000E-9	792.200000E-9	267.600000E-6	0.000000E+0	-96.633000E+0	63.636000E+0	0.000000E+0	NaN
	14/11/2022 16:18:13	-63.354000E-3	9.450000E-9	2.560000E-9	4.996000E-9	839.200000E-9	244.680000E-6	0.000000E+0	-97.081000E+0	63.412000E+0	0.000000E+0	NaN
	14/11/2022 16:18:22	-66.164000E-3	9.440000E-9	2.550000E-9	4.996000E-9	821.200000E-9	282.410000E-6	0.000000E+0	-96.745000E+0	63.412000E+0	0.000000E+0	NaN
	14/11/2022 16:18:31	-66.584000E-3	9.440000E-9	2.560000E-9	4.996000E-9	808.500000E-9	272.540000E-6	0.000000E+0	-96.969000E+0	63.524000E+0	0.000000E+0	NaN
	14/11/2022 16:18:40	-63.157000E-3	9.470000E-9	2.560000E-9	4.996000E-9	801.700000E-9	227.660000E-6	0.000000E+0	-96.857000E+0	63.636000E+0	0.000000E+0	NaN
	14/11/2022 16:18:49	-65.449000E-3	9.450000E-9	2.560000E-9	4.996000E-9	800.800000E-9	264.140000E-6	0.000000E+0	-96.857000E+0	63.636000E+0	0.000000E+0	NaN
	14/11/2022 16:18:59	-64.242000E-3	9.420000E-9	2.550000E-9	4.996000E-9	793.100000E-9	238.270000E-6	0.000000E+0	-96.745000E+0	63.524000E+0	0.000000E+0	NaN
	14/11/2022 16:19:08	-63.157000E-3	9.450000E-9	2.540000E-9	4.996000E-9	793.100000E-9	242.950000E-6	0.000000E+0	-96.857000E+0	63.524000E+0	0.000000E+0	NaN
	14/11/2022 16:19:17	-64.835000E-3	9.400000E-9	2.540000E-9	4.996000E-9	793.100000E-9	285.830000E-6	0.000000E+0	-96.857000E+0	63.412000E+0	0.000000E+0	NaN
	14/11/2022 16:19:26	-63.059000E-3	9.360000E-9	2.530000E-9	4.996000E-9	793.100000E-9	276.480000E-6	0.000000E+0	-96.969000E+0	63.412000E+0	0.000000E+0	NaN
	14/11/2022 16:19:35	-63.971000E-3	9.280000E-9	2.530000E-9	4.996000E-9	793.100000E-9	270.550000E-6	0.000000E+0	-96.745000E+0	63.412000E+0	0.000000E+0	NaN
	14/11/2022 16:19:45	-67.300000E-3	9.320000E-9	2.530000E-9	4.996000E-9	792.200000E-9	271.800000E-6	0.000000E+0	-96.857000E+0	63.524000E+0	0.000000E+0	NaN
	14/11/2022 16:19:54	-66.707000E-3	9.280000E-9	2.510000E-9	4.996000E-9	792.200000E-9	259.700000E-6	0.000000E+0	-96.745000E+0	63.524000E+0	0.000000E+0	NaN
	14/11/2022 16:20:03	-66.042000E-3	9.270000E-9	2.520000E-9	4.996000E-9	792.200000E-9	271.050000E-6	0.000000E+0	-96.745000E+0	63.412000E+0	0.000000E+0	NaN
	14/11/2022 16:20:12	-63.255000E-3	9.260000E-9	2.520000E-9	4.996000E-9	792.200000E-9	269.320000E-6	0.000000E+0	-96.857000E+0	63.636000E+0	0.000000E+0	NaN
	14/11/2022 16:20:21	-64.069000E-3	9.250000E-9	2.500000E-9	4.996000E-9	792.200000E-9	257.970000E-6	0.000000E+0	-96.745000E+0	63.636000E+0	0.000000E+0	NaN
	14/11/2022 16:20:30	-62.937000E-3	9.270000E-9	2.500000E-9	4.996000E-9	792.200000E-9	252.810000E-6	0.000000E+0	-96.857000E+0	63.636000E+0	0.000000E+0	NaN
	14/11/2022 16:20:40	-63.109000E-3	9.090000E-9	2.480000E-9	4.996000E-9	792.200000E-9	255.760000E-6	0.000000E+0	-96.745000E+0	63.636000E+0	0.000000E+0	NaN
	14/11/2022 16:20:49	-65.279000E-3	9.110000E-9	2.480000E-9	4.996000E-9	792.200000E-9	246.880000E-6	0.000000E+0	-96.745000E+0	63.524000E+0	0.000000E+0	NaN
	14/11/2022 16:20:58	-63.527000E-3	9.170000E-9	2.490000E-9	4.996000E-9	792.200000E-9	276.980000E-6	0.000000E+0	-96.857000E+0	63.636000E+0	0.000000E+0	NaN
	14/11/2022 16:21:07	-62.764000E-3	9.220000E-9	2.490000E-9	4.996000E-9	791.200000E-9	254.030000E-6	0.000000E+0	-96.857000E+0	63.524000E+0	0.000000E+0	NaN
	14/11/2022 16:21:16	-63.279000E-3	9.170000E-9	2.490000E-9	4.996000E-9	792.200000E-9	240.240000E-6	0.000000E+0	-96.857000E+0	63.524000E+0	0.000000E+0	NaN
	14/11/2022 16:21:26	-63.232000E-3	9.170000E-9	2.490000E-9	4.996000E-9	792.200000E-9	243.690000E-6	0.000000E+0	-96.745000E+0	63.524000E+0	0.000000E+0	NaN
	14/11/2022 16:21:35	-62.960000E-3	9.160000E-9	2.490000E-9	4.996000E-9	792.200000E-9	244.680000E-6	0.000000E+0	-96.745000E+0	63.524000E+0	0.000000E+0	NaN
	14/11/2022 16:21:44	-63.774000E-3	9.160000E-9	2.490000E-9	4.996000E-9	791.200000E-9	268.340000E-6	0.000000E+0	-96.745000E+0	63.636000E+0	0.000000E+0	NaN
	14/11/2022 16:21:53	-67.645000E-3	9.130000E-9	2.470000E-9	4.996000E-9	792.200000E-9	250.100000E-6	0.000000E+0	-96.745000E+0	63.636000E+0	0.000000E+0	NaN
	14/11/2022 16:22:02	-66.683000E-3	9.110000E-9	2.460000E-9	4.996000E-9	792.200000E-9	252.070000E-6	0.000000E+0	-96.633000E+0	63.636000E+0	0.000000E+0	NaN
	14/11/2022 16:22:11	-64.316000E-3	9.070000E-9	2.460000E-9	4.996000E-9	792.200000E-9	276.480000E-6	0.000000E+0	-96.969000E+0	63.636000E+0	0.000000E+0	NaN
	14/11/2022 16:22:21	-63.181000E-3	9.100000E-9	2.470000E-9	4.996000E-9	791.200000E-9	265.120000E-6	0.000000E+0	-96.745000E+0	63.524000E+0	0.000000E+0	NaN
	14/11/2022 16:22:30	-63.181000E-3	9.120000E-9	2.480000E-9	4.996000E-9	792.200000E-9	256.750000E-6	0.000000E+0	-96.633000E+0	63.748000E+0	0.000000E+0	NaN
	14/11/2022 16:22:39	-67.300000E-3	9.040000E-9	2.460000E-9	4.996000E-9	791.200000E-9	241.970000E-6	0.000000E+0	-96.745000E+0	63.524000E+0	0.000000E+0	NaN
	14/11/2022 16:22:48	-63.774000E-3	9.010000E-9	2.450000E-9	4.996000E-9	792.200000E-9	237.020000E-6	0.000000E+0	-96.633000E+0	63.524000E+0	0.000000E+0	NaN
	14/11/2022 16:22:57	-63.354000E-3	9.010000E-9	2.450000E-9	4.996000E-9	792.200000E-9	268.580000E-6	0.000000E+0	-96.520000E+0	63.524000E+0	0.000000E+0	NaN
	14/11/2022 16:23:06	-63.601000E-3	8.980000E-9	2.440000E-9	4.996000E-9	792.200000E-9	249.120000E-6	0.000000E+0	-96.633000E+0	63.636000E+0	0.000000E+0	NaN
	14/11/2022 16:23:16	-63.354000E-3	8.990000E-9	2.440000E-9	4.996000E-9	792.200000E-9	258.240000E-6	0.000000E+0	-96.857000E+0	63.524000E+0	0.000000E+0	NaN
	14/11/2022 16:23:25	-67.595000E-3	8.970000E-9	2.430000E-9	4.996000E-9	792.200000E-9	237.020000E-6	0.000000E+0	-96.520000E+0	63.524000E+0	0.000000E+0	NaN
	14/11/2022 16:23:34	-63.428000E-3	8.970000E-9	2.440000E-9	4.996000E-9	792.200000E-9	249.590000E-6	0.000000E+0	-96.633000E+0	63.636000E+0	0.000000E+0	NaN
	14/11/2022 16:23:43	-62.910000E-3	8.970000E-9	2.460000E-9	4.996000E-9	791.200000E-9	246.410000E-6	0.000000E+0	-96.520000E+0	63.636000E+0	0.000000E+0	NaN
	14/11/2022 16:23:52	-66.906000E-3	8.950000E-9	2.440000E-9	4.996000E-9	792.200000E-9	242.200000E-6	0.000000E+0	-96.745000E+0	63.524000E+0	0.000000E+0	NaN
	14/11/2022 16:24:01	-63.971000E-3	8.940000E-9	2.440000E-9	4.996000E-9	792.200000E-9	240.000000E-6	0.000000E+0	-96.633000E+0	63.636000E+0	0.000000E+0	NaN
	14/11/2022 16:24:11	-62.516000E-3	8.950000E-9	2.420000E-9	4.996000E-9	792.200000E-9	252.810000E-6	0.000000E+0	-96.520000E+0	63.636000E+0	0.000000E+0	NaN
	14/11/2022 16:24:20	-62.960000E-3	8.900000E-9	2.420000E-9	4.996000E-9	792.200000E-9	242.200000E-6	0.000000E+0	-96.633000E+0	63.636000E+0	0.000000E+0	NaN
	14/11/2022 16:24:29	-65.991000E-3	8.940000E-9	2.440000E-9	4.996000E-9	792.200000E-9	260.440000E-6	0.000000E+0	-96.633000E+0	63.748000E+0	0.000000E+0	NaN
	14/11/2022 16:24:38	-64.415000E-3	8.990000E-9	2.450000E-9	4.996000E-9	792.200000E-9	282.410000E-6	0.000000E+0	-96.520000E+0	63.636000E+0	0.000000E+0	NaN
	14/11/2022 16:24:47	-63.601000E-3	8.980000E-9	2.460000E-9	4.996000E-9	792.200000E-9	246.410000E-6	0.000000E+0	-96.633000E+0	63.636000E+0	0.000000E+0	NaN
	14/11/2022 16:24:57	-62.811000E-3	8.940000E-9	2.430000E-9	4.996000E-9	792.200000E-9	262.410000E-6	0.000000E+0	-96.633000E+0	63.748000E+0	0.000000E+0	NaN
	14/11/2022 16:25:06	-63.848000E-3	8.890000E-9	2.420000E-9	4.996000E-9	792.200000E-9	250.340000E-6	0.000000E+0	-96.520000E+0	63.748000E+0	0.000000E+0	NaN
	14/11/2022 16:25:15	-67.768000E-3	8.810000E-9	2.400000E-9	4.996000E-9	792.200000E-9	243.190000E-6	0.000000E+0	-96.633000E+0	63.412000E+0	0.000000E+0	NaN
	14/11/2022 16:25:24	-67.300000E-3	8.820000E-9	2.400000E-9	4.996000E-9	792.200000E-9	263.390000E-6	0.000000E+0	-96.633000E+0	63.636000E+0	0.000000E+0	NaN
	14/11/2022 16:25:33	-64.737000E-3	8.830000E-9	2.400000E-9	4.996000E-9	792.200000E-9	250.100000E-6	0.000000E+0	-96.633000E+0	63.636000E+0	0.000000E+0	NaN
	14/11/2022 16:25:43	-63.723000E-3	8.680000E-9	2.370000E-9	4.996000E-9	1.216000E-6	264.880000E-6	0.000000E+0	-96.633000E+0	63.636000E+0	0.000000E+0	NaN
	14/11/2022 16:25:52	-64.465000E-3	8.650000E-9	2.360000E-9	4.996000E-9	1.068000E-6	244.170000E-6	0.000000E+0	-96.520000E+0	63.524000E+0	0.000000E+0	NaN
	14/11/2022 16:26:01	-67.103000E-3	8.620000E-9	2.350000E-9	4.996000E-9	964.600000E-9	231.360000E-6	0.000000E+0	-96.745000E+0	63.636000E+0	0.000000E+0	NaN
	14/11/2022 16:26:10	-67.547000E-3	8.600000E-9	2.350000E-9	4.996000E-9	904.100000E-9	257.970000E-6	0.000000E+0	-96.520000E+0	63.636000E+0	0.000000E+0	NaN
	14/11/2022 16:26:19	-62.788000E-3	8.610000E-9	2.350000E-9	4.996000E-9	863.700000E-9	265.870000E-6	0.000000E+0	-96.633000E+0	63.748000E+0	0.000000E+0	NaN
	14/11/2022 16:26:28	-65.696000E-3	8.630000E-9	2.360000E-9	4.996000E-9	838.200000E-9	238.510000E-6	0.000000E+0	-96.520000E+0	63.636000E+0	0.000000E+0	NaN
	14/11/2022 16:26:38	-63.059000E-3	8.620000E-9	2.360000E-9	4.996000E-9	824.200000E-9	261.930000E-6	0.000000E+0	-96.520000E+0	63.748000E+0	0.000000E+0	NaN
	14/11/2022 16:26:47	-63.255000E-3	8.550000E-9	2.350000E-9	4.996000E-9	816.300000E-9	252.070000E-6	0.000000E+0	-96.633000E+0	63.636000E+0	0.000000E+0	NaN
	14/11/2022 16:26:56	-66.832000E-3	8.580000E-9	2.350000E-9	4.996000E-9	810.400000E-9	259.220000E-6	0.000000E+0	-96.633000E+0	63.636000E+0	0.000000E+0	NaN
	14/11/2022 16:27:05	-62.984000E-3	8.560000E-9	2.340000E-9	4.996000E-9	807.500000E-9	250.340000E-6	0.000000E+0	-96.633000E+0	63.636000E+0	0.000000E+0	NaN
	14/11/2022 16:27:14	-63.381000E-3	8.590000E-9	2.350000E-9	4.996000E-9	803.700000E-9	253.560000E-6	0.000000E+0	-96.633000E+0	63.861000E+0	0.000000E+0	NaN
	14/11/2022 16:27:24	-63.083000E-3	8.570000E-9	2.340000E-9	4.996000E-9	801.700000E-9	245.660000E-6	0.000000E+0	-96.520000E+0	63.636000E+0	0.000000E+0	NaN
	14/11/2022 16:27:33	-67.076000E-3	8.530000E-9	2.330000E-9	4.996000E-9	801.700000E-9	249.120000E-6	0.000000E+0	-96.520000E+0	63.636000E+0	0.000000E+0	NaN
	14/11/2022 16:27:42	-66.906000E-3	8.540000E-9	2.330000E-9	4.996000E-9	801.700000E-9	274.270000E-6	0.000000E+0	-96.520000E+0	63.636000E+0	0.000000E+0	NaN
	14/11/2022 16:27:51	-67.398000E-3	8.510000E-9	2.330000E-9	4.996000E-9	800.800000E-9	247.390000E-6	0.000000E+0	-96.408000E+0	63.748000E+0	0.000000E+0	NaN
	14/11/2022 16:28:00	-66.978000E-3	8.510000E-9	2.340000E-9	4.996000E-9	800.800000E-9	241.220000E-6	0.000000E+0	-96.633000E+0	63.524000E+0	0.000000E+0	NaN
	14/11/2022 16:28:10	-63.798000E-3	8.490000E-9	2.340000E-9	4.996000E-9	800.800000E-9	260.200000E-6	0.000000E+0	-96.633000E+0	63.636000E+0	0.000000E+0	NaN
	14/11/2022 16:28:19	-62.984000E-3	8.510000E-9	2.340000E-9	4.996000E-9	800.800000E-9	245.900000E-6	0.000000E+0	-96.520000E+0	63.748000E+0	0.000000E+0	NaN
	14/11/2022 16:28:28	-66.906000E-3	8.490000E-9	2.330000E-9	4.996000E-9	800.800000E-9	240.980000E-6	0.000000E+0	-96.633000E+0	63.748000E+0	0.000000E+0	NaN
	14/11/2022 16:28:37	-66.805000E-3	8.480000E-9	2.330000E-9	4.996000E-9	800.800000E-9	272.040000E-6	0.000000E+0	-96.520000E+0	63.636000E+0	0.000000E+0	NaN
	14/11/2022 16:28:46	-64.439000E-3	8.570000E-9	2.340000E-9	4.996000E-9	800.800000E-9	258.710000E-6	0.000000E+0	-96.633000E+0	63.748000E+0	0.000000E+0	NaN
	14/11/2022 16:28:55	-66.781000E-3	8.550000E-9	2.350000E-9	4.996000E-9	800.800000E-9	242.440000E-6	0.000000E+0	-96.520000E+0	63.636000E+0	0.000000E+0	NaN
	14/11/2022 16:29:05	-66.879000E-3	8.560000E-9	2.340000E-9	4.996000E-9	799.800000E-9	257.250000E-6	0.000000E+0	-96.520000E+0	63.861000E+0	0.000000E+0	NaN
	14/11/2022 16:29:14	-63.008000E-3	8.470000E-9	2.340000E-9	4.996000E-9	800.800000E-9	250.100000E-6	0.000000E+0	-96.520000E+0	63.861000E+0	0.000000E+0	NaN
	14/11/2022 16:29:23	-62.960000E-3	8.460000E-9	2.330000E-9	4.996000E-9	797.900000E-9	254.030000E-6	0.000000E+0	-96.408000E+0	63.748000E+0	0.000000E+0	NaN
	14/11/2022 16:29:32	-63.723000E-3	8.500000E-9	2.330000E-9	4.996000E-9	794.100000E-9	242.710000E-6	0.000000E+0	-96.633000E+0	63.861000E+0	0.000000E+0	NaN
	14/11/2022 16:29:41	-63.676000E-3	8.510000E-9	2.330000E-9	4.996000E-9	794.100000E-9	249.360000E-6	0.000000E+0	-96.520000E+0	63.748000E+0	0.000000E+0	NaN
	14/11/2022 16:29:51	-65.401000E-3	8.470000E-9	2.320000E-9	4.996000E-9	793.100000E-9	250.100000E-6	0.000000E+0	-96.520000E+0	63.636000E+0	0.000000E+0	NaN
	14/11/2022 16:30:00	-67.276000E-3	8.460000E-9	2.310000E-9	4.996000E-9	800.800000E-9	239.490000E-6	0.000000E+0	-96.633000E+0	63.748000E+0	0.000000E+0	NaN
	14/11/2022 16:30:09	-63.652000E-3	8.380000E-9	2.300000E-9	4.996000E-9	798.900000E-9	270.810000E-6	0.000000E+0	-96.296000E+0	63.636000E+0	0.000000E+0	NaN
	14/11/2022 16:30:18	-67.201000E-3	8.360000E-9	2.290000E-9	4.996000E-9	794.100000E-9	267.830000E-6	0.000000E+0	-96.408000E+0	63.861000E+0	0.000000E+0	NaN
	14/11/2022 16:30:27	-63.330000E-3	8.310000E-9	2.270000E-9	4.996000E-9	794.100000E-9	249.360000E-6	0.000000E+0	-96.408000E+0	63.748000E+0	0.000000E+0	NaN
	14/11/2022 16:30:36	-66.906000E-3	8.270000E-9	2.280000E-9	4.996000E-9	793.100000E-9	262.920000E-6	0.000000E+0	-96.296000E+0	63.636000E+0	0.000000E+0	NaN
	14/11/2022 16:30:46	-63.798000E-3	8.350000E-9	2.290000E-9	4.996000E-9	793.100000E-9	243.430000E-6	0.000000E+0	-96.296000E+0	63.636000E+0	0.000000E+0	NaN
	14/11/2022 16:30:55	-63.208000E-3	8.250000E-9	2.270000E-9	4.996000E-9	793.100000E-9	252.070000E-6	0.000000E+0	-96.520000E+0	63.524000E+0	0.000000E+0	NaN
	14/11/2022 16:31:04	-65.893000E-3	8.190000E-9	2.250000E-9	4.996000E-9	793.100000E-9	256.750000E-6	0.000000E+0	-96.408000E+0	63.861000E+0	0.000000E+0	NaN
	14/11/2022 16:31:13	-67.076000E-3	8.330000E-9	2.290000E-9	4.996000E-9	794.100000E-9	258.710000E-6	0.000000E+0	-96.408000E+0	63.861000E+0	0.000000E+0	NaN
	14/11/2022 16:31:22	-63.035000E-3	8.290000E-9	2.270000E-9	4.996000E-9	793.100000E-9	268.100000E-6	0.000000E+0	-96.633000E+0	63.748000E+0	0.000000E+0	NaN
	14/11/2022 16:31:32	-67.472000E-3	8.260000E-9	2.280000E-9	4.996000E-9	793.100000E-9	242.950000E-6	0.000000E+0	-96.520000E+0	63.861000E+0	0.000000E+0	NaN
	14/11/2022 16:31:41	-66.066000E-3	8.390000E-9	2.300000E-9	4.996000E-9	793.100000E-9	270.550000E-6	0.000000E+0	-96.296000E+0	63.748000E+0	0.000000E+0	NaN
	14/11/2022 16:31:50	-63.255000E-3	8.290000E-9	2.280000E-9	4.996000E-9	793.100000E-9	250.340000E-6	0.000000E+0	-96.408000E+0	63.748000E+0	0.000000E+0	NaN
	14/11/2022 16:31:59	-63.428000E-3	8.350000E-9	2.300000E-9	4.996000E-9	793.100000E-9	241.970000E-6	0.000000E+0	-96.296000E+0	63.748000E+0	0.000000E+0	NaN
	14/11/2022 16:32:08	-63.232000E-3	8.300000E-9	2.290000E-9	4.996000E-9	793.100000E-9	246.140000E-6	0.000000E+0	-96.408000E+0	63.973000E+0	0.000000E+0	NaN
	14/11/2022 16:32:17	-67.300000E-3	8.210000E-9	2.280000E-9	4.996000E-9	793.100000E-9	259.970000E-6	0.000000E+0	-96.408000E+0	63.748000E+0	0.000000E+0	NaN
	14/11/2022 16:32:27	-67.323000E-3	8.280000E-9	2.280000E-9	4.996000E-9	793.100000E-9	243.430000E-6	0.000000E+0	-96.520000E+0	63.861000E+0	0.000000E+0	NaN
	14/11/2022 16:32:36	-63.822000E-3	8.340000E-9	2.290000E-9	4.996000E-9	793.100000E-9	242.710000E-6	0.000000E+0	-96.408000E+0	64.085000E+0	0.000000E+0	NaN
	14/11/2022 16:32:45	-67.791000E-3	8.290000E-9	2.290000E-9	4.996000E-9	793.100000E-9	248.610000E-6	0.000000E+0	-96.184000E+0	64.085000E+0	0.000000E+0	NaN
	14/11/2022 16:32:54	-64.465000E-3	8.320000E-9	2.290000E-9	4.996000E-9	793.100000E-9	261.690000E-6	0.000000E+0	-96.408000E+0	63.861000E+0	0.000000E+0	NaN
	14/11/2022 16:33:03	-62.886000E-3	8.350000E-9	2.290000E-9	4.996000E-9	793.100000E-9	241.700000E-6	0.000000E+0	-96.408000E+0	63.861000E+0	0.000000E+0	NaN
	14/11/2022 16:33:12	-63.381000E-3	8.320000E-9	2.290000E-9	4.996000E-9	793.100000E-9	254.030000E-6	0.000000E+0	-96.520000E+0	63.861000E+0	0.000000E+0	NaN
	14/11/2022 16:33:22	-63.699000E-3	8.310000E-9	2.290000E-9	4.996000E-9	793.100000E-9	264.140000E-6	0.000000E+0	-96.520000E+0	63.748000E+0	0.000000E+0	NaN
	14/11/2022 16:33:31	-63.896000E-3	8.280000E-9	2.270000E-9	4.996000E-9	793.100000E-9	241.220000E-6	0.000000E+0	-96.408000E+0	63.748000E+0	0.000000E+0	NaN
	14/11/2022 16:33:40	-63.157000E-3	8.440000E-9	2.300000E-9	4.996000E-9	800.800000E-9	245.420000E-6	0.000000E+0	-96.184000E+0	63.748000E+0	0.000000E+0	NaN
	14/11/2022 16:33:49	-63.279000E-3	8.430000E-9	2.310000E-9	4.996000E-9	797.000000E-9	249.590000E-6	0.000000E+0	-96.408000E+0	63.636000E+0	0.000000E+0	NaN
	14/11/2022 16:33:58	-63.232000E-3	8.480000E-9	2.330000E-9	4.996000E-9	794.100000E-9	243.430000E-6	0.000000E+0	-96.296000E+0	63.861000E+0	0.000000E+0	NaN
	14/11/2022 16:34:08	-63.232000E-3	8.440000E-9	2.330000E-9	4.996000E-9	794.100000E-9	238.980000E-6	0.000000E+0	-96.296000E+0	63.861000E+0	0.000000E+0	NaN
	14/11/2022 16:34:17	-67.052000E-3	8.480000E-9	2.320000E-9	4.996000E-9	793.100000E-9	241.220000E-6	0.000000E+0	-96.296000E+0	63.973000E+0	0.000000E+0	NaN
	14/11/2022 16:34:26	-63.601000E-3	8.440000E-9	2.320000E-9	4.996000E-9	793.100000E-9	246.880000E-6	0.000000E+0	-96.296000E+0	63.861000E+0	0.000000E+0	NaN
	14/11/2022 16:34:35	-62.886000E-3	8.450000E-9	2.320000E-9	4.996000E-9	793.100000E-9	247.390000E-6	0.000000E+0	-96.520000E+0	63.861000E+0	0.000000E+0	NaN
	14/11/2022 16:34:44	-64.513000E-3	8.450000E-9	2.310000E-9	4.996000E-9	793.100000E-9	260.200000E-6	0.000000E+0	-96.296000E+0	63.973000E+0	0.000000E+0	NaN
	14/11/2022 16:34:54	-63.255000E-3	8.370000E-9	2.300000E-9	4.996000E-9	793.100000E-9	242.440000E-6	0.000000E+0	-96.408000E+0	63.861000E+0	0.000000E+0	NaN
	14/11/2022 16:35:03	-63.354000E-3	8.370000E-9	2.300000E-9	4.996000E-9	793.100000E-9	243.430000E-6	0.000000E+0	-96.296000E+0	63.861000E+0	0.000000E+0	NaN
	14/11/2022 16:35:12	-63.848000E-3	6.700000E-9	1.770000E-9	4.996000E-9	793.100000E-9	255.020000E-6	0.000000E+0	-96.408000E+0	63.748000E+0	0.000000E+0	NaN
	14/11/2022 16:35:21	-65.449000E-3	4.200000E-9	1.240000E-9	4.996000E-9	793.100000E-9	269.320000E-6	0.000000E+0	-96.184000E+0	63.861000E+0	0.000000E+0	NaN
	14/11/2022 16:35:30	-65.821000E-3	3.870000E-9	1.170000E-9	4.996000E-9	793.100000E-9	258.980000E-6	0.000000E+0	-96.296000E+0	63.861000E+0	0.000000E+0	NaN
	14/11/2022 16:35:40	-63.279000E-3	3.690000E-9	1.130000E-9	4.996000E-9	793.100000E-9	241.220000E-6	0.000000E+0	-96.296000E+0	63.973000E+0	0.000000E+0	NaN
	14/11/2022 16:35:49	-65.574000E-3	3.570000E-9	1.100000E-9	4.996000E-9	793.100000E-9	267.600000E-6	0.000000E+0	-96.184000E+0	63.861000E+0	0.000000E+0	NaN
	14/11/2022 16:35:58	-63.133000E-3	3.480000E-9	1.090000E-9	4.996000E-9	793.100000E-9	286.820000E-6	0.000000E+0	-96.296000E+0	63.861000E+0	0.000000E+0	NaN
	14/11/2022 16:36:07	-63.676000E-3	3.400000E-9	1.080000E-9	4.996000E-9	793.100000E-9	242.710000E-6	0.000000E+0	-96.296000E+0	63.861000E+0	0.000000E+0	NaN
	14/11/2022 16:36:16	-64.120000E-3	3.330000E-9	1.060000E-9	4.996000E-9	793.100000E-9	253.800000E-6	0.000000E+0	-96.408000E+0	63.636000E+0	0.000000E+0	NaN
	14/11/2022 16:36:26	-63.404000E-3	3.280000E-9	1.050000E-9	4.996000E-9	793.100000E-9	249.360000E-6	0.000000E+0	-96.296000E+0	63.973000E+0	0.000000E+0	NaN
	14/11/2022 16:36:35	-67.496000E-3	3.230000E-9	1.040000E-9	4.996000E-9	793.100000E-9	246.140000E-6	0.000000E+0	-96.296000E+0	63.973000E+0	0.000000E+0	NaN
	14/11/2022 16:36:44	-67.496000E-3	3.180000E-9	1.030000E-9	4.996000E-9	793.100000E-9	242.440000E-6	0.000000E+0	-96.296000E+0	63.973000E+0	0.000000E+0	NaN
	14/11/2022 16:36:53	-62.418000E-3	3.140000E-9	1.020000E-9	4.996000E-9	793.100000E-9	259.220000E-6	0.000000E+0	-96.184000E+0	63.748000E+0	0.000000E+0	NaN
	14/11/2022 16:37:02	-63.723000E-3	3.100000E-9	1.010000E-9	4.996000E-9	793.100000E-9	267.360000E-6	0.000000E+0	-96.296000E+0	63.861000E+0	0.000000E+0	NaN
	14/11/2022 16:37:12	-62.615000E-3	3.070000E-9	999.000000E-12	4.996000E-9	793.100000E-9	243.190000E-6	0.000000E+0	-96.071000E+0	63.748000E+0	0.000000E+0	NaN
	14/11/2022 16:37:21	-63.527000E-3	3.050000E-9	985.000000E-12	4.996000E-9	793.100000E-9	251.830000E-6	0.000000E+0	-96.296000E+0	63.861000E+0	0.000000E+0	NaN
	14/11/2022 16:37:30	-63.527000E-3	3.010000E-9	982.000000E-12	4.996000E-9	793.100000E-9	255.020000E-6	0.000000E+0	-96.184000E+0	63.861000E+0	0.000000E+0	NaN
	14/11/2022 16:37:39	-65.205000E-3	2.990000E-9	973.000000E-12	4.996000E-9	793.100000E-9	240.000000E-6	0.000000E+0	-96.184000E+0	63.748000E+0	0.000000E+0	NaN
	14/11/2022 16:37:48	-63.059000E-3	2.960000E-9	970.000000E-12	4.996000E-9	793.100000E-9	244.410000E-6	0.000000E+0	-96.296000E+0	63.973000E+0	0.000000E+0	NaN
	14/11/2022 16:37:58	-63.428000E-3	2.940000E-9	966.000000E-12	4.996000E-9	793.100000E-9	258.980000E-6	0.000000E+0	-96.296000E+0	63.861000E+0	0.000000E+0	NaN
	14/11/2022 16:38:07	-63.330000E-3	2.910000E-9	957.000000E-12	4.996000E-9	793.100000E-9	260.680000E-6	0.000000E+0	-96.296000E+0	63.748000E+0	0.000000E+0	NaN
	14/11/2022 16:38:16	-62.516000E-3	2.900000E-9	959.000000E-12	4.996000E-9	793.100000E-9	239.730000E-6	0.000000E+0	-96.296000E+0	63.973000E+0	0.000000E+0	NaN
	14/11/2022 16:38:25	-62.665000E-3	2.870000E-9	950.000000E-12	4.996000E-9	793.100000E-9	261.690000E-6	0.000000E+0	-95.959000E+0	63.973000E+0	0.000000E+0	NaN
