Live comments	Time	injection 100mbar	Barion_2	Barion_1	DUAL experiment	DUAL insulation	helium	I_emission	I_grid	injection 1mbar	T-platinum	T-CERNOX
	21/10/2022 14:34:31	-59.113000E-3	2.610000E-9	867.000000E-12	4.996000E-9	2.788000E-6	0.000000E+0	0.000000E+0	0.000000E+0	159.110000E-6	-109.203000E+0	56.565000E+0
	21/10/2022 14:34:43	-59.262000E-3	2.610000E-9	867.000000E-12	4.996000E-9	2.591000E-6	0.000000E+0	0.000000E+0	0.000000E+0	200.300000E-6	-109.203000E+0	56.565000E+0
	21/10/2022 14:34:55	-59.113000E-3	2.630000E-9	872.000000E-12	4.996000E-9	2.514000E-6	0.000000E+0	0.000000E+0	0.000000E+0	171.690000E-6	-109.315000E+0	56.565000E+0
	21/10/2022 14:35:06	-59.482000E-3	2.610000E-9	868.000000E-12	4.996000E-9	2.484000E-6	0.000000E+0	0.000000E+0	0.000000E+0	186.470000E-6	-109.315000E+0	56.678000E+0
	21/10/2022 14:35:18	-59.411000E-3	2.610000E-9	866.000000E-12	4.996000E-9	2.472000E-6	0.000000E+0	0.000000E+0	0.000000E+0	170.200000E-6	-108.978000E+0	56.565000E+0
	21/10/2022 14:35:30	-59.313000E-3	2.620000E-9	863.000000E-12	4.996000E-9	2.466000E-6	0.000000E+0	0.000000E+0	0.000000E+0	172.670000E-6	-109.203000E+0	56.453000E+0
	21/10/2022 14:35:41	-59.286000E-3	2.620000E-9	862.000000E-12	4.996000E-9	2.463000E-6	0.000000E+0	0.000000E+0	0.000000E+0	162.070000E-6	-109.203000E+0	56.678000E+0
	21/10/2022 14:35:53	-58.523000E-3	2.620000E-9	866.000000E-12	4.996000E-9	2.463000E-6	0.000000E+0	0.000000E+0	0.000000E+0	160.100000E-6	-109.203000E+0	56.565000E+0
	21/10/2022 14:36:05	-59.286000E-3	2.620000E-9	868.000000E-12	4.996000E-9	2.587000E-6	0.000000E+0	0.000000E+0	0.000000E+0	160.340000E-6	-109.315000E+0	56.565000E+0
	21/10/2022 14:36:16	-59.435000E-3	2.620000E-9	869.000000E-12	4.996000E-9	2.542000E-6	0.000000E+0	0.000000E+0	0.000000E+0	183.520000E-6	-109.203000E+0	56.678000E+0
	21/10/2022 14:36:28	-59.164000E-3	2.620000E-9	869.000000E-12	4.996000E-9	2.529000E-6	0.000000E+0	0.000000E+0	0.000000E+0	166.030000E-6	-109.203000E+0	56.565000E+0
	21/10/2022 14:36:40	-58.645000E-3	2.630000E-9	872.000000E-12	4.996000E-9	2.511000E-6	0.000000E+0	0.000000E+0	0.000000E+0	168.000000E-6	-109.090000E+0	56.565000E+0
	21/10/2022 14:36:51	-58.770000E-3	2.620000E-9	867.000000E-12	4.996000E-9	2.508000E-6	0.000000E+0	0.000000E+0	0.000000E+0	168.000000E-6	-109.203000E+0	56.790000E+0
	21/10/2022 14:37:03	-59.459000E-3	2.620000E-9	868.000000E-12	4.996000E-9	2.508000E-6	0.000000E+0	0.000000E+0	0.000000E+0	165.050000E-6	-109.315000E+0	56.565000E+0
	21/10/2022 14:37:15	-59.608000E-3	2.620000E-9	862.000000E-12	4.996000E-9	2.505000E-6	0.000000E+0	0.000000E+0	0.000000E+0	163.320000E-6	-109.203000E+0	56.453000E+0
	21/10/2022 14:37:26	-58.770000E-3	2.620000E-9	863.000000E-12	4.996000E-9	2.508000E-6	0.000000E+0	0.000000E+0	0.000000E+0	168.980000E-6	-109.203000E+0	56.678000E+0
	21/10/2022 14:37:38	-58.720000E-3	2.620000E-9	872.000000E-12	4.996000E-9	2.508000E-6	0.000000E+0	0.000000E+0	0.000000E+0	165.050000E-6	-109.203000E+0	56.565000E+0
	21/10/2022 14:37:50	-59.187000E-3	2.620000E-9	869.000000E-12	4.996000E-9	2.508000E-6	0.000000E+0	0.000000E+0	0.000000E+0	171.180000E-6	-109.203000E+0	56.453000E+0
	21/10/2022 14:38:01	-59.360000E-3	2.630000E-9	864.000000E-12	4.996000E-9	2.508000E-6	0.000000E+0	0.000000E+0	0.000000E+0	167.250000E-6	-109.315000E+0	56.453000E+0
	21/10/2022 14:38:13	-59.262000E-3	2.620000E-9	864.000000E-12	4.996000E-9	2.508000E-6	0.000000E+0	0.000000E+0	0.000000E+0	205.220000E-6	-109.315000E+0	56.565000E+0
	21/10/2022 14:38:25	-59.041000E-3	2.630000E-9	872.000000E-12	4.996000E-9	2.508000E-6	0.000000E+0	0.000000E+0	0.000000E+0	202.000000E-6	-109.090000E+0	56.678000E+0
	21/10/2022 14:38:36	-59.384000E-3	2.630000E-9	869.000000E-12	4.996000E-9	2.508000E-6	0.000000E+0	0.000000E+0	0.000000E+0	165.520000E-6	-109.315000E+0	56.678000E+0
	21/10/2022 14:38:48	-59.411000E-3	2.620000E-9	863.000000E-12	4.996000E-9	2.511000E-6	0.000000E+0	0.000000E+0	0.000000E+0	162.810000E-6	-109.203000E+0	56.565000E+0
	21/10/2022 14:39:00	-56.452000E-3	2.630000E-9	864.000000E-12	4.996000E-9	2.508000E-6	0.000000E+0	0.000000E+0	0.000000E+0	164.780000E-6	-109.203000E+0	56.678000E+0
	21/10/2022 14:39:11	-59.384000E-3	2.620000E-9	867.000000E-12	4.996000E-9	2.505000E-6	0.000000E+0	0.000000E+0	0.000000E+0	166.270000E-6	-109.315000E+0	56.678000E+0
	21/10/2022 14:39:23	-59.286000E-3	2.620000E-9	865.000000E-12	4.996000E-9	2.502000E-6	0.000000E+0	0.000000E+0	0.000000E+0	168.230000E-6	-109.315000E+0	56.565000E+0
	21/10/2022 14:39:35	-59.113000E-3	2.630000E-9	865.000000E-12	4.996000E-9	2.496000E-6	0.000000E+0	0.000000E+0	0.000000E+0	200.540000E-6	-109.315000E+0	56.678000E+0
	21/10/2022 14:39:46	-59.482000E-3	2.630000E-9	864.000000E-12	4.996000E-9	2.493000E-6	0.000000E+0	0.000000E+0	0.000000E+0	203.010000E-6	-109.203000E+0	56.565000E+0
	21/10/2022 14:39:58	-59.509000E-3	2.630000E-9	866.000000E-12	4.996000E-9	2.502000E-6	0.000000E+0	0.000000E+0	0.000000E+0	180.810000E-6	-109.090000E+0	56.565000E+0
	21/10/2022 14:40:10	-59.482000E-3	2.630000E-9	869.000000E-12	4.996000E-9	2.505000E-6	0.000000E+0	0.000000E+0	0.000000E+0	171.180000E-6	-109.315000E+0	56.565000E+0
	21/10/2022 14:40:21	-58.869000E-3	2.660000E-9	879.000000E-12	4.996000E-9	2.502000E-6	0.000000E+0	0.000000E+0	0.000000E+0	168.980000E-6	-109.203000E+0	56.565000E+0
	21/10/2022 14:40:33	-58.967000E-3	2.640000E-9	873.000000E-12	4.996000E-9	2.502000E-6	0.000000E+0	0.000000E+0	0.000000E+0	162.070000E-6	-109.090000E+0	56.678000E+0
	21/10/2022 14:40:45	-59.015000E-3	2.640000E-9	873.000000E-12	4.996000E-9	2.502000E-6	0.000000E+0	0.000000E+0	0.000000E+0	166.740000E-6	-109.090000E+0	56.565000E+0
	21/10/2022 14:40:56	-59.509000E-3	2.640000E-9	874.000000E-12	4.996000E-9	2.505000E-6	0.000000E+0	0.000000E+0	0.000000E+0	164.540000E-6	-109.315000E+0	56.565000E+0
	21/10/2022 14:41:08	-59.509000E-3	2.630000E-9	874.000000E-12	4.996000E-9	2.505000E-6	0.000000E+0	0.000000E+0	0.000000E+0	175.630000E-6	-109.203000E+0	56.565000E+0
	21/10/2022 14:41:20	-59.164000E-3	2.630000E-9	871.000000E-12	4.996000E-9	2.505000E-6	0.000000E+0	0.000000E+0	0.000000E+0	169.220000E-6	-109.315000E+0	56.565000E+0
	21/10/2022 14:41:31	-59.411000E-3	2.640000E-9	874.000000E-12	4.996000E-9	2.505000E-6	0.000000E+0	0.000000E+0	0.000000E+0	209.660000E-6	-109.090000E+0	56.790000E+0
	21/10/2022 14:41:43	-58.770000E-3	2.640000E-9	879.000000E-12	4.996000E-9	2.508000E-6	0.000000E+0	0.000000E+0	0.000000E+0	162.070000E-6	-109.427000E+0	56.565000E+0
	21/10/2022 14:41:55	-59.360000E-3	2.640000E-9	880.000000E-12	4.996000E-9	2.508000E-6	0.000000E+0	0.000000E+0	0.000000E+0	177.860000E-6	-109.315000E+0	56.565000E+0
	21/10/2022 14:42:06	-59.384000E-3	2.650000E-9	882.000000E-12	4.996000E-9	2.508000E-6	0.000000E+0	0.000000E+0	0.000000E+0	184.740000E-6	-109.090000E+0	56.790000E+0
	21/10/2022 14:42:18	-59.211000E-3	2.640000E-9	879.000000E-12	4.996000E-9	2.508000E-6	0.000000E+0	0.000000E+0	0.000000E+0	160.840000E-6	-109.315000E+0	56.565000E+0
	21/10/2022 14:42:30	-59.509000E-3	2.640000E-9	879.000000E-12	4.996000E-9	2.511000E-6	0.000000E+0	0.000000E+0	0.000000E+0	167.490000E-6	-109.203000E+0	56.678000E+0
	21/10/2022 14:42:41	-59.855000E-3	2.640000E-9	873.000000E-12	4.996000E-9	2.511000E-6	0.000000E+0	0.000000E+0	0.000000E+0	176.130000E-6	-109.315000E+0	56.565000E+0
	21/10/2022 14:42:53	-59.238000E-3	2.640000E-9	881.000000E-12	4.996000E-9	2.511000E-6	0.000000E+0	0.000000E+0	0.000000E+0	197.080000E-6	-109.090000E+0	56.565000E+0
	21/10/2022 14:43:05	-59.435000E-3	2.640000E-9	876.000000E-12	4.996000E-9	2.511000E-6	0.000000E+0	0.000000E+0	0.000000E+0	199.560000E-6	-109.090000E+0	56.678000E+0
	21/10/2022 14:43:16	-59.262000E-3	2.640000E-9	876.000000E-12	4.996000E-9	2.511000E-6	0.000000E+0	0.000000E+0	0.000000E+0	168.980000E-6	-109.315000E+0	56.565000E+0
	21/10/2022 14:43:28	-59.435000E-3	2.650000E-9	868.000000E-12	4.996000E-9	2.511000E-6	0.000000E+0	0.000000E+0	0.000000E+0	203.010000E-6	-109.203000E+0	56.678000E+0
	21/10/2022 14:43:40	-59.113000E-3	2.650000E-9	877.000000E-12	4.996000E-9	2.708000E-6	0.000000E+0	0.000000E+0	0.000000E+0	201.520000E-6	-109.203000E+0	56.565000E+0
	21/10/2022 14:43:51	-59.140000E-3	2.650000E-9	880.000000E-12	4.996000E-9	2.928000E-6	0.000000E+0	0.000000E+0	0.000000E+0	172.170000E-6	-109.315000E+0	56.678000E+0
	21/10/2022 14:44:03	-58.940000E-3	2.660000E-9	878.000000E-12	4.996000E-9	2.728000E-6	0.000000E+0	0.000000E+0	0.000000E+0	203.730000E-6	-109.090000E+0	56.790000E+0
	21/10/2022 14:44:15	-54.774000E-3	2.650000E-9	867.000000E-12	4.996000E-9	2.638000E-6	0.000000E+0	0.000000E+0	0.000000E+0	178.840000E-6	-109.427000E+0	56.678000E+0
	21/10/2022 14:44:26	-59.706000E-3	2.650000E-9	869.000000E-12	4.996000E-9	2.591000E-6	0.000000E+0	0.000000E+0	0.000000E+0	173.900000E-6	-109.427000E+0	56.678000E+0
	21/10/2022 14:44:38	-59.313000E-3	2.640000E-9	883.000000E-12	4.996000E-9	2.560000E-6	0.000000E+0	0.000000E+0	0.000000E+0	179.830000E-6	-109.090000E+0	56.678000E+0
	21/10/2022 14:44:50	-59.140000E-3	2.650000E-9	878.000000E-12	4.996000E-9	2.551000E-6	0.000000E+0	0.000000E+0	0.000000E+0	203.730000E-6	-109.315000E+0	56.565000E+0
	21/10/2022 14:45:01	-59.706000E-3	2.650000E-9	874.000000E-12	4.996000E-9	2.542000E-6	0.000000E+0	0.000000E+0	0.000000E+0	174.400000E-6	-109.203000E+0	56.565000E+0
	21/10/2022 14:45:13	-59.411000E-3	2.650000E-9	877.000000E-12	4.996000E-9	2.542000E-6	0.000000E+0	0.000000E+0	0.000000E+0	166.510000E-6	-109.427000E+0	56.453000E+0
	21/10/2022 14:45:24	-58.743000E-3	2.660000E-9	886.000000E-12	4.996000E-9	2.538000E-6	0.000000E+0	0.000000E+0	0.000000E+0	183.760000E-6	-109.203000E+0	56.790000E+0
	21/10/2022 14:45:36	-58.794000E-3	2.650000E-9	880.000000E-12	4.996000E-9	2.538000E-6	0.000000E+0	0.000000E+0	0.000000E+0	160.840000E-6	-109.315000E+0	56.678000E+0
	21/10/2022 14:45:48	-59.211000E-3	2.670000E-9	886.000000E-12	4.996000E-9	2.538000E-6	0.000000E+0	0.000000E+0	0.000000E+0	182.030000E-6	-109.203000E+0	56.678000E+0
	21/10/2022 14:45:59	-59.336000E-3	2.660000E-9	878.000000E-12	4.996000E-9	2.538000E-6	0.000000E+0	0.000000E+0	0.000000E+0	166.030000E-6	-109.090000E+0	56.678000E+0
	21/10/2022 14:46:11	-59.286000E-3	2.660000E-9	877.000000E-12	4.996000E-9	2.538000E-6	0.000000E+0	0.000000E+0	0.000000E+0	164.780000E-6	-109.315000E+0	56.565000E+0
	21/10/2022 14:46:23	-59.608000E-3	2.660000E-9	879.000000E-12	4.996000E-9	2.542000E-6	0.000000E+0	0.000000E+0	0.000000E+0	159.110000E-6	-109.203000E+0	56.678000E+0
	21/10/2022 14:46:34	-59.435000E-3	2.660000E-9	880.000000E-12	4.996000E-9	2.542000E-6	0.000000E+0	0.000000E+0	0.000000E+0	181.790000E-6	-109.203000E+0	56.565000E+0
	21/10/2022 14:46:46	-59.360000E-3	2.660000E-9	881.000000E-12	4.996000E-9	2.542000E-6	0.000000E+0	0.000000E+0	0.000000E+0	178.340000E-6	-109.203000E+0	56.565000E+0
	21/10/2022 14:46:58	-58.892000E-3	2.660000E-9	882.000000E-12	4.996000E-9	2.542000E-6	0.000000E+0	0.000000E+0	0.000000E+0	167.010000E-6	-109.203000E+0	56.565000E+0
	21/10/2022 14:47:09	-58.571000E-3	2.660000E-9	885.000000E-12	4.996000E-9	2.542000E-6	0.000000E+0	0.000000E+0	0.000000E+0	204.470000E-6	-109.315000E+0	56.678000E+0
	21/10/2022 14:47:21	-59.533000E-3	2.660000E-9	887.000000E-12	4.996000E-9	2.542000E-6	0.000000E+0	0.000000E+0	0.000000E+0	183.520000E-6	-109.203000E+0	56.565000E+0
	21/10/2022 14:47:33	-59.238000E-3	2.660000E-9	887.000000E-12	4.996000E-9	2.545000E-6	0.000000E+0	0.000000E+0	0.000000E+0	168.230000E-6	-109.315000E+0	56.565000E+0
	21/10/2022 14:47:44	-59.065000E-3	2.670000E-9	882.000000E-12	4.996000E-9	2.545000E-6	0.000000E+0	0.000000E+0	0.000000E+0	173.180000E-6	-109.203000E+0	56.565000E+0
	21/10/2022 14:47:56	-59.608000E-3	2.660000E-9	882.000000E-12	4.996000E-9	2.548000E-6	0.000000E+0	0.000000E+0	0.000000E+0	161.830000E-6	-109.315000E+0	56.565000E+0
	21/10/2022 14:48:08	-59.706000E-3	2.660000E-9	886.000000E-12	4.996000E-9	2.551000E-6	0.000000E+0	0.000000E+0	0.000000E+0	191.420000E-6	-109.315000E+0	56.678000E+0
	21/10/2022 14:48:19	-59.089000E-3	2.660000E-9	883.000000E-12	4.996000E-9	2.554000E-6	0.000000E+0	0.000000E+0	0.000000E+0	180.570000E-6	-109.203000E+0	56.678000E+0
	21/10/2022 14:48:31	-59.828000E-3	2.660000E-9	880.000000E-12	4.996000E-9	2.554000E-6	0.000000E+0	0.000000E+0	0.000000E+0	176.610000E-6	-109.315000E+0	56.790000E+0
	21/10/2022 14:48:43	-59.164000E-3	2.670000E-9	879.000000E-12	4.996000E-9	2.554000E-6	0.000000E+0	0.000000E+0	0.000000E+0	194.880000E-6	-109.203000E+0	56.790000E+0
	21/10/2022 14:48:54	-59.113000E-3	2.670000E-9	876.000000E-12	4.996000E-9	2.554000E-6	0.000000E+0	0.000000E+0	0.000000E+0	187.720000E-6	-109.315000E+0	56.565000E+0
	21/10/2022 14:49:06	-59.313000E-3	2.670000E-9	882.000000E-12	4.996000E-9	2.554000E-6	0.000000E+0	0.000000E+0	0.000000E+0	193.860000E-6	-109.203000E+0	56.565000E+0
	21/10/2022 14:49:18	-59.730000E-3	2.670000E-9	887.000000E-12	4.996000E-9	2.554000E-6	0.000000E+0	0.000000E+0	0.000000E+0	164.540000E-6	-109.315000E+0	56.453000E+0
	21/10/2022 14:49:29	-59.509000E-3	2.690000E-9	890.000000E-12	4.996000E-9	2.557000E-6	0.000000E+0	0.000000E+0	0.000000E+0	189.930000E-6	-109.203000E+0	56.453000E+0
	21/10/2022 14:49:41	-59.211000E-3	2.670000E-9	875.000000E-12	4.996000E-9	2.557000E-6	0.000000E+0	0.000000E+0	0.000000E+0	186.470000E-6	-109.203000E+0	56.678000E+0
	21/10/2022 14:49:53	-59.262000E-3	2.670000E-9	883.000000E-12	4.996000E-9	2.560000E-6	0.000000E+0	0.000000E+0	0.000000E+0	198.810000E-6	-109.203000E+0	56.565000E+0
	21/10/2022 14:50:04	-59.089000E-3	2.670000E-9	890.000000E-12	4.996000E-9	2.557000E-6	0.000000E+0	0.000000E+0	0.000000E+0	161.590000E-6	-109.315000E+0	56.565000E+0
	21/10/2022 14:50:16	-58.818000E-3	2.680000E-9	886.000000E-12	4.996000E-9	2.560000E-6	0.000000E+0	0.000000E+0	0.000000E+0	201.760000E-6	-109.203000E+0	56.678000E+0
	21/10/2022 14:50:28	-59.140000E-3	2.680000E-9	888.000000E-12	4.996000E-9	2.560000E-6	0.000000E+0	0.000000E+0	0.000000E+0	202.000000E-6	-109.315000E+0	56.565000E+0
	21/10/2022 14:50:39	-59.384000E-3	2.680000E-9	889.000000E-12	4.996000E-9	2.560000E-6	0.000000E+0	0.000000E+0	0.000000E+0	202.510000E-6	-109.315000E+0	56.565000E+0
	21/10/2022 14:50:51	-58.991000E-3	2.680000E-9	890.000000E-12	4.996000E-9	2.560000E-6	0.000000E+0	0.000000E+0	0.000000E+0	202.510000E-6	-109.203000E+0	56.565000E+0
	21/10/2022 14:51:03	-58.991000E-3	2.680000E-9	888.000000E-12	4.996000E-9	2.563000E-6	0.000000E+0	0.000000E+0	0.000000E+0	203.010000E-6	-109.090000E+0	56.565000E+0
	21/10/2022 14:51:15	-59.557000E-3	2.680000E-9	889.000000E-12	4.996000E-9	2.563000E-6	0.000000E+0	0.000000E+0	0.000000E+0	203.490000E-6	-109.315000E+0	56.678000E+0
	21/10/2022 14:51:26	-59.041000E-3	2.680000E-9	888.000000E-12	4.996000E-9	2.563000E-6	0.000000E+0	0.000000E+0	0.000000E+0	194.130000E-6	-109.203000E+0	56.790000E+0
	21/10/2022 14:51:38	-59.730000E-3	2.670000E-9	889.000000E-12	4.996000E-9	2.563000E-6	0.000000E+0	0.000000E+0	0.000000E+0	203.250000E-6	-109.315000E+0	56.565000E+0
	21/10/2022 14:51:49	-58.571000E-3	2.680000E-9	888.000000E-12	4.996000E-9	2.563000E-6	0.000000E+0	0.000000E+0	0.000000E+0	185.490000E-6	-109.203000E+0	56.565000E+0
	21/10/2022 14:52:01	-58.940000E-3	2.670000E-9	888.000000E-12	4.996000E-9	2.563000E-6	0.000000E+0	0.000000E+0	0.000000E+0	198.570000E-6	-109.203000E+0	56.678000E+0
	21/10/2022 14:52:13	-59.336000E-3	2.670000E-9	889.000000E-12	4.996000E-9	2.638000E-6	0.000000E+0	0.000000E+0	0.000000E+0	203.250000E-6	-109.090000E+0	56.678000E+0
	21/10/2022 14:52:24	-59.459000E-3	2.680000E-9	887.000000E-12	4.996000E-9	2.606000E-6	0.000000E+0	0.000000E+0	0.000000E+0	204.980000E-6	-109.203000E+0	56.678000E+0
	21/10/2022 14:52:36	-59.286000E-3	2.680000E-9	888.000000E-12	4.996000E-9	2.591000E-6	0.000000E+0	0.000000E+0	0.000000E+0	203.730000E-6	-109.090000E+0	56.565000E+0
	21/10/2022 14:52:48	-59.336000E-3	2.680000E-9	883.000000E-12	4.996000E-9	2.587000E-6	0.000000E+0	0.000000E+0	0.000000E+0	203.250000E-6	-109.090000E+0	56.565000E+0
	21/10/2022 14:52:59	-59.482000E-3	2.680000E-9	881.000000E-12	4.996000E-9	2.584000E-6	0.000000E+0	0.000000E+0	0.000000E+0	204.240000E-6	-109.315000E+0	56.341000E+0
	21/10/2022 14:53:11	-59.509000E-3	2.690000E-9	893.000000E-12	4.996000E-9	2.581000E-6	0.000000E+0	0.000000E+0	0.000000E+0	203.490000E-6	-109.203000E+0	56.565000E+0
	21/10/2022 14:53:23	-59.113000E-3	2.670000E-9	892.000000E-12	4.996000E-9	2.581000E-6	0.000000E+0	0.000000E+0	0.000000E+0	188.950000E-6	-109.203000E+0	56.678000E+0
	21/10/2022 14:53:34	-59.336000E-3	2.680000E-9	889.000000E-12	4.996000E-9	2.581000E-6	0.000000E+0	0.000000E+0	0.000000E+0	201.760000E-6	-109.315000E+0	56.565000E+0
	21/10/2022 14:53:46	-58.869000E-3	2.670000E-9	887.000000E-12	4.996000E-9	2.581000E-6	0.000000E+0	0.000000E+0	0.000000E+0	199.560000E-6	-109.315000E+0	56.565000E+0
	21/10/2022 14:53:58	-59.313000E-3	2.680000E-9	885.000000E-12	4.996000E-9	2.581000E-6	0.000000E+0	0.000000E+0	0.000000E+0	173.420000E-6	-109.427000E+0	56.678000E+0
	21/10/2022 14:54:09	-59.187000E-3	2.670000E-9	882.000000E-12	4.996000E-9	2.584000E-6	0.000000E+0	0.000000E+0	0.000000E+0	193.150000E-6	-109.315000E+0	56.565000E+0
	21/10/2022 14:54:21	-59.533000E-3	2.680000E-9	881.000000E-12	4.996000E-9	2.584000E-6	0.000000E+0	0.000000E+0	0.000000E+0	201.020000E-6	-109.203000E+0	56.565000E+0
	21/10/2022 14:54:33	-59.482000E-3	2.680000E-9	889.000000E-12	4.996000E-9	2.584000E-6	0.000000E+0	0.000000E+0	0.000000E+0	204.000000E-6	-109.203000E+0	56.678000E+0
	21/10/2022 14:54:44	-59.262000E-3	2.680000E-9	892.000000E-12	4.996000E-9	2.581000E-6	0.000000E+0	0.000000E+0	0.000000E+0	203.730000E-6	-109.090000E+0	56.678000E+0
	21/10/2022 14:54:56	-59.459000E-3	2.690000E-9	898.000000E-12	4.996000E-9	2.581000E-6	0.000000E+0	0.000000E+0	0.000000E+0	205.220000E-6	-109.090000E+0	56.565000E+0
	21/10/2022 14:55:08	-59.041000E-3	2.680000E-9	890.000000E-12	4.996000E-9	2.581000E-6	0.000000E+0	0.000000E+0	0.000000E+0	201.520000E-6	-109.203000E+0	56.678000E+0
	21/10/2022 14:55:19	-59.608000E-3	2.680000E-9	884.000000E-12	4.996000E-9	2.581000E-6	0.000000E+0	0.000000E+0	0.000000E+0	204.240000E-6	-109.090000E+0	56.678000E+0
	21/10/2022 14:55:31	-59.482000E-3	2.680000E-9	880.000000E-12	4.996000E-9	2.581000E-6	0.000000E+0	0.000000E+0	0.000000E+0	205.460000E-6	-109.315000E+0	56.565000E+0
	21/10/2022 14:55:43	-59.411000E-3	2.670000E-9	879.000000E-12	4.996000E-9	2.581000E-6	0.000000E+0	0.000000E+0	0.000000E+0	201.020000E-6	-109.427000E+0	56.678000E+0
	21/10/2022 14:55:54	-59.065000E-3	2.680000E-9	882.000000E-12	4.996000E-9	2.578000E-6	0.000000E+0	0.000000E+0	0.000000E+0	204.240000E-6	-109.203000E+0	56.678000E+0
	21/10/2022 14:56:06	-59.435000E-3	2.680000E-9	883.000000E-12	4.996000E-9	2.578000E-6	0.000000E+0	0.000000E+0	0.000000E+0	194.610000E-6	-109.203000E+0	56.565000E+0
	21/10/2022 14:56:18	-58.597000E-3	2.680000E-9	885.000000E-12	4.996000E-9	2.572000E-6	0.000000E+0	0.000000E+0	0.000000E+0	223.960000E-6	-109.203000E+0	56.565000E+0
	21/10/2022 14:56:29	-59.140000E-3	2.680000E-9	892.000000E-12	4.996000E-9	2.572000E-6	0.000000E+0	0.000000E+0	0.000000E+0	204.000000E-6	-109.315000E+0	56.678000E+0
	21/10/2022 14:56:41	-59.360000E-3	2.680000E-9	889.000000E-12	4.996000E-9	2.569000E-6	0.000000E+0	0.000000E+0	0.000000E+0	201.760000E-6	-109.315000E+0	56.453000E+0
	21/10/2022 14:56:52	-59.089000E-3	2.680000E-9	885.000000E-12	4.996000E-9	2.569000E-6	0.000000E+0	0.000000E+0	0.000000E+0	201.280000E-6	-109.090000E+0	56.678000E+0
	21/10/2022 14:57:04	-58.967000E-3	2.670000E-9	880.000000E-12	4.996000E-9	2.569000E-6	0.000000E+0	0.000000E+0	0.000000E+0	203.490000E-6	-109.203000E+0	56.790000E+0
	21/10/2022 14:57:16	-59.584000E-3	2.670000E-9	885.000000E-12	4.996000E-9	2.566000E-6	0.000000E+0	0.000000E+0	0.000000E+0	181.050000E-6	-109.315000E+0	56.453000E+0
	21/10/2022 14:57:27	-58.720000E-3	2.670000E-9	892.000000E-12	4.996000E-9	2.566000E-6	0.000000E+0	0.000000E+0	0.000000E+0	202.510000E-6	-109.203000E+0	56.565000E+0
	21/10/2022 14:57:39	-58.794000E-3	2.670000E-9	888.000000E-12	4.996000E-9	2.566000E-6	0.000000E+0	0.000000E+0	0.000000E+0	205.220000E-6	-109.427000E+0	56.565000E+0
	21/10/2022 14:57:51	-59.113000E-3	2.680000E-9	887.000000E-12	4.996000E-9	2.566000E-6	0.000000E+0	0.000000E+0	0.000000E+0	201.280000E-6	-109.090000E+0	56.565000E+0
	21/10/2022 14:58:03	-59.411000E-3	2.670000E-9	884.000000E-12	4.996000E-9	2.563000E-6	0.000000E+0	0.000000E+0	0.000000E+0	200.540000E-6	-109.315000E+0	56.678000E+0
	21/10/2022 14:58:14	-59.041000E-3	2.680000E-9	889.000000E-12	4.996000E-9	2.563000E-6	0.000000E+0	0.000000E+0	0.000000E+0	206.440000E-6	-109.315000E+0	56.565000E+0
	21/10/2022 14:58:26	-59.065000E-3	2.680000E-9	884.000000E-12	4.996000E-9	2.563000E-6	0.000000E+0	0.000000E+0	0.000000E+0	217.800000E-6	-109.203000E+0	56.565000E+0
	21/10/2022 14:58:38	-58.523000E-3	2.690000E-9	895.000000E-12	4.996000E-9	2.563000E-6	0.000000E+0	0.000000E+0	0.000000E+0	203.010000E-6	-109.203000E+0	56.565000E+0
	21/10/2022 14:58:49	-58.892000E-3	2.670000E-9	886.000000E-12	4.996000E-9	2.560000E-6	0.000000E+0	0.000000E+0	0.000000E+0	166.510000E-6	-109.203000E+0	56.453000E+0
	21/10/2022 14:59:01	-58.818000E-3	2.670000E-9	880.000000E-12	4.996000E-9	2.560000E-6	0.000000E+0	0.000000E+0	0.000000E+0	174.160000E-6	-109.203000E+0	56.678000E+0
	21/10/2022 14:59:13	-59.509000E-3	2.670000E-9	889.000000E-12	4.996000E-9	2.560000E-6	0.000000E+0	0.000000E+0	0.000000E+0	208.910000E-6	-109.203000E+0	56.565000E+0
	21/10/2022 14:59:24	-59.041000E-3	2.670000E-9	884.000000E-12	4.996000E-9	2.557000E-6	0.000000E+0	0.000000E+0	0.000000E+0	207.190000E-6	-109.315000E+0	56.678000E+0
	21/10/2022 14:59:36	-58.696000E-3	2.670000E-9	882.000000E-12	4.996000E-9	2.557000E-6	0.000000E+0	0.000000E+0	0.000000E+0	202.000000E-6	-109.539000E+0	56.565000E+0
	21/10/2022 14:59:48	-59.286000E-3	2.680000E-9	891.000000E-12	4.996000E-9	2.557000E-6	0.000000E+0	0.000000E+0	0.000000E+0	203.010000E-6	-109.090000E+0	56.565000E+0
	21/10/2022 14:59:59	-59.754000E-3	2.680000E-9	885.000000E-12	4.996000E-9	2.557000E-6	0.000000E+0	0.000000E+0	0.000000E+0	204.000000E-6	-109.203000E+0	56.678000E+0
	21/10/2022 15:00:11	-58.991000E-3	2.670000E-9	884.000000E-12	4.996000E-9	2.557000E-6	0.000000E+0	0.000000E+0	0.000000E+0	205.730000E-6	-109.315000E+0	56.790000E+0
	21/10/2022 15:00:23	-59.041000E-3	2.680000E-9	893.000000E-12	4.996000E-9	2.557000E-6	0.000000E+0	0.000000E+0	0.000000E+0	188.440000E-6	-109.315000E+0	56.790000E+0
	21/10/2022 15:00:34	-55.811000E-3	2.670000E-9	884.000000E-12	4.996000E-9	2.554000E-6	0.000000E+0	0.000000E+0	0.000000E+0	205.960000E-6	-109.315000E+0	56.565000E+0
	21/10/2022 15:00:46	-59.164000E-3	2.670000E-9	888.000000E-12	4.996000E-9	2.554000E-6	0.000000E+0	0.000000E+0	0.000000E+0	205.960000E-6	-109.315000E+0	56.678000E+0
	21/10/2022 15:00:58	-58.869000E-3	2.670000E-9	886.000000E-12	4.996000E-9	2.554000E-6	0.000000E+0	0.000000E+0	0.000000E+0	207.190000E-6	-109.203000E+0	56.678000E+0
	21/10/2022 15:01:09	-59.238000E-3	2.670000E-9	878.000000E-12	4.996000E-9	2.554000E-6	0.000000E+0	0.000000E+0	0.000000E+0	187.460000E-6	-109.203000E+0	56.678000E+0
	21/10/2022 15:01:21	-59.089000E-3	2.670000E-9	891.000000E-12	4.996000E-9	2.554000E-6	0.000000E+0	0.000000E+0	0.000000E+0	202.000000E-6	-109.203000E+0	56.453000E+0
	21/10/2022 15:01:33	-59.238000E-3	2.670000E-9	887.000000E-12	4.996000E-9	2.554000E-6	0.000000E+0	0.000000E+0	0.000000E+0	190.170000E-6	-109.427000E+0	56.678000E+0
	21/10/2022 15:01:44	-59.211000E-3	2.680000E-9	880.000000E-12	4.996000E-9	2.551000E-6	0.000000E+0	0.000000E+0	0.000000E+0	175.150000E-6	-109.315000E+0	56.453000E+0
	21/10/2022 15:01:56	-59.015000E-3	2.680000E-9	890.000000E-12	4.996000E-9	2.551000E-6	0.000000E+0	0.000000E+0	0.000000E+0	200.030000E-6	-109.090000E+0	56.565000E+0
	21/10/2022 15:02:08	-58.794000E-3	2.670000E-9	887.000000E-12	4.996000E-9	2.551000E-6	0.000000E+0	0.000000E+0	0.000000E+0	173.420000E-6	-109.203000E+0	56.790000E+0
	21/10/2022 15:02:19	-59.584000E-3	2.670000E-9	882.000000E-12	4.996000E-9	2.545000E-6	0.000000E+0	0.000000E+0	0.000000E+0	201.020000E-6	-109.315000E+0	56.678000E+0
	21/10/2022 15:02:31	-58.869000E-3	2.670000E-9	877.000000E-12	4.996000E-9	2.542000E-6	0.000000E+0	0.000000E+0	0.000000E+0	200.030000E-6	-109.203000E+0	56.565000E+0
	21/10/2022 15:02:42	-59.557000E-3	2.670000E-9	882.000000E-12	4.996000E-9	2.542000E-6	0.000000E+0	0.000000E+0	0.000000E+0	180.810000E-6	-109.427000E+0	56.565000E+0
	21/10/2022 15:02:54	-59.411000E-3	2.670000E-9	882.000000E-12	4.996000E-9	2.542000E-6	0.000000E+0	0.000000E+0	0.000000E+0	203.730000E-6	-109.090000E+0	56.678000E+0
	21/10/2022 15:03:06	-58.696000E-3	2.670000E-9	877.000000E-12	4.996000E-9	2.542000E-6	0.000000E+0	0.000000E+0	0.000000E+0	202.270000E-6	-109.315000E+0	56.678000E+0
	21/10/2022 15:03:17	-59.015000E-3	2.670000E-9	877.000000E-12	4.996000E-9	2.542000E-6	0.000000E+0	0.000000E+0	0.000000E+0	204.980000E-6	-109.090000E+0	56.678000E+0
	21/10/2022 15:03:29	-59.113000E-3	2.670000E-9	876.000000E-12	4.996000E-9	2.542000E-6	0.000000E+0	0.000000E+0	0.000000E+0	202.750000E-6	-109.315000E+0	56.565000E+0
	21/10/2022 15:03:41	-59.754000E-3	2.670000E-9	879.000000E-12	4.996000E-9	2.542000E-6	0.000000E+0	0.000000E+0	0.000000E+0	190.680000E-6	-109.203000E+0	56.678000E+0
	21/10/2022 15:03:52	-58.916000E-3	2.670000E-9	878.000000E-12	4.996000E-9	2.542000E-6	0.000000E+0	0.000000E+0	0.000000E+0	202.750000E-6	-109.203000E+0	56.565000E+0
	21/10/2022 15:04:04	-59.435000E-3	2.670000E-9	884.000000E-12	4.996000E-9	2.538000E-6	0.000000E+0	0.000000E+0	0.000000E+0	201.020000E-6	-109.090000E+0	56.678000E+0
	21/10/2022 15:04:16	-59.411000E-3	2.670000E-9	890.000000E-12	4.996000E-9	2.542000E-6	0.000000E+0	0.000000E+0	0.000000E+0	214.100000E-6	-109.315000E+0	56.678000E+0
	21/10/2022 15:04:27	-59.262000E-3	2.670000E-9	890.000000E-12	4.996000E-9	2.538000E-6	0.000000E+0	0.000000E+0	0.000000E+0	205.460000E-6	-109.090000E+0	56.453000E+0
	21/10/2022 15:04:39	-59.682000E-3	2.670000E-9	888.000000E-12	4.996000E-9	2.538000E-6	0.000000E+0	0.000000E+0	0.000000E+0	202.000000E-6	-109.203000E+0	56.678000E+0
	21/10/2022 15:04:51	-59.089000E-3	2.670000E-9	885.000000E-12	4.996000E-9	2.538000E-6	0.000000E+0	0.000000E+0	0.000000E+0	207.420000E-6	-109.203000E+0	56.565000E+0
	21/10/2022 15:05:02	-58.818000E-3	2.660000E-9	883.000000E-12	4.996000E-9	2.538000E-6	0.000000E+0	0.000000E+0	0.000000E+0	223.730000E-6	-109.315000E+0	56.565000E+0
	21/10/2022 15:05:14	-59.187000E-3	2.670000E-9	880.000000E-12	4.996000E-9	2.538000E-6	0.000000E+0	0.000000E+0	0.000000E+0	201.520000E-6	-109.203000E+0	56.678000E+0
	21/10/2022 15:05:26	-59.262000E-3	2.670000E-9	876.000000E-12	4.996000E-9	2.538000E-6	0.000000E+0	0.000000E+0	0.000000E+0	203.250000E-6	-109.203000E+0	56.790000E+0
	21/10/2022 15:05:37	-59.113000E-3	2.670000E-9	885.000000E-12	4.996000E-9	2.535000E-6	0.000000E+0	0.000000E+0	0.000000E+0	205.960000E-6	-109.315000E+0	56.565000E+0
	21/10/2022 15:05:49	-59.655000E-3	2.670000E-9	892.000000E-12	4.996000E-9	2.538000E-6	0.000000E+0	0.000000E+0	0.000000E+0	205.730000E-6	-109.203000E+0	56.790000E+0
	21/10/2022 15:06:01	-59.140000E-3	2.670000E-9	889.000000E-12	4.996000E-9	2.538000E-6	0.000000E+0	0.000000E+0	0.000000E+0	203.730000E-6	-109.203000E+0	56.565000E+0
	21/10/2022 15:06:12	-59.557000E-3	2.670000E-9	886.000000E-12	4.996000E-9	2.535000E-6	0.000000E+0	0.000000E+0	0.000000E+0	206.710000E-6	-109.203000E+0	56.678000E+0
	21/10/2022 15:06:24	-58.547000E-3	2.670000E-9	884.000000E-12	4.996000E-9	2.538000E-6	0.000000E+0	0.000000E+0	0.000000E+0	198.070000E-6	-109.203000E+0	56.565000E+0
	21/10/2022 15:06:36	-59.211000E-3	2.670000E-9	882.000000E-12	4.996000E-9	2.535000E-6	0.000000E+0	0.000000E+0	0.000000E+0	212.850000E-6	-109.203000E+0	56.565000E+0
	21/10/2022 15:06:47	-59.360000E-3	2.670000E-9	877.000000E-12	4.996000E-9	2.535000E-6	0.000000E+0	0.000000E+0	0.000000E+0	199.560000E-6	-109.315000E+0	56.565000E+0
	21/10/2022 15:06:59	-58.842000E-3	2.670000E-9	886.000000E-12	4.996000E-9	2.535000E-6	0.000000E+0	0.000000E+0	0.000000E+0	207.420000E-6	-109.315000E+0	56.453000E+0
	21/10/2022 15:07:11	-55.465000E-3	2.670000E-9	891.000000E-12	4.996000E-9	2.535000E-6	0.000000E+0	0.000000E+0	0.000000E+0	199.790000E-6	-109.315000E+0	56.678000E+0
	21/10/2022 15:07:22	-58.991000E-3	2.670000E-9	891.000000E-12	4.996000E-9	2.535000E-6	0.000000E+0	0.000000E+0	0.000000E+0	163.560000E-6	-109.203000E+0	56.678000E+0
	21/10/2022 15:07:34	-59.065000E-3	2.660000E-9	890.000000E-12	4.996000E-9	2.535000E-6	0.000000E+0	0.000000E+0	0.000000E+0	204.240000E-6	-109.090000E+0	56.678000E+0
	21/10/2022 15:07:46	-58.794000E-3	2.670000E-9	885.000000E-12	4.996000E-9	2.535000E-6	0.000000E+0	0.000000E+0	0.000000E+0	176.370000E-6	-109.203000E+0	56.678000E+0
	21/10/2022 15:07:57	-58.597000E-3	2.670000E-9	879.000000E-12	4.996000E-9	2.535000E-6	0.000000E+0	0.000000E+0	0.000000E+0	199.790000E-6	-109.315000E+0	56.565000E+0
	21/10/2022 15:08:09	-59.286000E-3	2.670000E-9	883.000000E-12	4.996000E-9	2.535000E-6	0.000000E+0	0.000000E+0	0.000000E+0	205.960000E-6	-109.090000E+0	56.565000E+0
	21/10/2022 15:08:21	-59.435000E-3	2.670000E-9	892.000000E-12	4.996000E-9	2.535000E-6	0.000000E+0	0.000000E+0	0.000000E+0	208.680000E-6	-109.203000E+0	56.678000E+0
	21/10/2022 15:08:32	-59.164000E-3	2.670000E-9	887.000000E-12	4.996000E-9	2.535000E-6	0.000000E+0	0.000000E+0	0.000000E+0	205.460000E-6	-109.203000E+0	56.790000E+0
	21/10/2022 15:08:44	-59.262000E-3	2.670000E-9	884.000000E-12	4.996000E-9	2.535000E-6	0.000000E+0	0.000000E+0	0.000000E+0	204.470000E-6	-109.090000E+0	56.790000E+0
	21/10/2022 15:08:56	-58.523000E-3	2.670000E-9	878.000000E-12	4.996000E-9	2.535000E-6	0.000000E+0	0.000000E+0	0.000000E+0	202.510000E-6	-109.427000E+0	56.790000E+0
	21/10/2022 15:09:07	-59.313000E-3	2.670000E-9	878.000000E-12	4.996000E-9	2.535000E-6	0.000000E+0	0.000000E+0	0.000000E+0	198.300000E-6	-109.090000E+0	56.565000E+0
	21/10/2022 15:09:19	-59.211000E-3	2.670000E-9	877.000000E-12	4.996000E-9	2.535000E-6	0.000000E+0	0.000000E+0	0.000000E+0	206.200000E-6	-109.427000E+0	56.565000E+0
	21/10/2022 15:09:31	-59.459000E-3	2.670000E-9	879.000000E-12	4.996000E-9	2.535000E-6	0.000000E+0	0.000000E+0	0.000000E+0	204.000000E-6	-108.978000E+0	56.565000E+0
	21/10/2022 15:09:42	-59.113000E-3	2.670000E-9	889.000000E-12	4.996000E-9	2.535000E-6	0.000000E+0	0.000000E+0	0.000000E+0	219.760000E-6	-109.203000E+0	56.565000E+0
	21/10/2022 15:09:54	-58.940000E-3	2.670000E-9	891.000000E-12	4.996000E-9	2.535000E-6	0.000000E+0	0.000000E+0	0.000000E+0	207.190000E-6	-109.203000E+0	56.678000E+0
	21/10/2022 15:10:06	-59.557000E-3	2.670000E-9	892.000000E-12	4.996000E-9	2.532000E-6	0.000000E+0	0.000000E+0	0.000000E+0	211.630000E-6	-109.315000E+0	56.678000E+0
	21/10/2022 15:10:17	-59.509000E-3	2.670000E-9	891.000000E-12	4.996000E-9	2.514000E-6	0.000000E+0	0.000000E+0	0.000000E+0	204.710000E-6	-109.203000E+0	56.453000E+0
	21/10/2022 15:10:29	-58.967000E-3	2.670000E-9	892.000000E-12	4.996000E-9	2.523000E-6	0.000000E+0	0.000000E+0	0.000000E+0	186.470000E-6	-109.315000E+0	56.565000E+0
	21/10/2022 15:10:41	-59.065000E-3	2.670000E-9	891.000000E-12	4.996000E-9	2.514000E-6	0.000000E+0	0.000000E+0	0.000000E+0	201.020000E-6	-109.203000E+0	56.678000E+0
	21/10/2022 15:10:52	-58.916000E-3	2.670000E-9	889.000000E-12	4.996000E-9	2.520000E-6	0.000000E+0	0.000000E+0	0.000000E+0	208.910000E-6	-109.315000E+0	56.678000E+0
	21/10/2022 15:11:04	-59.140000E-3	2.670000E-9	881.000000E-12	4.996000E-9	2.514000E-6	0.000000E+0	0.000000E+0	0.000000E+0	163.050000E-6	-109.090000E+0	56.678000E+0
	21/10/2022 15:11:16	-59.187000E-3	2.670000E-9	877.000000E-12	4.996000E-9	2.517000E-6	0.000000E+0	0.000000E+0	0.000000E+0	204.240000E-6	-109.315000E+0	56.790000E+0
	21/10/2022 15:11:27	-58.720000E-3	2.670000E-9	880.000000E-12	4.996000E-9	2.514000E-6	0.000000E+0	0.000000E+0	0.000000E+0	200.030000E-6	-109.203000E+0	56.678000E+0
	21/10/2022 15:11:39	-59.730000E-3	2.670000E-9	886.000000E-12	4.996000E-9	2.514000E-6	0.000000E+0	0.000000E+0	0.000000E+0	167.010000E-6	-109.315000E+0	56.678000E+0
	21/10/2022 15:11:51	-58.424000E-3	2.670000E-9	887.000000E-12	4.996000E-9	2.514000E-6	0.000000E+0	0.000000E+0	0.000000E+0	176.130000E-6	-109.203000E+0	56.678000E+0
	21/10/2022 15:12:02	-59.336000E-3	2.670000E-9	883.000000E-12	4.996000E-9	2.514000E-6	0.000000E+0	0.000000E+0	0.000000E+0	206.950000E-6	-109.203000E+0	56.790000E+0
	21/10/2022 15:12:14	-58.743000E-3	2.670000E-9	879.000000E-12	4.996000E-9	2.514000E-6	0.000000E+0	0.000000E+0	0.000000E+0	190.170000E-6	-109.203000E+0	56.678000E+0
	21/10/2022 15:12:26	-59.140000E-3	2.670000E-9	880.000000E-12	4.996000E-9	2.514000E-6	0.000000E+0	0.000000E+0	0.000000E+0	165.050000E-6	-109.203000E+0	56.565000E+0
	21/10/2022 15:12:37	-59.113000E-3	2.670000E-9	887.000000E-12	4.996000E-9	2.939000E-6	0.000000E+0	0.000000E+0	0.000000E+0	194.880000E-6	-109.315000E+0	56.565000E+0
	21/10/2022 15:12:49	-59.113000E-3	2.670000E-9	880.000000E-12	4.996000E-9	2.738000E-6	0.000000E+0	0.000000E+0	0.000000E+0	195.590000E-6	-109.315000E+0	56.678000E+0
	21/10/2022 15:13:01	-59.384000E-3	2.660000E-9	878.000000E-12	4.996000E-9	2.657000E-6	0.000000E+0	0.000000E+0	0.000000E+0	168.230000E-6	-109.203000E+0	56.565000E+0
	21/10/2022 15:13:12	-59.015000E-3	2.670000E-9	881.000000E-12	4.996000E-9	2.609000E-6	0.000000E+0	0.000000E+0	0.000000E+0	193.860000E-6	-109.203000E+0	56.678000E+0
	21/10/2022 15:13:24	-58.991000E-3	2.670000E-9	890.000000E-12	4.996000E-9	2.591000E-6	0.000000E+0	0.000000E+0	0.000000E+0	181.050000E-6	-109.090000E+0	56.678000E+0
	21/10/2022 15:13:35	-59.113000E-3	2.670000E-9	891.000000E-12	4.996000E-9	2.584000E-6	0.000000E+0	0.000000E+0	0.000000E+0	186.000000E-6	-109.203000E+0	56.678000E+0
	21/10/2022 15:13:47	-59.065000E-3	2.670000E-9	888.000000E-12	4.996000E-9	2.578000E-6	0.000000E+0	0.000000E+0	0.000000E+0	182.030000E-6	-109.090000E+0	56.565000E+0
	21/10/2022 15:13:59	-58.770000E-3	2.670000E-9	885.000000E-12	4.996000E-9	2.578000E-6	0.000000E+0	0.000000E+0	0.000000E+0	167.250000E-6	-109.203000E+0	56.790000E+0
	21/10/2022 15:14:10	-59.164000E-3	2.660000E-9	878.000000E-12	4.996000E-9	2.575000E-6	0.000000E+0	0.000000E+0	0.000000E+0	169.460000E-6	-109.203000E+0	56.565000E+0
	21/10/2022 15:14:22	-58.448000E-3	2.670000E-9	889.000000E-12	4.996000E-9	2.575000E-6	0.000000E+0	0.000000E+0	0.000000E+0	167.760000E-6	-109.203000E+0	56.565000E+0
	21/10/2022 15:14:34	-57.855000E-3	2.670000E-9	889.000000E-12	4.996000E-9	2.569000E-6	0.000000E+0	0.000000E+0	0.000000E+0	200.540000E-6	-109.315000E+0	56.678000E+0
	21/10/2022 15:14:45	-59.164000E-3	2.670000E-9	887.000000E-12	4.996000E-9	2.569000E-6	0.000000E+0	0.000000E+0	0.000000E+0	184.510000E-6	-109.427000E+0	56.678000E+0
	21/10/2022 15:14:57	-58.794000E-3	2.660000E-9	885.000000E-12	4.996000E-9	2.566000E-6	0.000000E+0	0.000000E+0	0.000000E+0	194.130000E-6	-109.203000E+0	56.678000E+0
	21/10/2022 15:15:09	-58.743000E-3	2.660000E-9	884.000000E-12	4.996000E-9	2.566000E-6	0.000000E+0	0.000000E+0	0.000000E+0	195.350000E-6	-109.315000E+0	56.678000E+0
	21/10/2022 15:15:20	-59.211000E-3	2.670000E-9	877.000000E-12	4.996000E-9	2.563000E-6	0.000000E+0	0.000000E+0	0.000000E+0	172.910000E-6	-109.315000E+0	56.678000E+0
	21/10/2022 15:15:32	-58.869000E-3	2.660000E-9	877.000000E-12	4.996000E-9	2.563000E-6	0.000000E+0	0.000000E+0	0.000000E+0	166.740000E-6	-109.427000E+0	56.678000E+0
	21/10/2022 15:15:44	-59.065000E-3	2.670000E-9	880.000000E-12	4.996000E-9	2.563000E-6	0.000000E+0	0.000000E+0	0.000000E+0	196.340000E-6	-109.203000E+0	56.678000E+0
	21/10/2022 15:15:55	-59.065000E-3	2.670000E-9	878.000000E-12	4.996000E-9	2.563000E-6	0.000000E+0	0.000000E+0	0.000000E+0	200.780000E-6	-109.315000E+0	56.565000E+0
	21/10/2022 15:16:07	-59.015000E-3	2.670000E-9	879.000000E-12	4.996000E-9	2.563000E-6	0.000000E+0	0.000000E+0	0.000000E+0	201.760000E-6	-109.315000E+0	56.565000E+0
	21/10/2022 15:16:19	-59.113000E-3	2.660000E-9	881.000000E-12	4.996000E-9	2.563000E-6	0.000000E+0	0.000000E+0	0.000000E+0	204.980000E-6	-109.203000E+0	56.565000E+0
	21/10/2022 15:16:30	-58.842000E-3	2.670000E-9	884.000000E-12	4.996000E-9	2.584000E-6	0.000000E+0	0.000000E+0	0.000000E+0	199.290000E-6	-109.203000E+0	56.565000E+0
	21/10/2022 15:16:42	-58.696000E-3	2.660000E-9	885.000000E-12	4.996000E-9	2.575000E-6	0.000000E+0	0.000000E+0	0.000000E+0	167.250000E-6	-109.090000E+0	56.453000E+0
	21/10/2022 15:16:54	-59.211000E-3	2.660000E-9	884.000000E-12	4.996000E-9	2.569000E-6	0.000000E+0	0.000000E+0	0.000000E+0	178.100000E-6	-109.203000E+0	56.565000E+0
	21/10/2022 15:17:05	-58.275000E-3	2.660000E-9	885.000000E-12	4.996000E-9	2.566000E-6	0.000000E+0	0.000000E+0	0.000000E+0	198.810000E-6	-109.315000E+0	56.678000E+0
	21/10/2022 15:17:17	-59.113000E-3	2.660000E-9	886.000000E-12	4.996000E-9	2.563000E-6	0.000000E+0	0.000000E+0	0.000000E+0	201.760000E-6	-109.203000E+0	56.341000E+0
	21/10/2022 15:17:28	-58.499000E-3	2.660000E-9	887.000000E-12	4.996000E-9	2.563000E-6	0.000000E+0	0.000000E+0	0.000000E+0	198.300000E-6	-109.315000E+0	56.565000E+0
	21/10/2022 15:17:40	-59.140000E-3	2.660000E-9	890.000000E-12	4.996000E-9	2.560000E-6	0.000000E+0	0.000000E+0	0.000000E+0	204.470000E-6	-109.203000E+0	56.565000E+0
	21/10/2022 15:17:52	-58.991000E-3	2.660000E-9	886.000000E-12	4.996000E-9	2.551000E-6	0.000000E+0	0.000000E+0	0.000000E+0	185.250000E-6	-109.203000E+0	56.678000E+0
	21/10/2022 15:18:04	-59.164000E-3	2.660000E-9	886.000000E-12	4.996000E-9	2.542000E-6	0.000000E+0	0.000000E+0	0.000000E+0	176.130000E-6	-109.090000E+0	56.678000E+0
	21/10/2022 15:18:15	-59.336000E-3	2.660000E-9	890.000000E-12	4.996000E-9	2.542000E-6	0.000000E+0	0.000000E+0	0.000000E+0	203.010000E-6	-109.315000E+0	56.565000E+0
	21/10/2022 15:18:27	-59.015000E-3	2.660000E-9	889.000000E-12	4.996000E-9	2.538000E-6	0.000000E+0	0.000000E+0	0.000000E+0	171.450000E-6	-109.315000E+0	56.678000E+0
	21/10/2022 15:18:39	-59.262000E-3	2.660000E-9	877.000000E-12	4.996000E-9	2.538000E-6	0.000000E+0	0.000000E+0	0.000000E+0	166.270000E-6	-109.315000E+0	56.565000E+0
	21/10/2022 15:18:50	-59.089000E-3	2.660000E-9	874.000000E-12	4.996000E-9	2.538000E-6	0.000000E+0	0.000000E+0	0.000000E+0	201.760000E-6	-109.203000E+0	56.678000E+0
	21/10/2022 15:19:02	-59.336000E-3	2.660000E-9	878.000000E-12	4.996000E-9	2.538000E-6	0.000000E+0	0.000000E+0	0.000000E+0	186.980000E-6	-109.315000E+0	56.790000E+0
	21/10/2022 15:19:14	-58.547000E-3	2.660000E-9	883.000000E-12	4.996000E-9	2.535000E-6	0.000000E+0	0.000000E+0	0.000000E+0	201.520000E-6	-109.315000E+0	56.790000E+0
	21/10/2022 15:19:25	-58.794000E-3	2.660000E-9	883.000000E-12	4.996000E-9	2.535000E-6	0.000000E+0	0.000000E+0	0.000000E+0	206.950000E-6	-109.203000E+0	56.565000E+0
	21/10/2022 15:19:37	-58.547000E-3	2.660000E-9	886.000000E-12	4.996000E-9	2.535000E-6	0.000000E+0	0.000000E+0	0.000000E+0	171.180000E-6	-109.315000E+0	56.678000E+0
	21/10/2022 15:19:49	-58.818000E-3	2.660000E-9	886.000000E-12	4.996000E-9	2.535000E-6	0.000000E+0	0.000000E+0	0.000000E+0	206.440000E-6	-109.315000E+0	56.678000E+0
	21/10/2022 15:20:00	-56.130000E-3	2.660000E-9	882.000000E-12	4.996000E-9	2.535000E-6	0.000000E+0	0.000000E+0	0.000000E+0	190.170000E-6	-109.315000E+0	56.678000E+0
	21/10/2022 15:20:12	-59.089000E-3	2.660000E-9	877.000000E-12	4.996000E-9	2.535000E-6	0.000000E+0	0.000000E+0	0.000000E+0	205.220000E-6	-109.203000E+0	56.565000E+0
	21/10/2022 15:20:24	-59.089000E-3	2.670000E-9	876.000000E-12	4.996000E-9	2.535000E-6	0.000000E+0	0.000000E+0	0.000000E+0	209.150000E-6	-109.090000E+0	56.453000E+0
	21/10/2022 15:20:35	-59.828000E-3	2.660000E-9	874.000000E-12	4.996000E-9	2.535000E-6	0.000000E+0	0.000000E+0	0.000000E+0	179.590000E-6	-109.315000E+0	56.678000E+0
	21/10/2022 15:20:47	-58.818000E-3	2.660000E-9	876.000000E-12	4.996000E-9	2.532000E-6	0.000000E+0	0.000000E+0	0.000000E+0	186.230000E-6	-109.427000E+0	56.565000E+0
	21/10/2022 15:20:59	-58.892000E-3	2.660000E-9	873.000000E-12	4.996000E-9	2.532000E-6	0.000000E+0	0.000000E+0	0.000000E+0	203.490000E-6	-109.315000E+0	56.453000E+0
	21/10/2022 15:21:10	-59.065000E-3	2.660000E-9	873.000000E-12	4.996000E-9	2.523000E-6	0.000000E+0	0.000000E+0	0.000000E+0	165.280000E-6	-109.203000E+0	56.902000E+0
	21/10/2022 15:21:22	-58.892000E-3	2.660000E-9	877.000000E-12	4.996000E-9	2.523000E-6	0.000000E+0	0.000000E+0	0.000000E+0	196.100000E-6	-109.315000E+0	56.678000E+0
	21/10/2022 15:21:34	-59.804000E-3	2.660000E-9	880.000000E-12	4.996000E-9	2.523000E-6	0.000000E+0	0.000000E+0	0.000000E+0	181.320000E-6	-109.315000E+0	56.678000E+0
	21/10/2022 15:21:45	-58.842000E-3	2.660000E-9	882.000000E-12	4.996000E-9	2.517000E-6	0.000000E+0	0.000000E+0	0.000000E+0	206.440000E-6	-109.315000E+0	56.565000E+0
	21/10/2022 15:21:57	-59.411000E-3	2.660000E-9	886.000000E-12	4.996000E-9	2.514000E-6	0.000000E+0	0.000000E+0	0.000000E+0	169.960000E-6	-109.203000E+0	56.678000E+0
	21/10/2022 15:22:09	-58.448000E-3	2.660000E-9	873.000000E-12	4.996000E-9	2.514000E-6	0.000000E+0	0.000000E+0	0.000000E+0	191.900000E-6	-109.203000E+0	56.678000E+0
	21/10/2022 15:22:20	-59.411000E-3	2.660000E-9	882.000000E-12	4.996000E-9	2.511000E-6	0.000000E+0	0.000000E+0	0.000000E+0	173.900000E-6	-108.978000E+0	56.565000E+0
	21/10/2022 15:22:32	-58.645000E-3	2.660000E-9	886.000000E-12	4.996000E-9	2.511000E-6	0.000000E+0	0.000000E+0	0.000000E+0	171.690000E-6	-109.203000E+0	56.565000E+0
	21/10/2022 15:22:43	-59.113000E-3	2.660000E-9	883.000000E-12	4.996000E-9	2.514000E-6	0.000000E+0	0.000000E+0	0.000000E+0	205.220000E-6	-109.315000E+0	56.453000E+0
	21/10/2022 15:22:55	-58.720000E-3	2.660000E-9	873.000000E-12	4.996000E-9	2.511000E-6	0.000000E+0	0.000000E+0	0.000000E+0	167.250000E-6	-109.203000E+0	56.565000E+0
	21/10/2022 15:23:07	-59.041000E-3	2.660000E-9	878.000000E-12	4.996000E-9	2.511000E-6	0.000000E+0	0.000000E+0	0.000000E+0	199.790000E-6	-109.315000E+0	56.453000E+0
	21/10/2022 15:23:18	-58.869000E-3	2.660000E-9	878.000000E-12	4.996000E-9	2.511000E-6	0.000000E+0	0.000000E+0	0.000000E+0	198.300000E-6	-109.203000E+0	56.678000E+0
	21/10/2022 15:23:30	-59.313000E-3	2.660000E-9	881.000000E-12	4.996000E-9	2.511000E-6	0.000000E+0	0.000000E+0	0.000000E+0	168.980000E-6	-109.203000E+0	56.453000E+0
	21/10/2022 15:23:42	-58.645000E-3	2.660000E-9	881.000000E-12	4.996000E-9	2.511000E-6	0.000000E+0	0.000000E+0	0.000000E+0	179.830000E-6	-109.203000E+0	56.678000E+0
	21/10/2022 15:23:53	-58.940000E-3	2.660000E-9	881.000000E-12	4.996000E-9	2.511000E-6	0.000000E+0	0.000000E+0	0.000000E+0	170.470000E-6	-109.315000E+0	56.565000E+0
	21/10/2022 15:24:05	-58.892000E-3	2.660000E-9	883.000000E-12	4.996000E-9	2.511000E-6	0.000000E+0	0.000000E+0	0.000000E+0	171.930000E-6	-109.203000E+0	56.678000E+0
	21/10/2022 15:24:17	-59.435000E-3	2.660000E-9	882.000000E-12	4.996000E-9	2.511000E-6	0.000000E+0	0.000000E+0	0.000000E+0	168.230000E-6	-109.427000E+0	56.565000E+0
	21/10/2022 15:24:28	-59.164000E-3	2.660000E-9	886.000000E-12	4.996000E-9	2.511000E-6	0.000000E+0	0.000000E+0	0.000000E+0	207.190000E-6	-109.090000E+0	56.678000E+0
	21/10/2022 15:24:40	-58.869000E-3	2.660000E-9	875.000000E-12	4.996000E-9	2.511000E-6	0.000000E+0	0.000000E+0	0.000000E+0	170.710000E-6	-109.315000E+0	56.453000E+0
	21/10/2022 15:24:52	-58.499000E-3	2.660000E-9	882.000000E-12	4.996000E-9	2.511000E-6	0.000000E+0	0.000000E+0	0.000000E+0	170.950000E-6	-109.203000E+0	56.790000E+0
	21/10/2022 15:25:03	-59.015000E-3	2.660000E-9	886.000000E-12	4.996000E-9	2.511000E-6	0.000000E+0	0.000000E+0	0.000000E+0	164.780000E-6	-109.203000E+0	56.790000E+0
	21/10/2022 15:25:15	-59.164000E-3	2.660000E-9	873.000000E-12	4.996000E-9	2.511000E-6	0.000000E+0	0.000000E+0	0.000000E+0	164.030000E-6	-109.315000E+0	56.678000E+0
	21/10/2022 15:25:27	-58.991000E-3	2.660000E-9	881.000000E-12	4.996000E-9	2.511000E-6	0.000000E+0	0.000000E+0	0.000000E+0	166.740000E-6	-109.315000E+0	56.678000E+0
	21/10/2022 15:25:38	-58.696000E-3	2.660000E-9	883.000000E-12	4.996000E-9	2.511000E-6	0.000000E+0	0.000000E+0	0.000000E+0	168.980000E-6	-109.203000E+0	56.678000E+0
	21/10/2022 15:25:50	-59.262000E-3	2.660000E-9	885.000000E-12	4.996000E-9	2.511000E-6	0.000000E+0	0.000000E+0	0.000000E+0	161.830000E-6	-109.315000E+0	56.453000E+0
	21/10/2022 15:26:02	-58.940000E-3	2.660000E-9	879.000000E-12	4.996000E-9	2.508000E-6	0.000000E+0	0.000000E+0	0.000000E+0	168.230000E-6	-109.090000E+0	56.678000E+0
	21/10/2022 15:26:13	-59.238000E-3	2.650000E-9	873.000000E-12	4.996000E-9	2.508000E-6	0.000000E+0	0.000000E+0	0.000000E+0	194.880000E-6	-109.315000E+0	56.565000E+0
	21/10/2022 15:26:25	-59.140000E-3	2.650000E-9	882.000000E-12	4.996000E-9	2.511000E-6	0.000000E+0	0.000000E+0	0.000000E+0	179.830000E-6	-109.315000E+0	56.565000E+0
	21/10/2022 15:26:37	-59.336000E-3	2.660000E-9	887.000000E-12	4.996000E-9	2.508000E-6	0.000000E+0	0.000000E+0	0.000000E+0	182.540000E-6	-109.203000E+0	56.565000E+0
	21/10/2022 15:26:48	-59.211000E-3	2.660000E-9	876.000000E-12	4.996000E-9	2.511000E-6	0.000000E+0	0.000000E+0	0.000000E+0	166.270000E-6	-109.090000E+0	56.678000E+0
	21/10/2022 15:27:00	-58.720000E-3	2.650000E-9	876.000000E-12	4.996000E-9	2.508000E-6	0.000000E+0	0.000000E+0	0.000000E+0	165.760000E-6	-109.315000E+0	56.678000E+0
	21/10/2022 15:27:12	-59.533000E-3	2.660000E-9	882.000000E-12	4.996000E-9	2.508000E-6	0.000000E+0	0.000000E+0	0.000000E+0	167.010000E-6	-109.203000E+0	56.678000E+0
	21/10/2022 15:27:23	-58.869000E-3	2.660000E-9	886.000000E-12	4.996000E-9	2.508000E-6	0.000000E+0	0.000000E+0	0.000000E+0	165.760000E-6	-109.090000E+0	56.678000E+0
	21/10/2022 15:27:35	-55.909000E-3	2.660000E-9	874.000000E-12	4.996000E-9	2.508000E-6	0.000000E+0	0.000000E+0	0.000000E+0	175.150000E-6	-108.978000E+0	56.790000E+0
	21/10/2022 15:27:47	-58.770000E-3	2.650000E-9	882.000000E-12	4.996000E-9	2.508000E-6	0.000000E+0	0.000000E+0	0.000000E+0	177.860000E-6	-109.203000E+0	56.565000E+0
	21/10/2022 15:27:58	-58.696000E-3	2.660000E-9	885.000000E-12	4.996000E-9	2.508000E-6	0.000000E+0	0.000000E+0	0.000000E+0	162.330000E-6	-109.315000E+0	56.565000E+0
	21/10/2022 15:28:10	-59.113000E-3	2.660000E-9	879.000000E-12	4.996000E-9	2.508000E-6	0.000000E+0	0.000000E+0	0.000000E+0	167.760000E-6	-109.315000E+0	56.565000E+0
	21/10/2022 15:28:22	-59.041000E-3	2.660000E-9	875.000000E-12	4.996000E-9	2.508000E-6	0.000000E+0	0.000000E+0	0.000000E+0	176.880000E-6	-109.315000E+0	56.565000E+0
	21/10/2022 15:28:33	-59.140000E-3	2.660000E-9	882.000000E-12	4.996000E-9	2.508000E-6	0.000000E+0	0.000000E+0	0.000000E+0	190.440000E-6	-109.315000E+0	56.678000E+0
	21/10/2022 15:28:45	-59.140000E-3	2.660000E-9	885.000000E-12	4.996000E-9	2.508000E-6	0.000000E+0	0.000000E+0	0.000000E+0	181.560000E-6	-109.203000E+0	56.565000E+0
	21/10/2022 15:28:57	-59.211000E-3	2.660000E-9	874.000000E-12	4.996000E-9	2.508000E-6	0.000000E+0	0.000000E+0	0.000000E+0	179.320000E-6	-109.203000E+0	56.565000E+0
	21/10/2022 15:29:08	-59.855000E-3	2.660000E-9	881.000000E-12	4.996000E-9	2.508000E-6	0.000000E+0	0.000000E+0	0.000000E+0	200.540000E-6	-109.203000E+0	56.790000E+0
	21/10/2022 15:29:20	-58.770000E-3	2.660000E-9	887.000000E-12	4.996000E-9	2.508000E-6	0.000000E+0	0.000000E+0	0.000000E+0	167.250000E-6	-109.203000E+0	56.565000E+0
	21/10/2022 15:29:32	-58.448000E-3	2.660000E-9	878.000000E-12	4.996000E-9	2.505000E-6	0.000000E+0	0.000000E+0	0.000000E+0	172.670000E-6	-109.315000E+0	56.565000E+0
	21/10/2022 15:29:43	-59.262000E-3	2.660000E-9	875.000000E-12	4.996000E-9	2.505000E-6	0.000000E+0	0.000000E+0	0.000000E+0	166.740000E-6	-109.090000E+0	56.565000E+0
	21/10/2022 15:29:55	-59.065000E-3	2.660000E-9	879.000000E-12	4.996000E-9	2.505000E-6	0.000000E+0	0.000000E+0	0.000000E+0	166.510000E-6	-109.315000E+0	56.565000E+0
	21/10/2022 15:30:07	-59.164000E-3	2.660000E-9	875.000000E-12	4.996000E-9	2.505000E-6	0.000000E+0	0.000000E+0	0.000000E+0	168.980000E-6	-109.203000E+0	56.565000E+0
	21/10/2022 15:30:18	-58.720000E-3	2.660000E-9	872.000000E-12	4.996000E-9	2.505000E-6	0.000000E+0	0.000000E+0	0.000000E+0	169.460000E-6	-109.315000E+0	56.565000E+0
	21/10/2022 15:30:30	-58.818000E-3	2.650000E-9	879.000000E-12	4.996000E-9	2.505000E-6	0.000000E+0	0.000000E+0	0.000000E+0	167.250000E-6	-108.978000E+0	56.678000E+0
	21/10/2022 15:30:41	-58.818000E-3	2.660000E-9	880.000000E-12	4.996000E-9	2.502000E-6	0.000000E+0	0.000000E+0	0.000000E+0	183.280000E-6	-109.203000E+0	56.678000E+0
	21/10/2022 15:30:53	-59.065000E-3	2.650000E-9	886.000000E-12	4.996000E-9	2.505000E-6	0.000000E+0	0.000000E+0	0.000000E+0	165.760000E-6	-109.203000E+0	56.790000E+0
	21/10/2022 15:31:05	-58.916000E-3	2.660000E-9	888.000000E-12	4.996000E-9	2.505000E-6	0.000000E+0	0.000000E+0	0.000000E+0	165.280000E-6	-109.315000E+0	56.678000E+0
	21/10/2022 15:31:16	-58.892000E-3	2.660000E-9	888.000000E-12	4.996000E-9	2.499000E-6	0.000000E+0	0.000000E+0	0.000000E+0	165.280000E-6	-109.203000E+0	56.565000E+0
	21/10/2022 15:31:28	-59.041000E-3	2.660000E-9	888.000000E-12	4.996000E-9	2.511000E-6	0.000000E+0	0.000000E+0	0.000000E+0	169.960000E-6	-109.315000E+0	56.790000E+0
	21/10/2022 15:31:40	-59.655000E-3	2.660000E-9	888.000000E-12	4.996000E-9	2.505000E-6	0.000000E+0	0.000000E+0	0.000000E+0	164.300000E-6	-109.090000E+0	56.565000E+0
	21/10/2022 15:31:51	-58.916000E-3	2.660000E-9	885.000000E-12	4.996000E-9	2.502000E-6	0.000000E+0	0.000000E+0	0.000000E+0	177.120000E-6	-109.090000E+0	56.565000E+0
	21/10/2022 15:32:03	-59.089000E-3	2.660000E-9	886.000000E-12	4.996000E-9	2.499000E-6	0.000000E+0	0.000000E+0	0.000000E+0	164.300000E-6	-109.203000E+0	56.678000E+0
	21/10/2022 15:32:15	-59.584000E-3	2.660000E-9	884.000000E-12	4.996000E-9	2.496000E-6	0.000000E+0	0.000000E+0	0.000000E+0	166.740000E-6	-109.203000E+0	56.678000E+0
	21/10/2022 15:32:26	-59.015000E-3	2.660000E-9	883.000000E-12	4.996000E-9	2.496000E-6	0.000000E+0	0.000000E+0	0.000000E+0	175.150000E-6	-109.315000E+0	56.565000E+0
	21/10/2022 15:32:38	-58.720000E-3	2.660000E-9	887.000000E-12	4.996000E-9	2.493000E-6	0.000000E+0	0.000000E+0	0.000000E+0	169.720000E-6	-109.315000E+0	56.678000E+0
	21/10/2022 15:32:50	-58.916000E-3	2.660000E-9	889.000000E-12	4.996000E-9	2.496000E-6	0.000000E+0	0.000000E+0	0.000000E+0	169.720000E-6	-109.203000E+0	56.678000E+0
	21/10/2022 15:33:01	-58.842000E-3	2.660000E-9	890.000000E-12	4.996000E-9	2.493000E-6	0.000000E+0	0.000000E+0	0.000000E+0	181.560000E-6	-109.315000E+0	56.453000E+0
	21/10/2022 15:33:13	-59.706000E-3	2.660000E-9	883.000000E-12	4.996000E-9	2.493000E-6	0.000000E+0	0.000000E+0	0.000000E+0	187.460000E-6	-109.203000E+0	56.565000E+0
	21/10/2022 15:33:25	-58.892000E-3	2.660000E-9	880.000000E-12	4.996000E-9	2.493000E-6	0.000000E+0	0.000000E+0	0.000000E+0	173.900000E-6	-109.315000E+0	56.678000E+0
	21/10/2022 15:33:36	-58.794000E-3	2.660000E-9	890.000000E-12	4.996000E-9	2.493000E-6	0.000000E+0	0.000000E+0	0.000000E+0	176.130000E-6	-109.315000E+0	56.678000E+0
	21/10/2022 15:33:48	-58.350000E-3	2.650000E-9	886.000000E-12	4.996000E-9	2.490000E-6	0.000000E+0	0.000000E+0	0.000000E+0	205.730000E-6	-109.203000E+0	56.565000E+0
	21/10/2022 15:34:00	-58.770000E-3	2.650000E-9	876.000000E-12	4.996000E-9	2.493000E-6	0.000000E+0	0.000000E+0	0.000000E+0	169.220000E-6	-109.203000E+0	56.565000E+0
	21/10/2022 15:34:11	-58.869000E-3	2.660000E-9	874.000000E-12	4.996000E-9	2.493000E-6	0.000000E+0	0.000000E+0	0.000000E+0	168.980000E-6	-109.203000E+0	56.678000E+0
	21/10/2022 15:34:23	-59.065000E-3	2.660000E-9	873.000000E-12	4.996000E-9	2.490000E-6	0.000000E+0	0.000000E+0	0.000000E+0	163.050000E-6	-109.203000E+0	56.565000E+0
	21/10/2022 15:34:35	-59.015000E-3	2.650000E-9	876.000000E-12	4.996000E-9	2.490000E-6	0.000000E+0	0.000000E+0	0.000000E+0	180.810000E-6	-109.315000E+0	56.678000E+0
	21/10/2022 15:34:46	-58.892000E-3	2.660000E-9	874.000000E-12	4.996000E-9	2.493000E-6	0.000000E+0	0.000000E+0	0.000000E+0	173.180000E-6	-109.315000E+0	56.565000E+0
	21/10/2022 15:34:58	-59.140000E-3	2.660000E-9	877.000000E-12	4.996000E-9	2.493000E-6	0.000000E+0	0.000000E+0	0.000000E+0	165.050000E-6	-109.203000E+0	56.453000E+0
	21/10/2022 15:35:10	-58.669000E-3	2.660000E-9	881.000000E-12	4.996000E-9	2.490000E-6	0.000000E+0	0.000000E+0	0.000000E+0	166.270000E-6	-109.203000E+0	56.790000E+0
	21/10/2022 15:35:21	-58.869000E-3	2.660000E-9	881.000000E-12	4.996000E-9	2.490000E-6	0.000000E+0	0.000000E+0	0.000000E+0	162.070000E-6	-109.315000E+0	56.565000E+0
	21/10/2022 15:35:33	-59.384000E-3	2.660000E-9	887.000000E-12	4.996000E-9	2.490000E-6	0.000000E+0	0.000000E+0	0.000000E+0	163.050000E-6	-109.315000E+0	56.453000E+0
	21/10/2022 15:35:45	-55.045000E-3	2.650000E-9	884.000000E-12	4.996000E-9	2.490000E-6	0.000000E+0	0.000000E+0	0.000000E+0	168.740000E-6	-109.203000E+0	56.565000E+0
	21/10/2022 15:35:56	-59.164000E-3	2.660000E-9	874.000000E-12	4.996000E-9	2.490000E-6	0.000000E+0	0.000000E+0	0.000000E+0	168.470000E-6	-109.315000E+0	56.565000E+0
	21/10/2022 15:36:08	-59.411000E-3	2.660000E-9	873.000000E-12	4.996000E-9	2.490000E-6	0.000000E+0	0.000000E+0	0.000000E+0	158.370000E-6	-109.315000E+0	56.678000E+0
	21/10/2022 15:36:20	-59.140000E-3	2.650000E-9	877.000000E-12	4.996000E-9	2.490000E-6	0.000000E+0	0.000000E+0	0.000000E+0	167.760000E-6	-109.315000E+0	56.565000E+0
	21/10/2022 15:36:31	-58.869000E-3	2.650000E-9	880.000000E-12	4.996000E-9	2.490000E-6	0.000000E+0	0.000000E+0	0.000000E+0	169.720000E-6	-109.203000E+0	56.678000E+0
	21/10/2022 15:36:43	-59.459000E-3	2.650000E-9	884.000000E-12	4.996000E-9	2.487000E-6	0.000000E+0	0.000000E+0	0.000000E+0	178.840000E-6	-109.203000E+0	56.453000E+0
	21/10/2022 15:36:55	-59.238000E-3	2.660000E-9	883.000000E-12	4.996000E-9	2.487000E-6	0.000000E+0	0.000000E+0	0.000000E+0	162.330000E-6	-109.203000E+0	56.453000E+0
	21/10/2022 15:37:06	-59.065000E-3	2.660000E-9	872.000000E-12	4.996000E-9	2.487000E-6	0.000000E+0	0.000000E+0	0.000000E+0	165.520000E-6	-109.203000E+0	56.678000E+0
	21/10/2022 15:37:18	-58.523000E-3	2.650000E-9	876.000000E-12	4.996000E-9	2.487000E-6	0.000000E+0	0.000000E+0	0.000000E+0	167.010000E-6	-109.090000E+0	56.453000E+0
	21/10/2022 15:37:30	-59.041000E-3	2.650000E-9	882.000000E-12	4.996000E-9	2.487000E-6	0.000000E+0	0.000000E+0	0.000000E+0	168.000000E-6	-109.090000E+0	56.678000E+0
	21/10/2022 15:37:41	-58.770000E-3	2.660000E-9	886.000000E-12	4.996000E-9	2.487000E-6	0.000000E+0	0.000000E+0	0.000000E+0	166.030000E-6	-109.203000E+0	56.565000E+0
	21/10/2022 15:37:53	-59.015000E-3	2.660000E-9	874.000000E-12	4.996000E-9	2.487000E-6	0.000000E+0	0.000000E+0	0.000000E+0	165.050000E-6	-109.315000E+0	56.678000E+0
	21/10/2022 15:38:05	-58.794000E-3	2.650000E-9	882.000000E-12	4.996000E-9	2.487000E-6	0.000000E+0	0.000000E+0	0.000000E+0	168.470000E-6	-108.978000E+0	56.790000E+0
	21/10/2022 15:38:16	-59.411000E-3	2.650000E-9	887.000000E-12	4.996000E-9	2.487000E-6	0.000000E+0	0.000000E+0	0.000000E+0	169.460000E-6	-109.203000E+0	56.453000E+0
	21/10/2022 15:38:28	-59.089000E-3	2.660000E-9	875.000000E-12	4.996000E-9	2.484000E-6	0.000000E+0	0.000000E+0	0.000000E+0	172.910000E-6	-109.315000E+0	56.678000E+0
	21/10/2022 15:38:40	-59.089000E-3	2.650000E-9	885.000000E-12	4.996000E-9	2.487000E-6	0.000000E+0	0.000000E+0	0.000000E+0	173.420000E-6	-109.090000E+0	56.678000E+0
	21/10/2022 15:38:51	-58.770000E-3	2.660000E-9	874.000000E-12	4.996000E-9	2.487000E-6	0.000000E+0	0.000000E+0	0.000000E+0	162.810000E-6	-109.315000E+0	56.678000E+0
	21/10/2022 15:39:03	-59.435000E-3	2.660000E-9	881.000000E-12	4.996000E-9	2.490000E-6	0.000000E+0	0.000000E+0	0.000000E+0	160.340000E-6	-109.090000E+0	56.565000E+0
	21/10/2022 15:39:15	-58.967000E-3	2.650000E-9	886.000000E-12	4.996000E-9	2.487000E-6	0.000000E+0	0.000000E+0	0.000000E+0	160.840000E-6	-109.315000E+0	56.565000E+0
	21/10/2022 15:39:26	-58.967000E-3	2.650000E-9	878.000000E-12	4.996000E-9	2.487000E-6	0.000000E+0	0.000000E+0	0.000000E+0	167.490000E-6	-109.315000E+0	56.678000E+0
	21/10/2022 15:39:38	-59.164000E-3	2.660000E-9	884.000000E-12	4.996000E-9	2.484000E-6	0.000000E+0	0.000000E+0	0.000000E+0	165.760000E-6	-109.090000E+0	56.678000E+0
	21/10/2022 15:39:50	-59.140000E-3	2.660000E-9	887.000000E-12	4.996000E-9	2.484000E-6	0.000000E+0	0.000000E+0	0.000000E+0	165.760000E-6	-109.203000E+0	56.565000E+0
	21/10/2022 15:40:01	-59.089000E-3	2.650000E-9	876.000000E-12	4.996000E-9	2.484000E-6	0.000000E+0	0.000000E+0	0.000000E+0	166.510000E-6	-109.090000E+0	56.678000E+0
	21/10/2022 15:40:13	-58.869000E-3	2.660000E-9	884.000000E-12	4.996000E-9	2.484000E-6	0.000000E+0	0.000000E+0	0.000000E+0	169.220000E-6	-109.203000E+0	56.565000E+0
	21/10/2022 15:40:25	-59.065000E-3	2.660000E-9	887.000000E-12	4.996000E-9	2.484000E-6	0.000000E+0	0.000000E+0	0.000000E+0	160.600000E-6	-109.090000E+0	56.678000E+0
	21/10/2022 15:40:36	-58.892000E-3	2.650000E-9	877.000000E-12	4.996000E-9	2.481000E-6	0.000000E+0	0.000000E+0	0.000000E+0	167.250000E-6	-109.090000E+0	56.565000E+0
	21/10/2022 15:40:48	-59.041000E-3	2.660000E-9	881.000000E-12	4.996000E-9	2.484000E-6	0.000000E+0	0.000000E+0	0.000000E+0	166.270000E-6	-109.315000E+0	56.678000E+0
	21/10/2022 15:41:00	-58.916000E-3	2.660000E-9	887.000000E-12	4.996000E-9	3.200000E-6	0.000000E+0	0.000000E+0	0.000000E+0	167.250000E-6	-109.203000E+0	56.341000E+0
	21/10/2022 15:41:11	-59.211000E-3	2.650000E-9	880.000000E-12	4.996000E-9	2.774000E-6	0.000000E+0	0.000000E+0	0.000000E+0	166.510000E-6	-109.090000E+0	56.565000E+0
	21/10/2022 15:41:23	-58.621000E-3	2.660000E-9	885.000000E-12	4.996000E-9	2.603000E-6	0.000000E+0	0.000000E+0	0.000000E+0	180.300000E-6	-109.203000E+0	56.678000E+0
	21/10/2022 15:41:35	-58.842000E-3	2.660000E-9	877.000000E-12	4.996000E-9	2.535000E-6	0.000000E+0	0.000000E+0	0.000000E+0	165.520000E-6	-109.203000E+0	56.565000E+0
	21/10/2022 15:41:46	-59.140000E-3	2.660000E-9	885.000000E-12	4.996000E-9	2.508000E-6	0.000000E+0	0.000000E+0	0.000000E+0	165.050000E-6	-109.203000E+0	56.678000E+0
	21/10/2022 15:41:58	-58.940000E-3	2.660000E-9	890.000000E-12	4.996000E-9	2.490000E-6	0.000000E+0	0.000000E+0	0.000000E+0	165.280000E-6	-109.090000E+0	56.453000E+0
	21/10/2022 15:42:09	-58.794000E-3	2.660000E-9	878.000000E-12	4.996000E-9	2.487000E-6	0.000000E+0	0.000000E+0	0.000000E+0	167.010000E-6	-109.203000E+0	56.565000E+0
	21/10/2022 15:42:21	-59.262000E-3	2.650000E-9	886.000000E-12	4.996000E-9	2.487000E-6	0.000000E+0	0.000000E+0	0.000000E+0	202.270000E-6	-109.203000E+0	56.678000E+0
	21/10/2022 15:42:33	-58.869000E-3	2.660000E-9	876.000000E-12	4.996000E-9	2.487000E-6	0.000000E+0	0.000000E+0	0.000000E+0	169.460000E-6	-109.203000E+0	56.678000E+0
	21/10/2022 15:42:44	-58.770000E-3	2.660000E-9	883.000000E-12	4.996000E-9	2.484000E-6	0.000000E+0	0.000000E+0	0.000000E+0	164.540000E-6	-109.090000E+0	56.565000E+0
	21/10/2022 15:42:56	-59.164000E-3	2.650000E-9	884.000000E-12	4.996000E-9	3.732000E-6	0.000000E+0	0.000000E+0	0.000000E+0	165.760000E-6	-109.203000E+0	56.565000E+0
	21/10/2022 15:43:08	-58.720000E-3	2.660000E-9	880.000000E-12	4.996000E-9	3.235000E-6	0.000000E+0	0.000000E+0	0.000000E+0	166.030000E-6	-109.203000E+0	56.565000E+0
	21/10/2022 15:43:19	-58.967000E-3	2.660000E-9	886.000000E-12	4.996000E-9	3.003000E-6	0.000000E+0	0.000000E+0	0.000000E+0	166.510000E-6	-109.203000E+0	56.565000E+0
	21/10/2022 15:43:31	-59.187000E-3	2.650000E-9	882.000000E-12	4.996000E-9	2.893000E-6	0.000000E+0	0.000000E+0	0.000000E+0	184.510000E-6	-109.090000E+0	56.565000E+0
	21/10/2022 15:43:43	-59.089000E-3	2.660000E-9	882.000000E-12	4.996000E-9	2.849000E-6	0.000000E+0	0.000000E+0	0.000000E+0	167.010000E-6	-109.203000E+0	56.565000E+0
	21/10/2022 15:43:54	-58.794000E-3	2.660000E-9	888.000000E-12	4.996000E-9	3.338000E-6	0.000000E+0	0.000000E+0	0.000000E+0	160.840000E-6	-109.090000E+0	56.678000E+0
	21/10/2022 15:44:06	-58.645000E-3	2.660000E-9	880.000000E-12	4.996000E-9	3.278000E-6	0.000000E+0	0.000000E+0	0.000000E+0	169.720000E-6	-109.203000E+0	56.678000E+0
	21/10/2022 15:44:18	-58.967000E-3	2.660000E-9	885.000000E-12	4.996000E-9	2.925000E-6	0.000000E+0	0.000000E+0	0.000000E+0	204.710000E-6	-109.203000E+0	56.790000E+0
	21/10/2022 15:44:29	-56.699000E-3	2.660000E-9	882.000000E-12	4.996000E-9	2.778000E-6	0.000000E+0	0.000000E+0	0.000000E+0	205.960000E-6	-109.315000E+0	56.678000E+0
	21/10/2022 15:44:41	-59.211000E-3	2.660000E-9	886.000000E-12	4.996000E-9	2.711000E-6	0.000000E+0	0.000000E+0	0.000000E+0	203.010000E-6	-109.315000E+0	56.565000E+0
	21/10/2022 15:44:53	-59.360000E-3	2.650000E-9	876.000000E-12	4.996000E-9	2.676000E-6	0.000000E+0	0.000000E+0	0.000000E+0	208.910000E-6	-109.203000E+0	56.678000E+0
	21/10/2022 15:45:04	-58.967000E-3	2.650000E-9	883.000000E-12	4.996000E-9	2.657000E-6	0.000000E+0	0.000000E+0	0.000000E+0	202.270000E-6	-109.203000E+0	56.790000E+0
	21/10/2022 15:45:16	-58.940000E-3	2.660000E-9	885.000000E-12	4.996000E-9	2.638000E-6	0.000000E+0	0.000000E+0	0.000000E+0	165.520000E-6	-109.090000E+0	56.678000E+0
	21/10/2022 15:45:28	-59.065000E-3	2.660000E-9	888.000000E-12	4.996000E-9	2.638000E-6	0.000000E+0	0.000000E+0	0.000000E+0	163.050000E-6	-109.203000E+0	56.565000E+0
	21/10/2022 15:45:39	-59.238000E-3	2.660000E-9	875.000000E-12	4.996000E-9	2.628000E-6	0.000000E+0	0.000000E+0	0.000000E+0	165.280000E-6	-109.203000E+0	56.678000E+0
	21/10/2022 15:45:51	-58.842000E-3	2.650000E-9	875.000000E-12	4.996000E-9	2.609000E-6	0.000000E+0	0.000000E+0	0.000000E+0	158.130000E-6	-109.315000E+0	56.453000E+0
	21/10/2022 15:46:03	-58.079000E-3	2.650000E-9	882.000000E-12	4.996000E-9	2.606000E-6	0.000000E+0	0.000000E+0	0.000000E+0	163.560000E-6	-109.203000E+0	56.678000E+0
	21/10/2022 15:46:14	-59.089000E-3	2.650000E-9	882.000000E-12	4.996000E-9	2.606000E-6	0.000000E+0	0.000000E+0	0.000000E+0	164.300000E-6	-109.315000E+0	56.678000E+0
	21/10/2022 15:46:26	-59.015000E-3	2.660000E-9	886.000000E-12	4.996000E-9	2.600000E-6	0.000000E+0	0.000000E+0	0.000000E+0	169.720000E-6	-109.203000E+0	56.678000E+0
	21/10/2022 15:46:38	-59.262000E-3	2.660000E-9	874.000000E-12	4.996000E-9	2.597000E-6	0.000000E+0	0.000000E+0	0.000000E+0	167.490000E-6	-109.427000E+0	56.790000E+0
	21/10/2022 15:46:49	-59.360000E-3	2.650000E-9	880.000000E-12	4.996000E-9	2.591000E-6	0.000000E+0	0.000000E+0	0.000000E+0	170.950000E-6	-109.203000E+0	56.453000E+0
	21/10/2022 15:47:01	-59.706000E-3	2.650000E-9	885.000000E-12	4.996000E-9	2.587000E-6	0.000000E+0	0.000000E+0	0.000000E+0	165.050000E-6	-109.203000E+0	56.678000E+0
	21/10/2022 15:47:13	-59.065000E-3	2.660000E-9	882.000000E-12	4.996000E-9	2.587000E-6	0.000000E+0	0.000000E+0	0.000000E+0	164.300000E-6	-109.203000E+0	56.565000E+0
	21/10/2022 15:47:24	-58.842000E-3	2.660000E-9	877.000000E-12	4.996000E-9	2.587000E-6	0.000000E+0	0.000000E+0	0.000000E+0	162.330000E-6	-109.090000E+0	56.790000E+0
	21/10/2022 15:47:36	-59.211000E-3	2.650000E-9	884.000000E-12	4.996000E-9	2.622000E-6	0.000000E+0	0.000000E+0	0.000000E+0	173.180000E-6	-109.203000E+0	56.678000E+0
	21/10/2022 15:47:48	-59.041000E-3	2.660000E-9	877.000000E-12	4.996000E-9	2.606000E-6	0.000000E+0	0.000000E+0	0.000000E+0	162.330000E-6	-109.203000E+0	56.565000E+0
	21/10/2022 15:47:59	-58.794000E-3	2.660000E-9	880.000000E-12	4.996000E-9	2.594000E-6	0.000000E+0	0.000000E+0	0.000000E+0	171.450000E-6	-109.315000E+0	56.678000E+0
	21/10/2022 15:48:11	-59.336000E-3	2.650000E-9	881.000000E-12	4.996000E-9	2.591000E-6	0.000000E+0	0.000000E+0	0.000000E+0	168.470000E-6	-109.203000E+0	56.790000E+0
	21/10/2022 15:48:23	-59.187000E-3	2.660000E-9	887.000000E-12	4.996000E-9	2.587000E-6	0.000000E+0	0.000000E+0	0.000000E+0	160.100000E-6	-109.315000E+0	56.678000E+0
	21/10/2022 15:48:34	-59.360000E-3	2.660000E-9	873.000000E-12	4.996000E-9	2.587000E-6	0.000000E+0	0.000000E+0	0.000000E+0	170.710000E-6	-109.090000E+0	56.678000E+0
	21/10/2022 15:48:46	-58.743000E-3	2.650000E-9	881.000000E-12	4.996000E-9	2.584000E-6	0.000000E+0	0.000000E+0	0.000000E+0	163.050000E-6	-109.090000E+0	56.565000E+0
	21/10/2022 15:48:58	-58.916000E-3	2.660000E-9	886.000000E-12	4.996000E-9	2.581000E-6	0.000000E+0	0.000000E+0	0.000000E+0	165.520000E-6	-109.315000E+0	56.565000E+0
	21/10/2022 15:49:09	-59.360000E-3	2.660000E-9	872.000000E-12	4.996000E-9	2.581000E-6	0.000000E+0	0.000000E+0	0.000000E+0	165.050000E-6	-109.315000E+0	56.678000E+0
	21/10/2022 15:49:21	-58.818000E-3	2.650000E-9	881.000000E-12	4.996000E-9	2.731000E-6	0.000000E+0	0.000000E+0	0.000000E+0	167.760000E-6	-109.315000E+0	56.678000E+0
	21/10/2022 15:49:33	-58.967000E-3	2.650000E-9	882.000000E-12	4.996000E-9	2.689000E-6	0.000000E+0	0.000000E+0	0.000000E+0	172.170000E-6	-109.315000E+0	56.565000E+0
	21/10/2022 15:49:44	-58.967000E-3	2.650000E-9	887.000000E-12	4.996000E-9	2.654000E-6	0.000000E+0	0.000000E+0	0.000000E+0	190.910000E-6	-109.090000E+0	56.678000E+0
	21/10/2022 15:49:56	-59.286000E-3	2.660000E-9	878.000000E-12	4.996000E-9	2.638000E-6	0.000000E+0	0.000000E+0	0.000000E+0	212.610000E-6	-109.315000E+0	56.565000E+0
	21/10/2022 15:50:08	-59.089000E-3	2.660000E-9	872.000000E-12	4.996000E-9	2.635000E-6	0.000000E+0	0.000000E+0	0.000000E+0	206.950000E-6	-109.203000E+0	56.790000E+0
	21/10/2022 15:50:19	-58.991000E-3	2.660000E-9	878.000000E-12	4.996000E-9	2.612000E-6	0.000000E+0	0.000000E+0	0.000000E+0	202.750000E-6	-109.203000E+0	56.678000E+0
	21/10/2022 15:50:31	-59.533000E-3	2.650000E-9	880.000000E-12	4.996000E-9	2.612000E-6	0.000000E+0	0.000000E+0	0.000000E+0	203.730000E-6	-109.203000E+0	56.678000E+0
	21/10/2022 15:50:43	-58.597000E-3	2.650000E-9	885.000000E-12	4.996000E-9	2.609000E-6	0.000000E+0	0.000000E+0	0.000000E+0	202.000000E-6	-109.203000E+0	56.565000E+0
	21/10/2022 15:50:54	-59.140000E-3	2.650000E-9	876.000000E-12	4.996000E-9	2.609000E-6	0.000000E+0	0.000000E+0	0.000000E+0	198.810000E-6	-109.203000E+0	56.678000E+0
	21/10/2022 15:51:06	-59.065000E-3	2.660000E-9	880.000000E-12	4.996000E-9	2.609000E-6	0.000000E+0	0.000000E+0	0.000000E+0	203.010000E-6	-109.315000E+0	56.565000E+0
	21/10/2022 15:51:18	-58.842000E-3	2.660000E-9	884.000000E-12	4.996000E-9	2.609000E-6	0.000000E+0	0.000000E+0	0.000000E+0	222.980000E-6	-109.203000E+0	56.678000E+0
	21/10/2022 15:51:29	-59.089000E-3	2.670000E-9	894.000000E-12	4.996000E-9	2.692000E-6	0.000000E+0	0.000000E+0	0.000000E+0	210.640000E-6	-109.203000E+0	56.678000E+0
	21/10/2022 15:51:41	-59.089000E-3	2.660000E-9	878.000000E-12	4.996000E-9	2.663000E-6	0.000000E+0	0.000000E+0	0.000000E+0	211.150000E-6	-109.203000E+0	56.678000E+0
	21/10/2022 15:51:53	-58.892000E-3	2.660000E-9	885.000000E-12	4.996000E-9	2.644000E-6	0.000000E+0	0.000000E+0	0.000000E+0	204.710000E-6	-109.203000E+0	56.565000E+0
	21/10/2022 15:52:04	-58.940000E-3	2.660000E-9	888.000000E-12	4.996000E-9	2.686000E-6	0.000000E+0	0.000000E+0	0.000000E+0	207.420000E-6	-109.203000E+0	56.565000E+0
	21/10/2022 15:52:16	-58.499000E-3	2.660000E-9	881.000000E-12	4.996000E-9	2.644000E-6	0.000000E+0	0.000000E+0	0.000000E+0	203.010000E-6	-109.090000E+0	56.678000E+0
	21/10/2022 15:52:28	-59.411000E-3	2.660000E-9	888.000000E-12	4.996000E-9	2.631000E-6	0.000000E+0	0.000000E+0	0.000000E+0	206.950000E-6	-109.203000E+0	56.565000E+0
	21/10/2022 15:52:39	-59.187000E-3	2.710000E-9	890.000000E-12	4.996000E-9	2.609000E-6	0.000000E+0	0.000000E+0	0.000000E+0	247.120000E-6	-109.315000E+0	56.565000E+0
	21/10/2022 15:52:51	-59.164000E-3	2.750000E-9	907.000000E-12	4.996000E-9	2.606000E-6	0.000000E+0	0.000000E+0	0.000000E+0	276.240000E-6	-109.203000E+0	56.678000E+0
	21/10/2022 15:53:03	-59.879000E-3	9.620000E-6	1.830000E-6	13.410000E-6	2.606000E-6	0.000000E+0	0.000000E+0	0.000000E+0	1.100000E+0	-109.315000E+0	56.678000E+0
	21/10/2022 15:53:14	-59.828000E-3	11.600000E-6	2.530000E-6	6.490000E-6	2.603000E-6	0.000000E+0	0.000000E+0	0.000000E+0	92.930000E-3	-109.203000E+0	56.678000E+0
	21/10/2022 15:53:26	-59.041000E-3	730.000000E-9	157.000000E-9	491.900000E-9	2.603000E-6	0.000000E+0	0.000000E+0	0.000000E+0	44.833000E-3	-109.090000E+0	56.678000E+0
	21/10/2022 15:53:38	-58.940000E-3	360.000000E-9	77.600000E-9	272.100000E-9	2.603000E-6	0.000000E+0	0.000000E+0	0.000000E+0	30.406000E-3	-109.090000E+0	56.678000E+0
	21/10/2022 15:53:49	-58.818000E-3	246.000000E-9	53.600000E-9	191.400000E-9	2.594000E-6	0.000000E+0	0.000000E+0	0.000000E+0	23.589000E-3	-109.090000E+0	56.565000E+0
	21/10/2022 15:54:01	-58.547000E-3	189.000000E-9	41.700000E-9	148.100000E-9	2.591000E-6	0.000000E+0	0.000000E+0	0.000000E+0	16.442000E-3	-109.315000E+0	56.565000E+0
	21/10/2022 15:54:13	-58.794000E-3	132.000000E-9	29.300000E-9	103.700000E-9	2.591000E-6	0.000000E+0	0.000000E+0	0.000000E+0	13.228000E-3	-109.090000E+0	56.565000E+0
	21/10/2022 15:54:24	-58.818000E-3	111.000000E-9	24.600000E-9	84.830000E-9	2.591000E-6	0.000000E+0	0.000000E+0	0.000000E+0	11.259000E-3	-109.315000E+0	56.678000E+0
	21/10/2022 15:54:36	-58.720000E-3	94.700000E-9	21.200000E-9	71.360000E-9	2.591000E-6	0.000000E+0	0.000000E+0	0.000000E+0	9.729800E-3	-109.090000E+0	56.678000E+0
	21/10/2022 15:54:48	-58.892000E-3	82.000000E-9	18.400000E-9	60.540000E-9	2.587000E-6	0.000000E+0	0.000000E+0	0.000000E+0	8.498500E-3	-109.203000E+0	56.678000E+0
	21/10/2022 15:54:59	-59.262000E-3	71.900000E-9	16.100000E-9	51.540000E-9	2.587000E-6	0.000000E+0	0.000000E+0	0.000000E+0	7.493300E-3	-109.090000E+0	56.678000E+0
	21/10/2022 15:55:11	-59.164000E-3	63.400000E-9	14.300000E-9	44.520000E-9	2.587000E-6	0.000000E+0	0.000000E+0	0.000000E+0	6.655700E-3	-109.090000E+0	56.678000E+0
	21/10/2022 15:55:23	-58.916000E-3	56.600000E-9	12.800000E-9	38.640000E-9	2.584000E-6	0.000000E+0	0.000000E+0	0.000000E+0	5.969800E-3	-109.315000E+0	56.453000E+0
	21/10/2022 15:55:34	-58.499000E-3	51.400000E-9	11.600000E-9	34.230000E-9	2.581000E-6	0.000000E+0	0.000000E+0	0.000000E+0	5.408100E-3	-109.203000E+0	56.678000E+0
	21/10/2022 15:55:46	-59.211000E-3	46.800000E-9	10.500000E-9	30.500000E-9	2.578000E-6	0.000000E+0	0.000000E+0	0.000000E+0	6.052100E-3	-109.203000E+0	56.565000E+0
	21/10/2022 15:55:57	-58.770000E-3	61.000000E-9	14.200000E-9	57.290000E-9	2.578000E-6	0.000000E+0	0.000000E+0	0.000000E+0	13.907000E-3	-109.203000E+0	56.565000E+0
	21/10/2022 15:56:09	-59.041000E-3	124.000000E-9	28.700000E-9	3.021000E-6	2.575000E-6	0.000000E+0	0.000000E+0	0.000000E+0	1.100000E+0	-109.090000E+0	56.678000E+0
	21/10/2022 15:56:21	-59.730000E-3	0.000000E+0	101.000000E-6	1.091000E-3	2.575000E-6	0.000000E+0	0.000000E+0	0.000000E+0	1.100000E+0	-109.203000E+0	56.678000E+0
	21/10/2022 15:56:33	-59.828000E-3	0.000000E+0	1.360000E-3	7.623000E-3	2.572000E-6	0.000000E+0	0.000000E+0	0.000000E+0	1.100000E+0	-109.427000E+0	56.565000E+0
	21/10/2022 15:56:44	-59.780000E-3	0.000000E+0	1.510000E-3	7.633000E-3	2.572000E-6	0.000000E+0	0.000000E+0	0.000000E+0	1.100000E+0	-109.090000E+0	56.678000E+0
	21/10/2022 15:56:56	-59.706000E-3	0.000000E+0	145.000000E-6	534.300000E-6	2.572000E-6	0.000000E+0	0.000000E+0	0.000000E+0	1.100000E+0	-109.203000E+0	56.565000E+0
	21/10/2022 15:57:08	-59.903000E-3	0.000000E+0	19.800000E-6	73.450000E-6	2.572000E-6	0.000000E+0	0.000000E+0	0.000000E+0	1.100000E+0	-109.315000E+0	56.678000E+0
	21/10/2022 15:57:19	-60.371000E-3	0.000000E+0	7.640000E-6	33.300000E-6	2.569000E-6	0.000000E+0	0.000000E+0	0.000000E+0	1.100000E+0	-109.203000E+0	56.565000E+0
	21/10/2022 15:57:31	-59.584000E-3	0.000000E+0	3.910000E-6	17.120000E-6	2.569000E-6	0.000000E+0	0.000000E+0	0.000000E+0	642.660000E-3	-109.315000E+0	56.678000E+0
	21/10/2022 15:57:42	-59.065000E-3	0.000000E+0	488.000000E-9	1.418000E-6	2.569000E-6	0.000000E+0	0.000000E+0	0.000000E+0	55.848000E-3	-109.427000E+0	56.790000E+0
	21/10/2022 15:57:54	-59.459000E-3	0.000000E+0	119.000000E-9	362.100000E-9	2.893000E-6	0.000000E+0	0.000000E+0	0.000000E+0	16.746000E-3	-109.203000E+0	56.790000E+0
	21/10/2022 15:58:06	-58.916000E-3	0.000000E+0	41.000000E-9	115.100000E-9	2.711000E-6	0.000000E+0	0.000000E+0	0.000000E+0	9.037500E-3	-109.203000E+0	56.453000E+0
	21/10/2022 15:58:17	-59.113000E-3	0.000000E+0	19.800000E-9	30.390000E-9	2.635000E-6	0.000000E+0	0.000000E+0	0.000000E+0	1.272600E-3	-109.315000E+0	56.678000E+0
	21/10/2022 15:58:29	-59.065000E-3	0.000000E+0	8.660000E-9	10.810000E-9	2.603000E-6	0.000000E+0	0.000000E+0	0.000000E+0	888.680000E-6	-109.203000E+0	56.790000E+0
	21/10/2022 15:58:41	-59.089000E-3	0.000000E+0	7.160000E-9	8.637000E-9	2.581000E-6	0.000000E+0	0.000000E+0	0.000000E+0	1.100000E+0	-109.090000E+0	56.565000E+0
	21/10/2022 15:58:52	-59.557000E-3	0.000000E+0	341.000000E-6	2.190000E-3	2.578000E-6	0.000000E+0	0.000000E+0	0.000000E+0	1.100000E+0	-109.203000E+0	56.453000E+0
	21/10/2022 15:59:04	-59.411000E-3	0.000000E+0	466.000000E-6	2.141000E-3	2.575000E-6	0.000000E+0	0.000000E+0	0.000000E+0	1.100000E+0	-109.315000E+0	56.453000E+0
	21/10/2022 15:59:16	-59.879000E-3	0.000000E+0	43.500000E-6	194.000000E-6	2.569000E-6	0.000000E+0	0.000000E+0	0.000000E+0	1.100000E+0	-109.203000E+0	56.565000E+0
	21/10/2022 15:59:27	-59.706000E-3	0.000000E+0	8.610000E-6	41.380000E-6	2.569000E-6	0.000000E+0	0.000000E+0	0.000000E+0	1.100000E+0	-109.315000E+0	56.678000E+0
	21/10/2022 15:59:39	-60.126000E-3	0.000000E+0	4.320000E-6	18.870000E-6	2.566000E-6	0.000000E+0	0.000000E+0	0.000000E+0	882.700000E-3	-109.203000E+0	56.453000E+0
	21/10/2022 15:59:51	-59.631000E-3	0.000000E+0	1.040000E-6	1.956000E-6	2.566000E-6	0.000000E+0	0.000000E+0	0.000000E+0	66.737000E-3	-109.203000E+0	56.678000E+0
	21/10/2022 16:00:02	-59.313000E-3	0.000000E+0	141.000000E-9	442.000000E-9	2.566000E-6	0.000000E+0	0.000000E+0	0.000000E+0	25.049000E-3	-109.203000E+0	56.790000E+0
	21/10/2022 16:00:14	-59.065000E-3	0.000000E+0	59.100000E-9	188.000000E-9	2.584000E-6	0.000000E+0	0.000000E+0	0.000000E+0	19.095000E-3	-109.090000E+0	56.678000E+0
	21/10/2022 16:00:26	-59.384000E-3	0.000000E+0	44.700000E-9	128.700000E-9	2.566000E-6	0.000000E+0	0.000000E+0	0.000000E+0	3.071000E-3	-109.315000E+0	56.790000E+0
	21/10/2022 16:00:37	-58.743000E-3	0.000000E+0	11.700000E-9	15.280000E-9	2.560000E-6	0.000000E+0	0.000000E+0	0.000000E+0	840.840000E-6	-109.090000E+0	56.678000E+0
	21/10/2022 16:00:49	-58.892000E-3	0.000000E+0	7.990000E-9	9.249000E-9	2.557000E-6	0.000000E+0	0.000000E+0	0.000000E+0	773.040000E-6	-109.090000E+0	56.565000E+0
	21/10/2022 16:01:01	-58.621000E-3	0.000000E+0	7.030000E-9	8.362000E-9	2.557000E-6	0.000000E+0	0.000000E+0	0.000000E+0	645.070000E-6	-109.203000E+0	56.565000E+0
	21/10/2022 16:01:12	-58.842000E-3	0.000000E+0	6.200000E-9	6.761000E-9	2.554000E-6	0.000000E+0	0.000000E+0	0.000000E+0	435.020000E-6	-109.203000E+0	56.678000E+0
	21/10/2022 16:01:24	-58.869000E-3	0.000000E+0	5.500000E-9	6.545000E-9	2.554000E-6	0.000000E+0	0.000000E+0	0.000000E+0	364.480000E-6	-109.203000E+0	56.565000E+0
	21/10/2022 16:01:36	-59.262000E-3	0.000000E+0	5.170000E-9	6.291000E-9	2.551000E-6	0.000000E+0	0.000000E+0	0.000000E+0	373.130000E-6	-109.090000E+0	56.678000E+0
	21/10/2022 16:01:47	-59.360000E-3	0.000000E+0	4.840000E-9	5.708000E-9	2.548000E-6	0.000000E+0	0.000000E+0	0.000000E+0	602.190000E-6	-109.315000E+0	56.678000E+0
	21/10/2022 16:01:59	-59.113000E-3	0.000000E+0	5.080000E-9	7.154000E-9	2.545000E-6	0.000000E+0	0.000000E+0	0.000000E+0	967.090000E-6	-109.203000E+0	56.678000E+0
	21/10/2022 16:02:11	-59.113000E-3	0.000000E+0	5.600000E-9	8.483000E-9	2.542000E-6	0.000000E+0	0.000000E+0	0.000000E+0	1.329000E-3	-109.090000E+0	56.565000E+0
	21/10/2022 16:02:22	-58.621000E-3	0.000000E+0	6.110000E-9	9.975000E-9	2.542000E-6	0.000000E+0	0.000000E+0	0.000000E+0	1.660900E-3	-109.315000E+0	56.678000E+0
	21/10/2022 16:02:34	-59.262000E-3	0.000000E+0	6.640000E-9	11.930000E-9	2.542000E-6	0.000000E+0	0.000000E+0	0.000000E+0	2.038900E-3	-109.427000E+0	56.678000E+0
	21/10/2022 16:02:46	-58.770000E-3	0.000000E+0	7.160000E-9	13.730000E-9	2.542000E-6	0.000000E+0	0.000000E+0	0.000000E+0	2.334700E-3	-109.203000E+0	56.678000E+0
	21/10/2022 16:02:57	-58.991000E-3	0.000000E+0	7.660000E-9	15.520000E-9	2.542000E-6	0.000000E+0	0.000000E+0	0.000000E+0	2.645700E-3	-109.203000E+0	56.565000E+0
	21/10/2022 16:03:09	-58.842000E-3	0.000000E+0	8.080000E-9	17.310000E-9	2.554000E-6	0.000000E+0	0.000000E+0	0.000000E+0	2.926300E-3	-109.203000E+0	56.565000E+0
	21/10/2022 16:03:21	-58.770000E-3	0.000000E+0	8.560000E-9	18.960000E-9	2.542000E-6	0.000000E+0	0.000000E+0	0.000000E+0	3.247300E-3	-109.203000E+0	56.565000E+0
	21/10/2022 16:03:32	-59.238000E-3	0.000000E+0	9.080000E-9	20.580000E-9	2.542000E-6	0.000000E+0	0.000000E+0	0.000000E+0	3.566600E-3	-109.090000E+0	56.790000E+0
	21/10/2022 16:03:44	-58.743000E-3	0.000000E+0	9.570000E-9	22.410000E-9	2.538000E-6	0.000000E+0	0.000000E+0	0.000000E+0	3.754900E-3	-109.427000E+0	56.565000E+0
	21/10/2022 16:03:56	-58.645000E-3	0.000000E+0	9.980000E-9	24.080000E-9	2.538000E-6	0.000000E+0	0.000000E+0	0.000000E+0	3.963800E-3	-109.315000E+0	56.678000E+0
	21/10/2022 16:04:07	-59.336000E-3	0.000000E+0	10.400000E-9	25.630000E-9	2.538000E-6	0.000000E+0	0.000000E+0	0.000000E+0	741.980000E-3	-109.203000E+0	56.790000E+0
	21/10/2022 16:04:19	-58.842000E-3	0.000000E+0	1.320000E-6	5.812000E-6	2.538000E-6	0.000000E+0	0.000000E+0	0.000000E+0	732.960000E-3	-109.203000E+0	56.678000E+0
	21/10/2022 16:04:31	-58.794000E-3	0.000000E+0	1.320000E-6	5.749000E-6	2.538000E-6	0.000000E+0	0.000000E+0	0.000000E+0	723.760000E-3	-109.203000E+0	56.678000E+0
	21/10/2022 16:04:42	-59.730000E-3	0.000000E+0	1.310000E-6	5.681000E-6	2.538000E-6	0.000000E+0	0.000000E+0	0.000000E+0	714.790000E-3	-109.315000E+0	56.678000E+0
	21/10/2022 16:04:54	-59.262000E-3	0.000000E+0	1.290000E-6	5.573000E-6	2.538000E-6	0.000000E+0	0.000000E+0	0.000000E+0	705.800000E-3	-109.090000E+0	56.678000E+0
	21/10/2022 16:05:06	-59.459000E-3	0.000000E+0	1.270000E-6	5.506000E-6	2.535000E-6	0.000000E+0	0.000000E+0	0.000000E+0	696.970000E-3	-109.315000E+0	56.790000E+0
	21/10/2022 16:05:17	-58.967000E-3	0.000000E+0	1.260000E-6	5.414000E-6	2.538000E-6	0.000000E+0	0.000000E+0	0.000000E+0	688.170000E-3	-109.090000E+0	56.565000E+0
	21/10/2022 16:05:29	-59.533000E-3	0.000000E+0	1.240000E-6	5.337000E-6	2.538000E-6	0.000000E+0	0.000000E+0	0.000000E+0	679.480000E-3	-109.203000E+0	56.565000E+0
	21/10/2022 16:05:41	-59.089000E-3	0.000000E+0	1.230000E-6	5.267000E-6	2.538000E-6	0.000000E+0	0.000000E+0	0.000000E+0	670.940000E-3	-109.203000E+0	56.678000E+0
	21/10/2022 16:05:52	-59.286000E-3	0.000000E+0	1.210000E-6	5.210000E-6	2.538000E-6	0.000000E+0	0.000000E+0	0.000000E+0	662.500000E-3	-109.203000E+0	56.565000E+0
	21/10/2022 16:06:04	-59.336000E-3	0.000000E+0	1.200000E-6	5.142000E-6	2.538000E-6	0.000000E+0	0.000000E+0	0.000000E+0	654.130000E-3	-109.203000E+0	56.565000E+0
	21/10/2022 16:06:16	-59.509000E-3	0.000000E+0	1.190000E-6	5.075000E-6	2.535000E-6	0.000000E+0	0.000000E+0	0.000000E+0	647.030000E-3	-109.315000E+0	56.790000E+0
	21/10/2022 16:06:27	-59.804000E-3	0.000000E+0	12.100000E-9	21.120000E-9	2.535000E-6	0.000000E+0	0.000000E+0	0.000000E+0	647.120000E-3	-109.315000E+0	56.678000E+0
	21/10/2022 16:06:39	-59.584000E-3	0.000000E+0	5.560000E-9	9.964000E-9	2.535000E-6	0.000000E+0	0.000000E+0	0.000000E+0	647.190000E-3	-109.203000E+0	56.678000E+0
	21/10/2022 16:06:51	-59.435000E-3	0.000000E+0	4.580000E-9	7.496000E-9	2.535000E-6	0.000000E+0	0.000000E+0	0.000000E+0	647.270000E-3	-109.203000E+0	56.678000E+0
	21/10/2022 16:07:02	-59.631000E-3	0.000000E+0	4.050000E-9	6.405000E-9	2.967000E-6	0.000000E+0	0.000000E+0	0.000000E+0	647.350000E-3	-109.315000E+0	56.790000E+0
	21/10/2022 16:07:14	-59.384000E-3	0.000000E+0	3.700000E-9	6.018000E-9	2.718000E-6	0.000000E+0	0.000000E+0	0.000000E+0	647.430000E-3	-109.315000E+0	56.565000E+0
	21/10/2022 16:07:26	-59.533000E-3	0.000000E+0	3.430000E-9	5.586000E-9	2.606000E-6	0.000000E+0	0.000000E+0	0.000000E+0	647.550000E-3	-109.315000E+0	56.678000E+0
	21/10/2022 16:07:37	-58.621000E-3	0.000000E+0	3.230000E-9	5.081000E-9	2.563000E-6	0.000000E+0	0.000000E+0	0.000000E+0	647.590000E-3	-109.203000E+0	56.565000E+0
	21/10/2022 16:07:49	-59.459000E-3	0.000000E+0	3.060000E-9	4.996000E-9	2.542000E-6	0.000000E+0	0.000000E+0	0.000000E+0	647.670000E-3	-109.203000E+0	56.678000E+0
