Live comments	Time	100mbar inj	Barion_2	Barion_1	DUAL experiment	DUAL insulation	1mbar inj	helium	T-platinum	T-CERNOX	V_heater	DUAL inj line	I_emission	I_grid
	05/05/2023 15:53:55	-19.321000E-3	1.740000E-9	820.000000E-12	4.996000E-9	536.300000E-9	35.290000E-3	305.000000E+0	-1.683000E+0	4.292688E+3	18.366000E-6	8.460000E-6	NaN	NaN
	05/05/2023 15:54:03	-18.632000E-3	1.740000E-9	823.000000E-12	4.996000E-9	534.300000E-9	35.283000E-3	305.000000E+0	-1.683000E+0	4.292912E+3	19.710000E-6	8.460000E-6	NaN	NaN
	05/05/2023 15:54:12	-16.683000E-3	1.720000E-9	831.000000E-12	4.996000E-9	528.000000E-9	35.285000E-3	305.000000E+0	-1.796000E+0	4.292463E+3	18.926000E-6	8.460000E-6	NaN	NaN
	05/05/2023 15:54:20	-18.904000E-3	1.710000E-9	827.000000E-12	4.996000E-9	520.400000E-9	35.300000E-3	305.000000E+0	-1.908000E+0	4.292351E+3	17.694000E-6	8.460000E-6	NaN	NaN
	05/05/2023 15:54:29	-19.395000E-3	1.730000E-9	823.000000E-12	4.996000E-9	517.300000E-9	35.298000E-3	305.000000E+0	-1.908000E+0	4.292575E+3	19.598000E-6	8.460000E-6	NaN	NaN
	05/05/2023 15:54:37	-17.226000E-3	1.710000E-9	822.000000E-12	4.996000E-9	512.300000E-9	35.331000E-3	305.000000E+0	-1.796000E+0	4.292688E+3	18.030000E-6	8.460000E-6	NaN	NaN
	05/05/2023 15:54:46	-17.521000E-3	1.700000E-9	819.000000E-12	4.996000E-9	509.300000E-9	35.300000E-3	305.000000E+0	-1.796000E+0	4.292688E+3	19.486000E-6	8.460000E-6	NaN	NaN
	05/05/2023 15:54:55	-17.053000E-3	1.720000E-9	814.000000E-12	4.996000E-9	505.600000E-9	35.323000E-3	305.000000E+0	-1.796000E+0	4.292351E+3	18.142000E-6	8.460000E-6	NaN	NaN
	05/05/2023 15:55:03	-20.334000E-3	1.690000E-9	829.000000E-12	4.996000E-9	505.000000E-9	35.285000E-3	305.000000E+0	-1.908000E+0	4.292239E+3	18.814000E-6	8.450000E-6	NaN	NaN
	05/05/2023 15:55:12	-17.202000E-3	1.710000E-9	825.000000E-12	4.996000E-9	500.200000E-9	35.322000E-3	304.000000E+0	-1.908000E+0	4.292575E+3	19.150000E-6	110.000000E-6	NaN	NaN
	05/05/2023 15:55:20	-20.924000E-3	1.710000E-9	819.000000E-12	4.996000E-9	500.200000E-9	-307.620000E-6	305.000000E+0	-1.796000E+0	4.292688E+3	17.582000E-6	14.000000E-6	NaN	NaN
	05/05/2023 15:55:29	-17.104000E-3	1.690000E-9	809.000000E-12	4.996000E-9	500.200000E-9	-667.360000E-6	305.000000E+0	-1.683000E+0	4.292351E+3	20.046000E-6	9.180000E-6	NaN	NaN
	05/05/2023 15:55:37	-21.046000E-3	1.710000E-9	812.000000E-12	4.996000E-9	499.600000E-9	-709.770000E-6	305.000000E+0	-1.683000E+0	4.292014E+3	18.478000E-6	8.590000E-6	NaN	NaN
	05/05/2023 15:55:46	-17.080000E-3	1.690000E-9	823.000000E-12	4.996000E-9	499.000000E-9	-721.600000E-6	305.000000E+0	-1.908000E+0	4.292575E+3	18.702000E-6	8.490000E-6	NaN	NaN
	05/05/2023 15:55:54	-18.904000E-3	1.700000E-9	820.000000E-12	4.996000E-9	497.200000E-9	-709.500000E-6	305.000000E+0	-1.796000E+0	4.292688E+3	19.598000E-6	8.470000E-6	NaN	NaN
	05/05/2023 15:56:03	-20.677000E-3	1.680000E-9	812.000000E-12	4.996000E-9	497.200000E-9	-715.200000E-6	305.000000E+0	-1.683000E+0	4.292351E+3	17.582000E-6	8.460000E-6	NaN	NaN
	05/05/2023 15:56:12	-20.900000E-3	1.700000E-9	817.000000E-12	4.996000E-9	496.600000E-9	-715.200000E-6	304.000000E+0	-1.796000E+0	4.292351E+3	19.038000E-6	8.460000E-6	NaN	NaN
	05/05/2023 15:56:20	-17.497000E-3	1.690000E-9	820.000000E-12	4.996000E-9	496.600000E-9	-743.780000E-6	305.000000E+0	-1.908000E+0	4.292463E+3	18.478000E-6	8.460000E-6	NaN	NaN
	05/05/2023 15:56:29	-17.005000E-3	1.680000E-9	815.000000E-12	4.996000E-9	496.600000E-9	-709.030000E-6	305.000000E+0	-2.020000E+0	4.292351E+3	19.598000E-6	8.450000E-6	NaN	NaN
	05/05/2023 15:56:37	-17.449000E-3	1.690000E-9	810.000000E-12	4.996000E-9	497.200000E-9	-711.740000E-6	305.000000E+0	-1.796000E+0	4.292351E+3	18.590000E-6	8.460000E-6	NaN	NaN
	05/05/2023 15:56:46	-20.728000E-3	1.680000E-9	813.000000E-12	4.996000E-9	496.600000E-9	-721.600000E-6	304.000000E+0	-1.683000E+0	4.292575E+3	18.478000E-6	8.450000E-6	NaN	NaN
	05/05/2023 15:56:54	-21.443000E-3	1.700000E-9	819.000000E-12	4.996000E-9	497.800000E-9	-706.080000E-6	304.000000E+0	-1.796000E+0	4.292688E+3	19.486000E-6	8.460000E-6	NaN	NaN
	05/05/2023 15:57:03	-17.324000E-3	1.680000E-9	807.000000E-12	4.996000E-9	499.000000E-9	-710.250000E-6	305.000000E+0	-1.908000E+0	4.292800E+3	17.918000E-6	8.460000E-6	NaN	NaN
	05/05/2023 15:57:12	-17.893000E-3	1.660000E-9	813.000000E-12	4.996000E-9	499.000000E-9	-713.710000E-6	304.000000E+0	-1.683000E+0	4.292351E+3	20.382000E-6	8.460000E-6	NaN	NaN
	05/05/2023 15:57:20	-18.707000E-3	1.690000E-9	820.000000E-12	4.996000E-9	499.000000E-9	-732.450000E-6	304.000000E+0	-1.908000E+0	4.292463E+3	19.262000E-6	8.460000E-6	NaN	NaN
	05/05/2023 15:57:29	-17.422000E-3	1.670000E-9	813.000000E-12	4.996000E-9	499.000000E-9	-744.760000E-6	304.000000E+0	-1.796000E+0	4.292575E+3	18.814000E-6	8.460000E-6	NaN	NaN
	05/05/2023 15:57:37	-17.151000E-3	1.690000E-9	805.000000E-12	4.996000E-9	499.600000E-9	-753.160000E-6	305.000000E+0	-1.683000E+0	4.292126E+3	19.934000E-6	8.460000E-6	NaN	NaN
	05/05/2023 15:57:46	-16.931000E-3	1.660000E-9	816.000000E-12	4.996000E-9	499.000000E-9	-710.250000E-6	304.000000E+0	-1.908000E+0	4.292463E+3	18.030000E-6	8.460000E-6	NaN	NaN
sample in position	05/05/2023 15:57:54	-21.246000E-3	1.680000E-9	812.000000E-12	4.996000E-9	499.000000E-9	-749.710000E-6	304.000000E+0	-1.683000E+0	4.292688E+3	18.590000E-6	8.460000E-6	NaN	NaN
	05/05/2023 15:58:03	-17.104000E-3	1.680000E-9	812.000000E-12	4.996000E-9	498.400000E-9	-719.370000E-6	304.000000E+0	-1.683000E+0	4.292239E+3	19.374000E-6	8.460000E-6	NaN	NaN
	05/05/2023 15:58:11	-21.097000E-3	1.670000E-9	807.000000E-12	4.996000E-9	497.800000E-9	-708.280000E-6	304.000000E+0	-1.796000E+0	4.292688E+3	19.934000E-6	8.460000E-6	NaN	NaN
	05/05/2023 15:58:20	-17.622000E-3	1.670000E-9	816.000000E-12	4.996000E-9	497.200000E-9	-749.200000E-6	304.000000E+0	-1.683000E+0	4.292800E+3	18.142000E-6	8.460000E-6	NaN	NaN
	05/05/2023 15:58:28	-17.005000E-3	1.660000E-9	811.000000E-12	4.996000E-9	497.200000E-9	-707.540000E-6	304.000000E+0	-1.796000E+0	4.292688E+3	19.822000E-6	8.460000E-6	NaN	NaN
	05/05/2023 15:58:37	-17.571000E-3	1.690000E-9	807.000000E-12	4.996000E-9	499.000000E-9	-725.300000E-6	304.000000E+0	-1.908000E+0	4.292351E+3	18.478000E-6	8.460000E-6	NaN	NaN
	05/05/2023 15:58:46	-17.422000E-3	1.650000E-9	800.000000E-12	4.996000E-9	499.600000E-9	-706.550000E-6	304.000000E+0	-1.796000E+0	4.292575E+3	18.926000E-6	8.460000E-6	NaN	NaN
	05/05/2023 15:58:54	-17.324000E-3	1.670000E-9	811.000000E-12	4.996000E-9	500.200000E-9	-715.200000E-6	304.000000E+0	-1.908000E+0	4.292126E+3	19.150000E-6	8.460000E-6	NaN	NaN
	05/05/2023 15:59:03	-17.351000E-3	1.660000E-9	813.000000E-12	4.996000E-9	501.400000E-9	-744.520000E-6	304.000000E+0	-2.020000E+0	4.292800E+3	18.142000E-6	8.460000E-6	NaN	NaN
	05/05/2023 15:59:11	-16.978000E-3	1.680000E-9	805.000000E-12	4.996000E-9	505.000000E-9	-712.960000E-6	304.000000E+0	-1.683000E+0	4.292351E+3	18.702000E-6	8.460000E-6	NaN	NaN
	05/05/2023 15:59:20	-17.104000E-3	1.650000E-9	804.000000E-12	4.996000E-9	505.600000E-9	-710.760000E-6	304.000000E+0	-1.796000E+0	4.292575E+3	19.598000E-6	8.460000E-6	NaN	NaN
	05/05/2023 15:59:28	-20.775000E-3	1.650000E-9	813.000000E-12	4.996000E-9	505.600000E-9	-718.380000E-6	304.000000E+0	-1.683000E+0	4.292351E+3	19.822000E-6	8.460000E-6	NaN	NaN
	05/05/2023 15:59:37	-17.080000E-3	1.670000E-9	804.000000E-12	4.996000E-9	505.000000E-9	-747.740000E-6	303.000000E+0	-1.908000E+0	4.292239E+3	18.926000E-6	8.460000E-6	NaN	NaN
	05/05/2023 15:59:45	-16.683000E-3	1.670000E-9	811.000000E-12	4.996000E-9	505.000000E-9	-713.470000E-6	304.000000E+0	-2.020000E+0	4.292463E+3	18.254000E-6	8.460000E-6	NaN	NaN
	05/05/2023 15:59:54	-16.436000E-3	1.660000E-9	807.000000E-12	4.996000E-9	505.000000E-9	-749.200000E-6	304.000000E+0	-1.796000E+0	4.292239E+3	18.814000E-6	8.460000E-6	NaN	NaN
	05/05/2023 16:00:02	-16.364000E-3	1.660000E-9	804.000000E-12	4.996000E-9	505.000000E-9	-705.330000E-6	303.000000E+0	-1.683000E+0	4.292126E+3	18.926000E-6	8.460000E-6	NaN	NaN
	05/05/2023 16:00:11	-16.931000E-3	1.670000E-9	810.000000E-12	4.996000E-9	505.000000E-9	-726.790000E-6	304.000000E+0	-1.683000E+0	4.292014E+3	19.150000E-6	8.460000E-6	NaN	NaN
	05/05/2023 16:00:20	-17.080000E-3	1.650000E-9	804.000000E-12	4.996000E-9	500.800000E-9	-746.760000E-6	304.000000E+0	-1.683000E+0	4.292575E+3	17.918000E-6	8.460000E-6	NaN	NaN
	05/05/2023 16:00:28	-16.880000E-3	1.650000E-9	801.000000E-12	4.996000E-9	500.200000E-9	-705.330000E-6	304.000000E+0	-1.908000E+0	4.292239E+3	18.590000E-6	8.460000E-6	NaN	NaN
	05/05/2023 16:00:37	-17.646000E-3	1.650000E-9	806.000000E-12	4.996000E-9	500.200000E-9	-712.960000E-6	303.000000E+0	-1.796000E+0	4.292463E+3	17.470000E-6	8.460000E-6	NaN	NaN
	05/05/2023 16:00:45	-20.012000E-3	1.640000E-9	802.000000E-12	4.996000E-9	500.200000E-9	-710.760000E-6	304.000000E+0	-1.683000E+0	4.292351E+3	19.822000E-6	8.460000E-6	NaN	NaN
	05/05/2023 16:00:54	-16.412000E-3	1.630000E-9	803.000000E-12	4.996000E-9	500.200000E-9	-711.980000E-6	304.000000E+0	-1.908000E+0	4.292351E+3	19.822000E-6	8.460000E-6	NaN	NaN
	05/05/2023 16:01:02	-21.097000E-3	1.640000E-9	806.000000E-12	4.996000E-9	504.400000E-9	-713.230000E-6	304.000000E+0	-1.908000E+0	4.292239E+3	19.262000E-6	8.460000E-6	NaN	NaN
	05/05/2023 16:01:11	-18.483000E-3	1.660000E-9	802.000000E-12	4.996000E-9	505.600000E-9	-708.790000E-6	303.000000E+0	-1.796000E+0	4.291902E+3	19.038000E-6	8.460000E-6	NaN	NaN
	05/05/2023 16:01:19	-17.694000E-3	1.660000E-9	809.000000E-12	4.996000E-9	505.600000E-9	-750.180000E-6	304.000000E+0	-1.683000E+0	4.292239E+3	19.374000E-6	8.460000E-6	NaN	NaN
	05/05/2023 16:01:28	-17.151000E-3	1.640000E-9	795.000000E-12	4.996000E-9	505.600000E-9	-751.200000E-6	304.000000E+0	-1.796000E+0	4.292239E+3	19.598000E-6	8.460000E-6	NaN	NaN
	05/05/2023 16:01:37	-18.755000E-3	1.640000E-9	806.000000E-12	4.996000E-9	505.600000E-9	-750.690000E-6	303.000000E+0	-1.908000E+0	4.291902E+3	20.158000E-6	8.460000E-6	NaN	NaN
	05/05/2023 16:01:45	-18.680000E-3	1.650000E-9	807.000000E-12	4.996000E-9	505.000000E-9	-708.280000E-6	303.000000E+0	-1.908000E+0	4.292463E+3	19.710000E-6	8.460000E-6	NaN	NaN
	05/05/2023 16:01:54	-16.832000E-3	1.650000E-9	797.000000E-12	4.996000E-9	505.000000E-9	-708.520000E-6	303.000000E+0	-1.796000E+0	4.291902E+3	19.038000E-6	8.460000E-6	NaN	NaN
	05/05/2023 16:02:02	-16.659000E-3	1.640000E-9	801.000000E-12	4.996000E-9	507.500000E-9	-709.770000E-6	303.000000E+0	-1.796000E+0	4.292126E+3	19.598000E-6	8.460000E-6	NaN	NaN
	05/05/2023 16:02:11	-20.877000E-3	1.650000E-9	804.000000E-12	4.996000E-9	508.100000E-9	-735.640000E-6	303.000000E+0	-1.796000E+0	4.292239E+3	17.806000E-6	8.460000E-6	NaN	NaN
	05/05/2023 16:02:19	-16.880000E-3	1.640000E-9	808.000000E-12	4.996000E-9	506.200000E-9	-709.270000E-6	303.000000E+0	-1.571000E+0	4.292014E+3	18.254000E-6	8.460000E-6	NaN	NaN
	05/05/2023 16:02:28	-18.165000E-3	1.630000E-9	797.000000E-12	4.996000E-9	505.600000E-9	-746.490000E-6	303.000000E+0	-1.796000E+0	4.292126E+3	18.142000E-6	8.460000E-6	NaN	NaN
	05/05/2023 16:02:36	-18.707000E-3	1.660000E-9	793.000000E-12	4.996000E-9	505.000000E-9	-758.080000E-6	303.000000E+0	-1.908000E+0	4.292014E+3	19.038000E-6	8.460000E-6	NaN	NaN
	05/05/2023 16:02:45	-20.677000E-3	1.630000E-9	797.000000E-12	4.996000E-9	505.000000E-9	-709.030000E-6	303.000000E+0	-1.796000E+0	4.292239E+3	18.926000E-6	8.460000E-6	NaN	NaN
	05/05/2023 16:02:54	-17.250000E-3	1.630000E-9	807.000000E-12	4.996000E-9	505.000000E-9	-738.620000E-6	303.000000E+0	-1.683000E+0	4.291678E+3	18.478000E-6	8.460000E-6	NaN	NaN
	05/05/2023 16:03:02	-20.260000E-3	1.640000E-9	806.000000E-12	4.996000E-9	505.000000E-9	-707.540000E-6	303.000000E+0	-1.796000E+0	4.291790E+3	18.254000E-6	8.460000E-6	NaN	NaN
	05/05/2023 16:03:11	-17.080000E-3	1.640000E-9	794.000000E-12	4.996000E-9	505.000000E-9	-732.930000E-6	303.000000E+0	-1.796000E+0	4.292239E+3	17.918000E-6	8.460000E-6	NaN	NaN
	05/05/2023 16:03:19	-16.510000E-3	1.650000E-9	793.000000E-12	4.996000E-9	505.000000E-9	-721.600000E-6	303.000000E+0	-1.908000E+0	4.291902E+3	19.150000E-6	8.460000E-6	NaN	NaN
	05/05/2023 16:03:28	-17.324000E-3	1.620000E-9	799.000000E-12	4.996000E-9	505.000000E-9	-743.060000E-6	303.000000E+0	-1.571000E+0	4.292239E+3	18.030000E-6	8.450000E-6	NaN	NaN
	05/05/2023 16:03:36	-17.375000E-3	1.630000E-9	801.000000E-12	4.996000E-9	505.000000E-9	-748.490000E-6	303.000000E+0	-1.796000E+0	4.292014E+3	19.374000E-6	8.460000E-6	NaN	NaN
	05/05/2023 16:03:45	-20.358000E-3	1.640000E-9	801.000000E-12	4.996000E-9	505.000000E-9	-708.280000E-6	303.000000E+0	-1.796000E+0	4.291790E+3	20.046000E-6	8.460000E-6	NaN	NaN
	05/05/2023 16:03:53	-16.782000E-3	1.650000E-9	796.000000E-12	4.996000E-9	504.400000E-9	-750.450000E-6	303.000000E+0	-1.908000E+0	4.291902E+3	18.142000E-6	8.470000E-6	NaN	NaN
	05/05/2023 16:04:02	-21.121000E-3	1.640000E-9	800.000000E-12	4.996000E-9	505.000000E-9	-728.990000E-6	303.000000E+0	-1.796000E+0	4.291902E+3	18.590000E-6	8.460000E-6	NaN	NaN
	05/05/2023 16:04:10	-18.582000E-3	1.630000E-9	803.000000E-12	4.996000E-9	505.000000E-9	-751.440000E-6	303.000000E+0	-1.683000E+0	4.292239E+3	19.262000E-6	8.460000E-6	NaN	NaN
	05/05/2023 16:04:19	-16.856000E-3	1.620000E-9	804.000000E-12	4.996000E-9	505.000000E-9	-706.790000E-6	303.000000E+0	-1.908000E+0	4.292239E+3	19.262000E-6	8.460000E-6	NaN	NaN
	05/05/2023 16:04:28	-17.053000E-3	1.610000E-9	804.000000E-12	4.996000E-9	505.000000E-9	-708.790000E-6	303.000000E+0	-1.908000E+0	4.292014E+3	17.918000E-6	8.460000E-6	NaN	NaN
	05/05/2023 16:04:36	-17.005000E-3	1.650000E-9	798.000000E-12	4.996000E-9	505.000000E-9	-709.030000E-6	303.000000E+0	-1.908000E+0	4.292014E+3	19.038000E-6	8.460000E-6	NaN	NaN
	05/05/2023 16:04:45	-17.029000E-3	1.630000E-9	792.000000E-12	4.996000E-9	505.000000E-9	-714.450000E-6	303.000000E+0	-1.683000E+0	4.291902E+3	19.934000E-6	8.460000E-6	NaN	NaN
	05/05/2023 16:04:53	-16.758000E-3	1.610000E-9	788.000000E-12	4.996000E-9	505.000000E-9	-719.640000E-6	303.000000E+0	-1.796000E+0	4.292239E+3	19.038000E-6	8.460000E-6	NaN	NaN
	05/05/2023 16:05:02	-17.375000E-3	1.630000E-9	793.000000E-12	4.996000E-9	505.000000E-9	-746.250000E-6	303.000000E+0	-1.796000E+0	4.291678E+3	19.710000E-6	8.460000E-6	NaN	NaN
	05/05/2023 16:05:10	-17.622000E-3	1.640000E-9	798.000000E-12	4.996000E-9	506.200000E-9	-755.880000E-6	303.000000E+0	-1.683000E+0	4.291678E+3	19.374000E-6	8.460000E-6	NaN	NaN
	05/05/2023 16:05:19	-17.375000E-3	1.620000E-9	798.000000E-12	4.996000E-9	509.900000E-9	-726.280000E-6	303.000000E+0	-2.020000E+0	4.292126E+3	18.142000E-6	8.460000E-6	NaN	NaN
	05/05/2023 16:05:27	-17.250000E-3	1.640000E-9	798.000000E-12	4.996000E-9	511.100000E-9	-725.540000E-6	303.000000E+0	-1.796000E+0	4.291790E+3	20.046000E-6	8.460000E-6	NaN	NaN
	05/05/2023 16:05:36	-16.782000E-3	1.620000E-9	794.000000E-12	4.996000E-9	509.900000E-9	-741.330000E-6	303.000000E+0	-2.020000E+0	4.292351E+3	18.478000E-6	8.460000E-6	NaN	NaN
	05/05/2023 16:05:45	-17.029000E-3	1.620000E-9	794.000000E-12	4.996000E-9	501.400000E-9	-707.300000E-6	303.000000E+0	-1.908000E+0	4.292463E+3	19.150000E-6	8.460000E-6	NaN	NaN
	05/05/2023 16:05:53	-16.487000E-3	1.630000E-9	802.000000E-12	4.996000E-9	495.400000E-9	-716.920000E-6	303.000000E+0	-1.796000E+0	4.292688E+3	19.038000E-6	8.460000E-6	NaN	NaN
	05/05/2023 16:06:02	-20.161000E-3	1.620000E-9	787.000000E-12	4.996000E-9	492.400000E-9	-714.930000E-6	302.000000E+0	-1.796000E+0	4.293249E+3	18.254000E-6	8.460000E-6	NaN	NaN
	05/05/2023 16:06:10	-21.318000E-3	1.600000E-9	801.000000E-12	4.996000E-9	491.300000E-9	-735.910000E-6	303.000000E+0	-1.908000E+0	4.293473E+3	19.262000E-6	8.460000E-6	NaN	NaN
	05/05/2023 16:06:29	-17.792000E-3	1.610000E-9	787.000000E-12	4.996000E-9	490.700000E-9	-709.030000E-6	302.000000E+0	-2.020000E+0	4.294034E+3	18.142000E-6	8.460000E-6	NaN	NaN
	05/05/2023 16:06:38	-16.636000E-3	1.630000E-9	791.000000E-12	4.996000E-9	490.700000E-9	-714.450000E-6	303.000000E+0	-2.020000E+0	4.294259E+3	19.262000E-6	8.460000E-6	NaN	NaN
	05/05/2023 16:06:47	-20.826000E-3	1.630000E-9	798.000000E-12	4.996000E-9	491.900000E-9	-711.740000E-6	303.000000E+0	-1.796000E+0	4.293922E+3	18.590000E-6	8.460000E-6	NaN	NaN
	05/05/2023 16:06:55	-18.951000E-3	1.620000E-9	787.000000E-12	4.996000E-9	492.400000E-9	-748.490000E-6	302.000000E+0	-1.796000E+0	4.294147E+3	18.478000E-6	8.460000E-6	NaN	NaN
	05/05/2023 16:07:04	-21.073000E-3	1.600000E-9	798.000000E-12	4.996000E-9	494.200000E-9	-710.010000E-6	302.000000E+0	-1.796000E+0	4.294596E+3	19.598000E-6	8.460000E-6	NaN	NaN
	05/05/2023 16:07:12	-16.907000E-3	1.600000E-9	793.000000E-12	4.996000E-9	495.400000E-9	-749.710000E-6	302.000000E+0	-1.796000E+0	4.294483E+3	19.262000E-6	8.460000E-6	NaN	NaN
	05/05/2023 16:07:21	-17.127000E-3	1.610000E-9	798.000000E-12	4.996000E-9	496.600000E-9	-710.490000E-6	302.000000E+0	-1.796000E+0	4.294483E+3	18.702000E-6	8.450000E-6	NaN	NaN
	05/05/2023 16:07:29	-16.978000E-3	1.600000E-9	791.000000E-12	4.996000E-9	499.600000E-9	-710.010000E-6	302.000000E+0	-1.683000E+0	4.294371E+3	19.710000E-6	8.460000E-6	NaN	NaN
	05/05/2023 16:07:38	-17.276000E-3	1.610000E-9	792.000000E-12	4.996000E-9	500.200000E-9	-747.000000E-6	302.000000E+0	-1.796000E+0	4.294596E+3	19.710000E-6	8.460000E-6	NaN	NaN
	05/05/2023 16:07:46	-16.782000E-3	1.610000E-9	791.000000E-12	4.996000E-9	500.200000E-9	-706.320000E-6	302.000000E+0	-1.683000E+0	4.295045E+3	19.150000E-6	8.460000E-6	NaN	NaN
	05/05/2023 16:07:55	-17.866000E-3	1.620000E-9	784.000000E-12	4.996000E-9	505.000000E-9	-713.940000E-6	302.000000E+0	-1.908000E+0	4.295269E+3	18.702000E-6	8.460000E-6	NaN	NaN
	05/05/2023 16:08:04	-16.907000E-3	1.620000E-9	796.000000E-12	4.996000E-9	505.600000E-9	-751.200000E-6	302.000000E+0	-2.020000E+0	4.295045E+3	17.582000E-6	8.450000E-6	NaN	NaN
	05/05/2023 16:08:12	-16.978000E-3	1.610000E-9	782.000000E-12	4.996000E-9	505.600000E-9	-709.500000E-6	302.000000E+0	-1.908000E+0	4.295045E+3	19.934000E-6	8.460000E-6	NaN	NaN
	05/05/2023 16:08:21	-16.809000E-3	1.610000E-9	801.000000E-12	4.996000E-9	506.200000E-9	-718.890000E-6	302.000000E+0	-2.020000E+0	4.294820E+3	19.822000E-6	8.450000E-6	NaN	NaN
	05/05/2023 16:08:29	-20.728000E-3	1.610000E-9	788.000000E-12	4.996000E-9	507.500000E-9	-718.380000E-6	302.000000E+0	-1.796000E+0	4.295045E+3	18.590000E-6	8.460000E-6	NaN	NaN
	05/05/2023 16:08:38	-16.978000E-3	1.620000E-9	787.000000E-12	4.996000E-9	508.700000E-9	-716.920000E-6	302.000000E+0	-1.796000E+0	4.294932E+3	18.142000E-6	8.460000E-6	NaN	NaN
	05/05/2023 16:08:46	-16.758000E-3	1.590000E-9	797.000000E-12	4.996000E-9	509.300000E-9	-730.220000E-6	302.000000E+0	-1.796000E+0	4.295045E+3	19.822000E-6	8.460000E-6	NaN	NaN
	05/05/2023 16:08:55	-16.832000E-3	1.620000E-9	792.000000E-12	4.996000E-9	509.900000E-9	-746.250000E-6	302.000000E+0	-1.908000E+0	4.295157E+3	18.254000E-6	8.460000E-6	NaN	NaN
	05/05/2023 16:09:04	-17.250000E-3	1.600000E-9	787.000000E-12	4.996000E-9	509.900000E-9	-747.000000E-6	302.000000E+0	-1.908000E+0	4.295269E+3	18.926000E-6	8.460000E-6	NaN	NaN
	05/05/2023 16:09:12	-17.497000E-3	1.620000E-9	787.000000E-12	4.996000E-9	509.900000E-9	-750.930000E-6	302.000000E+0	-1.908000E+0	4.294932E+3	19.262000E-6	8.460000E-6	NaN	NaN
	05/05/2023 16:09:21	-16.758000E-3	1.610000E-9	796.000000E-12	4.996000E-9	511.100000E-9	-724.550000E-6	302.000000E+0	-1.796000E+0	4.295045E+3	19.262000E-6	8.450000E-6	NaN	NaN
	05/05/2023 16:09:30	-16.907000E-3	1.590000E-9	787.000000E-12	4.996000E-9	511.100000E-9	-718.150000E-6	302.000000E+0	-1.908000E+0	4.295493E+3	18.814000E-6	8.450000E-6	NaN	NaN
	05/05/2023 16:09:38	-16.931000E-3	1.610000E-9	785.000000E-12	4.996000E-9	510.500000E-9	-750.690000E-6	302.000000E+0	-1.683000E+0	4.295157E+3	19.038000E-6	8.460000E-6	NaN	NaN
	05/05/2023 16:09:47	-17.080000E-3	1.610000E-9	795.000000E-12	4.996000E-9	509.300000E-9	-747.000000E-6	302.000000E+0	-1.908000E+0	4.295718E+3	17.582000E-6	8.460000E-6	NaN	NaN
	05/05/2023 16:09:56	-16.609000E-3	1.610000E-9	792.000000E-12	4.996000E-9	509.900000E-9	-745.030000E-6	302.000000E+0	-1.796000E+0	4.295606E+3	19.374000E-6	8.450000E-6	NaN	NaN
	05/05/2023 16:10:04	-17.053000E-3	1.620000E-9	786.000000E-12	4.996000E-9	509.900000E-9	-749.470000E-6	302.000000E+0	-1.683000E+0	4.295718E+3	18.254000E-6	8.460000E-6	NaN	NaN
	05/05/2023 16:10:13	-20.802000E-3	1.600000E-9	795.000000E-12	4.996000E-9	509.900000E-9	-750.690000E-6	302.000000E+0	-1.908000E+0	4.295606E+3	18.590000E-6	8.450000E-6	NaN	NaN
starting esd measurements	05/05/2023 16:10:21	-19.222000E-3	1.600000E-9	791.000000E-12	4.996000E-9	510.500000E-9	-749.710000E-6	302.000000E+0	-1.796000E+0	4.295157E+3	19.374000E-6	8.460000E-6	NaN	NaN
	05/05/2023 16:10:30	-17.178000E-3	1.610000E-9	787.000000E-12	4.996000E-9	511.100000E-9	-705.060000E-6	302.000000E+0	-1.796000E+0	4.295381E+3	18.030000E-6	8.460000E-6	NaN	NaN
	05/05/2023 16:10:38	-17.080000E-3	1.610000E-9	791.000000E-12	4.996000E-9	511.700000E-9	-747.230000E-6	301.000000E+0	-1.796000E+0	4.295045E+3	19.486000E-6	8.460000E-6	NaN	NaN
	05/05/2023 16:10:47	-17.276000E-3	1.600000E-9	784.000000E-12	4.996000E-9	513.600000E-9	-749.200000E-6	302.000000E+0	-1.683000E+0	4.295606E+3	17.806000E-6	8.460000E-6	NaN	NaN
	05/05/2023 16:10:55	-16.412000E-3	1.590000E-9	795.000000E-12	4.996000E-9	514.200000E-9	-751.910000E-6	301.000000E+0	-1.796000E+0	4.295381E+3	18.702000E-6	8.460000E-6	NaN	NaN
	05/05/2023 16:11:04	-16.758000E-3	1.620000E-9	787.000000E-12	4.996000E-9	519.800000E-9	-712.720000E-6	302.000000E+0	-1.571000E+0	4.295157E+3	20.158000E-6	8.460000E-6	NaN	NaN
	05/05/2023 16:11:13	-20.775000E-3	1.590000E-9	779.000000E-12	4.996000E-9	524.800000E-9	-722.350000E-6	302.000000E+0	-1.683000E+0	4.295045E+3	18.366000E-6	8.460000E-6	NaN	NaN
	05/05/2023 16:11:21	-17.029000E-3	1.590000E-9	796.000000E-12	4.996000E-9	522.900000E-9	-747.980000E-6	301.000000E+0	-1.683000E+0	4.294708E+3	18.478000E-6	8.460000E-6	NaN	NaN
	05/05/2023 16:11:30	-17.053000E-3	1.600000E-9	787.000000E-12	4.996000E-9	519.800000E-9	-750.180000E-6	301.000000E+0	-1.796000E+0	4.294596E+3	20.494000E-6	8.460000E-6	NaN	NaN
	05/05/2023 16:11:38	-16.978000E-3	1.600000E-9	779.000000E-12	4.996000E-9	520.400000E-9	-710.010000E-6	301.000000E+0	-1.796000E+0	4.294483E+3	18.478000E-6	8.460000E-6	NaN	NaN
	05/05/2023 16:11:47	-16.809000E-3	1.610000E-9	794.000000E-12	4.996000E-9	524.800000E-9	-730.220000E-6	301.000000E+0	-2.132000E+0	4.294371E+3	18.366000E-6	8.460000E-6	NaN	NaN
	05/05/2023 16:11:55	-18.731000E-3	1.580000E-9	792.000000E-12	4.996000E-9	519.800000E-9	-710.490000E-6	302.000000E+0	-1.908000E+0	4.294483E+3	18.590000E-6	8.460000E-6	NaN	NaN
	05/05/2023 16:12:04	-21.195000E-3	1.610000E-9	790.000000E-12	4.996000E-9	516.700000E-9	-708.520000E-6	301.000000E+0	-1.683000E+0	4.294820E+3	16.575000E-6	8.450000E-6	NaN	NaN
	05/05/2023 16:12:12	-19.002000E-3	1.590000E-9	783.000000E-12	4.996000E-9	513.000000E-9	-728.490000E-6	301.000000E+0	-1.683000E+0	4.294596E+3	19.822000E-6	8.460000E-6	NaN	NaN
	05/05/2023 16:12:21	-20.209000E-3	1.610000E-9	794.000000E-12	4.996000E-9	510.500000E-9	-731.200000E-6	301.000000E+0	-1.683000E+0	4.294483E+3	18.590000E-6	8.460000E-6	NaN	NaN
	05/05/2023 16:12:30	-16.856000E-3	1.590000E-9	786.000000E-12	4.996000E-9	509.900000E-9	-732.210000E-6	301.000000E+0	-1.683000E+0	4.294820E+3	19.262000E-6	8.460000E-6	NaN	NaN
	05/05/2023 16:12:38	-17.005000E-3	1.600000E-9	785.000000E-12	4.996000E-9	508.700000E-9	-747.470000E-6	301.000000E+0	-1.908000E+0	4.294708E+3	18.142000E-6	8.450000E-6	NaN	NaN
	05/05/2023 16:12:47	-17.300000E-3	1.590000E-9	780.000000E-12	4.996000E-9	508.700000E-9	-746.760000E-6	301.000000E+0	-1.796000E+0	4.294371E+3	17.582000E-6	8.450000E-6	NaN	NaN
	05/05/2023 16:12:55	-16.510000E-3	1.580000E-9	783.000000E-12	4.996000E-9	508.700000E-9	-709.770000E-6	301.000000E+0	-1.796000E+0	4.294371E+3	19.934000E-6	8.450000E-6	NaN	NaN
	05/05/2023 16:13:04	-16.907000E-3	1.600000E-9	796.000000E-12	4.996000E-9	508.700000E-9	-746.490000E-6	301.000000E+0	-1.796000E+0	4.294596E+3	20.606000E-6	8.450000E-6	NaN	NaN
	05/05/2023 16:13:12	-17.178000E-3	1.600000E-9	791.000000E-12	4.996000E-9	508.700000E-9	-713.230000E-6	301.000000E+0	-1.796000E+0	4.294483E+3	17.358000E-6	8.450000E-6	NaN	NaN
	05/05/2023 16:13:21	-16.585000E-3	1.580000E-9	782.000000E-12	4.996000E-9	509.300000E-9	-710.490000E-6	301.000000E+0	-1.683000E+0	4.294259E+3	19.262000E-6	8.450000E-6	NaN	NaN
	05/05/2023 16:13:29	-17.375000E-3	1.590000E-9	779.000000E-12	4.996000E-9	509.300000E-9	-742.050000E-6	301.000000E+0	-1.908000E+0	4.294259E+3	18.814000E-6	8.450000E-6	NaN	NaN
	05/05/2023 16:13:38	-16.978000E-3	1.590000E-9	794.000000E-12	4.996000E-9	509.900000E-9	-747.740000E-6	301.000000E+0	-1.796000E+0	4.294483E+3	18.030000E-6	8.450000E-6	NaN	NaN
	05/05/2023 16:13:46	-16.955000E-3	1.600000E-9	789.000000E-12	4.996000E-9	511.100000E-9	-748.490000E-6	301.000000E+0	-1.796000E+0	4.294708E+3	19.038000E-6	8.450000E-6	NaN	NaN
	05/05/2023 16:13:55	-19.076000E-3	1.570000E-9	781.000000E-12	4.996000E-9	512.300000E-9	-746.250000E-6	301.000000E+0	-1.683000E+0	4.294708E+3	17.918000E-6	8.450000E-6	NaN	NaN
	05/05/2023 16:14:04	-18.460000E-3	1.600000E-9	784.000000E-12	4.996000E-9	513.600000E-9	-738.860000E-6	301.000000E+0	-1.683000E+0	4.294371E+3	19.374000E-6	8.450000E-6	NaN	NaN
	05/05/2023 16:14:12	-16.856000E-3	1.580000E-9	788.000000E-12	4.996000E-9	513.600000E-9	-746.490000E-6	301.000000E+0	-1.908000E+0	4.294371E+3	17.694000E-6	8.450000E-6	NaN	NaN
	05/05/2023 16:14:21	-17.053000E-3	1.600000E-9	785.000000E-12	4.996000E-9	514.200000E-9	-745.510000E-6	301.000000E+0	-1.571000E+0	4.294034E+3	18.590000E-6	8.450000E-6	NaN	NaN
	05/05/2023 16:14:29	-16.537000E-3	1.590000E-9	787.000000E-12	4.996000E-9	514.200000E-9	-751.440000E-6	301.000000E+0	-1.796000E+0	4.294596E+3	18.142000E-6	8.450000E-6	NaN	NaN
	05/05/2023 16:14:38	-17.226000E-3	1.600000E-9	789.000000E-12	4.996000E-9	513.600000E-9	-748.960000E-6	301.000000E+0	-1.908000E+0	4.293922E+3	19.150000E-6	8.450000E-6	NaN	NaN
	05/05/2023 16:14:46	-17.819000E-3	1.720000E-9	836.000000E-12	4.996000E-9	513.000000E-9	-713.710000E-6	301.000000E+0	-1.796000E+0	4.294147E+3	18.814000E-6	8.450000E-6	NaN	NaN
	05/05/2023 16:14:55	-18.507000E-3	1.720000E-9	842.000000E-12	4.996000E-9	511.700000E-9	-744.760000E-6	301.000000E+0	-1.908000E+0	4.294147E+3	19.374000E-6	8.450000E-6	NaN	NaN
	05/05/2023 16:15:03	-16.832000E-3	1.740000E-9	845.000000E-12	4.996000E-9	511.100000E-9	-750.180000E-6	301.000000E+0	-1.683000E+0	4.294034E+3	18.030000E-6	8.450000E-6	NaN	NaN
	05/05/2023 16:15:12	-16.832000E-3	1.650000E-9	809.000000E-12	4.996000E-9	510.500000E-9	-746.490000E-6	301.000000E+0	-1.908000E+0	4.293922E+3	18.366000E-6	8.450000E-6	NaN	NaN
	05/05/2023 16:15:20	-18.311000E-3	1.650000E-9	812.000000E-12	4.996000E-9	510.500000E-9	-749.950000E-6	300.000000E+0	-1.683000E+0	4.294147E+3	19.262000E-6	8.450000E-6	NaN	NaN
	05/05/2023 16:15:29	-16.978000E-3	1.640000E-9	795.000000E-12	4.996000E-9	509.900000E-9	-751.910000E-6	301.000000E+0	-1.796000E+0	4.294371E+3	19.262000E-6	8.450000E-6	NaN	NaN
	05/05/2023 16:15:38	-18.460000E-3	1.620000E-9	809.000000E-12	4.996000E-9	509.300000E-9	-755.370000E-6	301.000000E+0	-1.908000E+0	4.294034E+3	18.366000E-6	8.450000E-6	NaN	NaN
	05/05/2023 16:15:46	-20.260000E-3	1.610000E-9	793.000000E-12	4.996000E-9	509.300000E-9	-748.720000E-6	301.000000E+0	-1.908000E+0	4.294483E+3	17.246000E-6	8.450000E-6	NaN	NaN
	05/05/2023 16:15:55	-21.172000E-3	1.610000E-9	807.000000E-12	4.996000E-9	509.300000E-9	-747.740000E-6	300.000000E+0	-1.796000E+0	4.294259E+3	19.038000E-6	8.450000E-6	NaN	NaN
	05/05/2023 16:16:03	-16.907000E-3	1.610000E-9	794.000000E-12	4.996000E-9	509.300000E-9	-724.320000E-6	301.000000E+0	-1.796000E+0	4.294147E+3	18.590000E-6	8.450000E-6	NaN	NaN
	05/05/2023 16:16:12	-20.555000E-3	1.620000E-9	800.000000E-12	4.996000E-9	509.300000E-9	-742.320000E-6	301.000000E+0	-1.908000E+0	4.294147E+3	18.590000E-6	8.450000E-6	NaN	NaN
	05/05/2023 16:16:20	-16.931000E-3	1.610000E-9	798.000000E-12	4.996000E-9	509.900000E-9	-747.470000E-6	300.000000E+0	-1.908000E+0	4.294034E+3	17.918000E-6	8.450000E-6	NaN	NaN
	05/05/2023 16:16:29	-16.463000E-3	1.630000E-9	792.000000E-12	4.996000E-9	511.100000E-9	-747.980000E-6	301.000000E+0	-1.796000E+0	4.293810E+3	18.254000E-6	8.450000E-6	NaN	NaN
	05/05/2023 16:16:37	-19.792000E-3	1.610000E-9	799.000000E-12	4.996000E-9	509.900000E-9	-717.640000E-6	300.000000E+0	-1.683000E+0	4.294147E+3	18.366000E-6	8.450000E-6	NaN	NaN
	05/05/2023 16:16:46	-16.880000E-3	1.610000E-9	794.000000E-12	4.996000E-9	508.700000E-9	-729.500000E-6	300.000000E+0	-1.796000E+0	4.294483E+3	18.702000E-6	8.440000E-6	NaN	NaN
	05/05/2023 16:16:55	-18.460000E-3	1.620000E-9	787.000000E-12	4.996000E-9	506.200000E-9	-743.780000E-6	300.000000E+0	-1.683000E+0	4.294708E+3	18.926000E-6	8.450000E-6	NaN	NaN
	05/05/2023 16:17:03	-19.249000E-3	1.610000E-9	802.000000E-12	4.996000E-9	505.600000E-9	-751.440000E-6	300.000000E+0	-1.796000E+0	4.294147E+3	19.598000E-6	8.450000E-6	NaN	NaN
	05/05/2023 16:17:12	-20.704000E-3	1.630000E-9	793.000000E-12	4.996000E-9	505.600000E-9	-748.960000E-6	300.000000E+0	-1.683000E+0	4.294596E+3	18.702000E-6	8.450000E-6	NaN	NaN
	05/05/2023 16:17:20	-19.619000E-3	1.600000E-9	783.000000E-12	4.996000E-9	505.600000E-9	-753.640000E-6	300.000000E+0	-1.908000E+0	4.294371E+3	19.038000E-6	8.450000E-6	NaN	NaN
	05/05/2023 16:17:29	-20.900000E-3	1.590000E-9	802.000000E-12	4.996000E-9	505.600000E-9	-735.640000E-6	300.000000E+0	-1.796000E+0	4.294820E+3	17.246000E-6	8.450000E-6	NaN	NaN
	05/05/2023 16:17:37	-16.856000E-3	1.600000E-9	797.000000E-12	4.996000E-9	506.200000E-9	-736.390000E-6	300.000000E+0	-1.796000E+0	4.294708E+3	18.366000E-6	8.450000E-6	NaN	NaN
	05/05/2023 16:17:46	-20.480000E-3	1.610000E-9	795.000000E-12	4.996000E-9	506.200000E-9	-747.000000E-6	300.000000E+0	-1.908000E+0	4.294483E+3	18.478000E-6	8.440000E-6	NaN	NaN
	05/05/2023 16:17:54	-16.758000E-3	1.610000E-9	792.000000E-12	4.996000E-9	506.800000E-9	-736.390000E-6	300.000000E+0	-1.683000E+0	4.294820E+3	19.374000E-6	8.440000E-6	NaN	NaN
	05/05/2023 16:18:03	-17.399000E-3	1.610000E-9	784.000000E-12	4.996000E-9	508.700000E-9	-740.830000E-6	300.000000E+0	-1.796000E+0	4.294596E+3	18.254000E-6	8.450000E-6	NaN	NaN
	05/05/2023 16:18:12	-17.104000E-3	1.610000E-9	796.000000E-12	4.996000E-9	509.900000E-9	-747.740000E-6	300.000000E+0	-1.908000E+0	4.294483E+3	18.814000E-6	8.440000E-6	NaN	NaN
	05/05/2023 16:18:20	-17.029000E-3	1.700000E-9	841.000000E-12	4.996000E-9	510.500000E-9	-730.220000E-6	300.000000E+0	-1.683000E+0	4.295045E+3	18.926000E-6	8.440000E-6	NaN	NaN
	05/05/2023 16:18:29	-17.843000E-3	1.700000E-9	831.000000E-12	4.996000E-9	511.700000E-9	-748.720000E-6	300.000000E+0	-1.796000E+0	4.294371E+3	19.822000E-6	8.440000E-6	NaN	NaN
	05/05/2023 16:18:37	-17.917000E-3	1.700000E-9	824.000000E-12	4.996000E-9	512.300000E-9	-752.660000E-6	300.000000E+0	-1.908000E+0	4.294596E+3	18.702000E-6	8.440000E-6	NaN	NaN
	05/05/2023 16:18:46	-21.270000E-3	1.680000E-9	820.000000E-12	4.996000E-9	513.000000E-9	-743.060000E-6	300.000000E+0	-1.683000E+0	4.294371E+3	18.926000E-6	8.440000E-6	NaN	NaN
	05/05/2023 16:18:54	-18.287000E-3	1.690000E-9	831.000000E-12	4.996000E-9	513.000000E-9	-744.760000E-6	300.000000E+0	-1.908000E+0	4.294371E+3	20.046000E-6	8.440000E-6	NaN	NaN
	05/05/2023 16:19:03	-19.568000E-3	1.690000E-9	826.000000E-12	4.996000E-9	513.600000E-9	-748.720000E-6	300.000000E+0	-1.908000E+0	4.294596E+3	18.254000E-6	8.440000E-6	NaN	NaN
	05/05/2023 16:19:11	-16.907000E-3	1.710000E-9	821.000000E-12	4.996000E-9	513.000000E-9	-707.060000E-6	300.000000E+0	-1.908000E+0	4.294483E+3	17.918000E-6	8.440000E-6	NaN	NaN
	05/05/2023 16:19:20	-16.758000E-3	1.700000E-9	833.000000E-12	4.996000E-9	513.000000E-9	-745.770000E-6	300.000000E+0	-1.683000E+0	4.294371E+3	18.926000E-6	8.440000E-6	NaN	NaN
	05/05/2023 16:19:29	-16.782000E-3	2.820000E-9	1.100000E-9	4.996000E-9	513.000000E-9	-745.510000E-6	300.000000E+0	-1.908000E+0	4.294820E+3	19.486000E-6	8.440000E-6	NaN	NaN
	05/05/2023 16:19:37	-20.704000E-3	2.360000E-9	1.010000E-9	4.996000E-9	512.300000E-9	-751.200000E-6	300.000000E+0	-1.796000E+0	4.294371E+3	17.694000E-6	8.440000E-6	NaN	NaN
	05/05/2023 16:19:46	-20.260000E-3	2.400000E-9	1.020000E-9	4.996000E-9	513.000000E-9	-711.230000E-6	300.000000E+0	-1.683000E+0	4.294596E+3	19.486000E-6	8.440000E-6	NaN	NaN
	05/05/2023 16:19:54	-18.063000E-3	2.360000E-9	1.030000E-9	4.996000E-9	513.000000E-9	-739.840000E-6	300.000000E+0	-1.908000E+0	4.294371E+3	18.702000E-6	8.440000E-6	NaN	NaN
	05/05/2023 16:20:03	-17.080000E-3	2.340000E-9	1.000000E-9	4.996000E-9	513.000000E-9	-742.320000E-6	299.000000E+0	-1.908000E+0	4.294596E+3	18.590000E-6	8.440000E-6	NaN	NaN
	05/05/2023 16:20:11	-16.487000E-3	2.330000E-9	989.000000E-12	4.996000E-9	513.600000E-9	-745.030000E-6	300.000000E+0	-1.796000E+0	4.294371E+3	18.590000E-6	8.440000E-6	NaN	NaN
	05/05/2023 16:20:20	-20.948000E-3	2.310000E-9	997.000000E-12	4.996000E-9	513.000000E-9	-744.280000E-6	300.000000E+0	-1.683000E+0	4.294596E+3	18.702000E-6	8.440000E-6	NaN	NaN
	05/05/2023 16:20:28	-17.029000E-3	2.300000E-9	994.000000E-12	4.996000E-9	513.600000E-9	-744.280000E-6	299.000000E+0	-1.908000E+0	4.294483E+3	19.150000E-6	8.440000E-6	NaN	NaN
	05/05/2023 16:20:37	-17.127000E-3	2.190000E-9	960.000000E-12	4.996000E-9	513.600000E-9	-748.720000E-6	299.000000E+0	-1.571000E+0	4.294596E+3	18.590000E-6	8.440000E-6	NaN	NaN
	05/05/2023 16:20:45	-17.080000E-3	2.180000E-9	953.000000E-12	4.996000E-9	513.600000E-9	-749.470000E-6	299.000000E+0	-1.683000E+0	4.294596E+3	19.262000E-6	8.440000E-6	NaN	NaN
	05/05/2023 16:20:54	-21.121000E-3	2.160000E-9	946.000000E-12	4.996000E-9	513.600000E-9	-746.490000E-6	300.000000E+0	-1.908000E+0	4.294596E+3	18.254000E-6	8.440000E-6	NaN	NaN
	05/05/2023 16:21:03	-20.948000E-3	2.150000E-9	939.000000E-12	4.996000E-9	513.000000E-9	-746.760000E-6	300.000000E+0	-1.908000E+0	4.294483E+3	18.702000E-6	8.440000E-6	NaN	NaN
	05/05/2023 16:21:11	-17.104000E-3	2.120000E-9	931.000000E-12	4.996000E-9	513.000000E-9	-745.030000E-6	300.000000E+0	-1.683000E+0	4.294820E+3	18.926000E-6	8.440000E-6	NaN	NaN
	05/05/2023 16:21:20	-20.826000E-3	2.130000E-9	932.000000E-12	4.996000E-9	512.300000E-9	-757.840000E-6	300.000000E+0	-1.683000E+0	4.294483E+3	17.470000E-6	8.440000E-6	NaN	NaN
	05/05/2023 16:21:28	-20.775000E-3	2.090000E-9	925.000000E-12	4.996000E-9	511.100000E-9	-750.690000E-6	300.000000E+0	-1.796000E+0	4.294596E+3	19.374000E-6	8.440000E-6	NaN	NaN
	05/05/2023 16:21:37	-17.819000E-3	1.740000E-9	822.000000E-12	4.996000E-9	511.100000E-9	-731.200000E-6	299.000000E+0	-1.796000E+0	4.294820E+3	19.038000E-6	8.440000E-6	NaN	NaN
	05/05/2023 16:21:45	-18.904000E-3	1.710000E-9	818.000000E-12	4.996000E-9	511.100000E-9	-747.470000E-6	300.000000E+0	-1.908000E+0	4.294708E+3	17.694000E-6	8.440000E-6	NaN	NaN
	05/05/2023 16:21:54	-21.073000E-3	1.710000E-9	817.000000E-12	4.996000E-9	511.100000E-9	-743.540000E-6	299.000000E+0	-1.796000E+0	4.294708E+3	19.262000E-6	8.440000E-6	NaN	NaN
	05/05/2023 16:22:02	-17.104000E-3	1.700000E-9	815.000000E-12	4.996000E-9	515.400000E-9	-750.450000E-6	299.000000E+0	-1.683000E+0	4.294483E+3	18.478000E-6	8.440000E-6	NaN	NaN
	05/05/2023 16:22:11	-17.005000E-3	1.710000E-9	818.000000E-12	4.996000E-9	516.100000E-9	-754.620000E-6	299.000000E+0	-1.908000E+0	4.294147E+3	18.142000E-6	8.440000E-6	NaN	NaN
	05/05/2023 16:22:20	-20.334000E-3	1.710000E-9	818.000000E-12	4.996000E-9	514.800000E-9	-746.490000E-6	299.000000E+0	-1.796000E+0	4.294820E+3	19.150000E-6	8.440000E-6	NaN	NaN
	05/05/2023 16:22:28	-20.233000E-3	1.700000E-9	817.000000E-12	4.996000E-9	513.000000E-9	-747.230000E-6	299.000000E+0	-1.908000E+0	4.294483E+3	18.478000E-6	8.440000E-6	NaN	NaN
	05/05/2023 16:22:37	-20.307000E-3	1.700000E-9	815.000000E-12	4.996000E-9	511.100000E-9	-752.660000E-6	299.000000E+0	-1.796000E+0	4.294259E+3	18.926000E-6	8.440000E-6	NaN	NaN
	05/05/2023 16:22:45	-21.541000E-3	1.690000E-9	818.000000E-12	4.996000E-9	519.800000E-9	-747.740000E-6	299.000000E+0	-1.683000E+0	4.294371E+3	18.814000E-6	8.440000E-6	NaN	NaN
	05/05/2023 16:22:54	-19.863000E-3	1.700000E-9	826.000000E-12	4.996000E-9	524.800000E-9	-744.520000E-6	299.000000E+0	-1.796000E+0	4.293922E+3	16.798000E-6	8.430000E-6	NaN	NaN
	05/05/2023 16:23:02	-16.907000E-3	1.700000E-9	829.000000E-12	4.996000E-9	521.700000E-9	-731.470000E-6	299.000000E+0	-1.908000E+0	4.294034E+3	18.366000E-6	8.440000E-6	NaN	NaN
	05/05/2023 16:23:11	-19.643000E-3	1.680000E-9	826.000000E-12	4.996000E-9	514.800000E-9	-745.030000E-6	299.000000E+0	-1.796000E+0	4.294371E+3	18.366000E-6	8.440000E-6	NaN	NaN
	05/05/2023 16:23:19	-16.832000E-3	1.680000E-9	825.000000E-12	4.996000E-9	509.300000E-9	-742.790000E-6	299.000000E+0	-1.796000E+0	4.294820E+3	18.366000E-6	8.440000E-6	NaN	NaN
	05/05/2023 16:23:28	-16.856000E-3	1.680000E-9	822.000000E-12	4.996000E-9	505.600000E-9	-753.640000E-6	299.000000E+0	-1.796000E+0	4.294708E+3	17.694000E-6	8.440000E-6	NaN	NaN
	05/05/2023 16:23:36	-21.073000E-3	1.690000E-9	816.000000E-12	4.996000E-9	505.000000E-9	-744.280000E-6	299.000000E+0	-1.683000E+0	4.294708E+3	17.918000E-6	8.440000E-6	NaN	NaN
	05/05/2023 16:23:45	-21.195000E-3	1.670000E-9	810.000000E-12	4.996000E-9	505.000000E-9	-752.180000E-6	299.000000E+0	-1.796000E+0	4.295157E+3	19.486000E-6	8.430000E-6	NaN	NaN
	05/05/2023 16:23:53	-16.832000E-3	1.700000E-9	826.000000E-12	4.996000E-9	505.000000E-9	-747.000000E-6	299.000000E+0	-1.796000E+0	4.294708E+3	17.918000E-6	8.430000E-6	NaN	NaN
	05/05/2023 16:24:02	-18.311000E-3	1.660000E-9	826.000000E-12	4.996000E-9	505.600000E-9	-750.180000E-6	299.000000E+0	-1.908000E+0	4.294820E+3	20.382000E-6	8.440000E-6	NaN	NaN
	05/05/2023 16:24:11	-20.975000E-3	1.680000E-9	822.000000E-12	4.996000E-9	506.200000E-9	-747.000000E-6	299.000000E+0	-1.796000E+0	4.295269E+3	18.030000E-6	8.440000E-6	NaN	NaN
	05/05/2023 16:24:19	-16.659000E-3	1.680000E-9	821.000000E-12	4.996000E-9	506.200000E-9	-750.930000E-6	299.000000E+0	-1.796000E+0	4.295045E+3	18.590000E-6	8.440000E-6	NaN	NaN
	05/05/2023 16:24:28	-17.226000E-3	1.680000E-9	820.000000E-12	4.996000E-9	506.800000E-9	-751.440000E-6	299.000000E+0	-1.796000E+0	4.295045E+3	18.814000E-6	8.430000E-6	NaN	NaN
	05/05/2023 16:24:36	-17.375000E-3	1.680000E-9	818.000000E-12	4.996000E-9	508.700000E-9	-748.220000E-6	299.000000E+0	-1.683000E+0	4.295381E+3	18.926000E-6	8.440000E-6	NaN	NaN
	05/05/2023 16:24:45	-16.955000E-3	1.670000E-9	810.000000E-12	4.996000E-9	509.900000E-9	-747.230000E-6	299.000000E+0	-1.796000E+0	4.295269E+3	18.366000E-6	8.440000E-6	NaN	NaN
	05/05/2023 16:24:53	-16.412000E-3	1.680000E-9	816.000000E-12	4.996000E-9	510.500000E-9	-742.050000E-6	299.000000E+0	-2.020000E+0	4.295157E+3	19.486000E-6	8.430000E-6	NaN	NaN
	05/05/2023 16:25:02	-19.470000E-3	1.680000E-9	822.000000E-12	4.996000E-9	513.000000E-9	-750.690000E-6	299.000000E+0	-1.908000E+0	4.295381E+3	17.918000E-6	8.430000E-6	NaN	NaN
	05/05/2023 16:25:10	-20.948000E-3	2.450000E-9	977.000000E-12	4.996000E-9	515.400000E-9	-749.200000E-6	299.000000E+0	-1.683000E+0	4.295157E+3	18.478000E-6	8.430000E-6	NaN	NaN
	05/05/2023 16:25:19	-16.758000E-3	2.120000E-9	942.000000E-12	4.996000E-9	518.500000E-9	-750.450000E-6	299.000000E+0	-1.908000E+0	4.295157E+3	18.590000E-6	8.430000E-6	NaN	NaN
	05/05/2023 16:25:28	-21.172000E-3	2.100000E-9	928.000000E-12	4.996000E-9	519.800000E-9	-745.510000E-6	299.000000E+0	-1.683000E+0	4.294932E+3	18.142000E-6	8.430000E-6	NaN	NaN
	05/05/2023 16:25:36	-20.877000E-3	2.080000E-9	920.000000E-12	4.996000E-9	519.800000E-9	-748.720000E-6	298.000000E+0	-1.796000E+0	4.294596E+3	18.366000E-6	8.430000E-6	NaN	NaN
	05/05/2023 16:25:45	-16.636000E-3	2.080000E-9	915.000000E-12	4.996000E-9	519.800000E-9	-749.950000E-6	299.000000E+0	-1.796000E+0	4.294820E+3	18.590000E-6	8.440000E-6	NaN	NaN
	05/05/2023 16:25:53	-16.809000E-3	2.060000E-9	913.000000E-12	4.996000E-9	519.800000E-9	-749.200000E-6	299.000000E+0	-1.908000E+0	4.294820E+3	17.358000E-6	8.440000E-6	NaN	NaN
	05/05/2023 16:26:02	-16.880000E-3	2.050000E-9	911.000000E-12	4.996000E-9	519.200000E-9	-750.450000E-6	299.000000E+0	-1.908000E+0	4.294820E+3	18.926000E-6	8.440000E-6	NaN	NaN
	05/05/2023 16:26:10	-20.728000E-3	2.060000E-9	911.000000E-12	4.996000E-9	671.200000E-9	-747.980000E-6	299.000000E+0	-1.908000E+0	4.294596E+3	17.694000E-6	8.430000E-6	NaN	NaN
	05/05/2023 16:26:19	-17.127000E-3	2.040000E-9	911.000000E-12	4.996000E-9	587.500000E-9	-751.200000E-6	299.000000E+0	-1.908000E+0	4.294483E+3	18.926000E-6	8.430000E-6	NaN	NaN
	05/05/2023 16:26:27	-17.178000E-3	2.060000E-9	910.000000E-12	4.996000E-9	556.600000E-9	-748.490000E-6	299.000000E+0	-1.908000E+0	4.294820E+3	19.486000E-6	8.430000E-6	NaN	NaN
	05/05/2023 16:26:36	-17.202000E-3	2.050000E-9	913.000000E-12	4.996000E-9	545.400000E-9	-750.690000E-6	299.000000E+0	-1.796000E+0	4.294596E+3	18.142000E-6	8.430000E-6	NaN	NaN
	05/05/2023 16:26:44	-16.931000E-3	2.020000E-9	913.000000E-12	4.996000E-9	611.200000E-9	-749.200000E-6	299.000000E+0	-1.683000E+0	4.294483E+3	18.030000E-6	8.430000E-6	NaN	NaN
	05/05/2023 16:26:53	-21.148000E-3	2.030000E-9	914.000000E-12	4.996000E-9	572.900000E-9	-751.910000E-6	298.000000E+0	-1.571000E+0	4.294596E+3	18.590000E-6	8.430000E-6	NaN	NaN
	05/05/2023 16:27:02	-17.422000E-3	2.030000E-9	914.000000E-12	4.996000E-9	550.600000E-9	-753.910000E-6	298.000000E+0	-1.796000E+0	4.294596E+3	18.926000E-6	8.430000E-6	NaN	NaN
	05/05/2023 16:27:10	-20.751000E-3	2.020000E-9	913.000000E-12	4.996000E-9	539.500000E-9	-747.470000E-6	299.000000E+0	-1.908000E+0	4.294820E+3	18.702000E-6	8.430000E-6	NaN	NaN
	05/05/2023 16:27:19	-16.809000E-3	2.010000E-9	913.000000E-12	4.996000E-9	533.100000E-9	-755.880000E-6	298.000000E+0	-1.796000E+0	4.294596E+3	18.478000E-6	8.430000E-6	NaN	NaN
	05/05/2023 16:27:27	-17.843000E-3	2.000000E-9	911.000000E-12	4.996000E-9	529.200000E-9	-753.910000E-6	298.000000E+0	-1.683000E+0	4.294259E+3	19.710000E-6	8.430000E-6	NaN	NaN
	05/05/2023 16:27:36	-16.931000E-3	1.740000E-9	859.000000E-12	4.996000E-9	526.100000E-9	-749.710000E-6	298.000000E+0	-1.796000E+0	4.294483E+3	17.918000E-6	8.430000E-6	NaN	NaN
	05/05/2023 16:27:44	-16.364000E-3	1.690000E-9	824.000000E-12	4.996000E-9	524.800000E-9	-747.740000E-6	298.000000E+0	-1.683000E+0	4.294932E+3	17.918000E-6	8.430000E-6	NaN	NaN
	05/05/2023 16:27:53	-16.809000E-3	1.700000E-9	821.000000E-12	4.996000E-9	524.800000E-9	-748.490000E-6	298.000000E+0	-1.796000E+0	4.294596E+3	19.822000E-6	8.430000E-6	NaN	NaN
	05/05/2023 16:28:01	-20.531000E-3	1.670000E-9	823.000000E-12	4.996000E-9	523.500000E-9	-750.690000E-6	298.000000E+0	-1.683000E+0	4.294259E+3	16.687000E-6	8.430000E-6	NaN	NaN
	05/05/2023 16:28:10	-17.351000E-3	1.680000E-9	826.000000E-12	4.996000E-9	519.800000E-9	-751.910000E-6	299.000000E+0	-1.796000E+0	4.294483E+3	19.038000E-6	8.420000E-6	NaN	NaN
	05/05/2023 16:28:19	-16.907000E-3	1.690000E-9	820.000000E-12	4.996000E-9	519.800000E-9	-750.690000E-6	298.000000E+0	-1.796000E+0	4.294483E+3	18.142000E-6	8.420000E-6	NaN	NaN
	05/05/2023 16:28:27	-16.978000E-3	1.680000E-9	816.000000E-12	4.996000E-9	519.800000E-9	-745.510000E-6	298.000000E+0	-1.908000E+0	4.294259E+3	19.038000E-6	8.420000E-6	NaN	NaN
	05/05/2023 16:28:36	-20.999000E-3	1.680000E-9	817.000000E-12	4.996000E-9	519.200000E-9	-747.230000E-6	298.000000E+0	-1.908000E+0	4.294371E+3	17.806000E-6	8.420000E-6	NaN	NaN
	05/05/2023 16:28:44	-19.988000E-3	1.680000E-9	817.000000E-12	4.996000E-9	518.500000E-9	-751.440000E-6	298.000000E+0	-1.908000E+0	4.294371E+3	18.478000E-6	8.420000E-6	NaN	NaN
	05/05/2023 16:28:53	-17.694000E-3	1.660000E-9	817.000000E-12	4.996000E-9	518.500000E-9	-751.670000E-6	298.000000E+0	-1.908000E+0	4.294596E+3	18.030000E-6	8.420000E-6	NaN	NaN
	05/05/2023 16:29:01	-17.029000E-3	1.780000E-9	842.000000E-12	4.996000E-9	516.700000E-9	-743.060000E-6	298.000000E+0	-1.796000E+0	4.294483E+3	17.806000E-6	8.420000E-6	NaN	NaN
	05/05/2023 16:29:10	-16.758000E-3	2.040000E-9	914.000000E-12	4.996000E-9	516.100000E-9	-749.470000E-6	298.000000E+0	-1.683000E+0	4.294820E+3	17.582000E-6	8.420000E-6	NaN	NaN
	05/05/2023 16:29:18	-19.765000E-3	2.000000E-9	901.000000E-12	4.996000E-9	515.400000E-9	-771.910000E-6	298.000000E+0	-1.683000E+0	4.294820E+3	18.366000E-6	8.420000E-6	NaN	NaN
	05/05/2023 16:29:27	-19.124000E-3	2.010000E-9	902.000000E-12	4.996000E-9	514.800000E-9	-748.960000E-6	298.000000E+0	-1.908000E+0	4.294596E+3	17.918000E-6	8.420000E-6	NaN	NaN
	05/05/2023 16:29:35	-17.005000E-3	1.990000E-9	900.000000E-12	4.996000E-9	516.100000E-9	-748.220000E-6	298.000000E+0	-1.683000E+0	4.294596E+3	18.030000E-6	8.420000E-6	NaN	NaN
	05/05/2023 16:29:44	-16.463000E-3	1.980000E-9	900.000000E-12	4.996000E-9	746.900000E-9	-753.400000E-6	298.000000E+0	-1.908000E+0	4.294820E+3	18.366000E-6	8.420000E-6	NaN	NaN
	05/05/2023 16:29:53	-17.226000E-3	1.980000E-9	897.000000E-12	4.996000E-9	1.849000E-6	-779.030000E-6	298.000000E+0	-1.908000E+0	4.294596E+3	18.702000E-6	8.420000E-6	NaN	NaN
	05/05/2023 16:30:01	-16.290000E-3	1.980000E-9	897.000000E-12	4.996000E-9	2.128000E-6	-767.200000E-6	298.000000E+0	-1.908000E+0	4.294596E+3	19.262000E-6	8.420000E-6	NaN	NaN
	05/05/2023 16:30:10	-16.809000E-3	1.980000E-9	897.000000E-12	4.996000E-9	2.058000E-6	-747.980000E-6	298.000000E+0	-1.908000E+0	4.294371E+3	19.262000E-6	8.420000E-6	NaN	NaN
	05/05/2023 16:30:18	-17.080000E-3	1.980000E-9	895.000000E-12	4.996000E-9	1.153000E-6	-743.300000E-6	298.000000E+0	-1.683000E+0	4.294371E+3	19.598000E-6	8.420000E-6	NaN	NaN
	05/05/2023 16:30:27	-16.537000E-3	1.980000E-9	898.000000E-12	4.996000E-9	2.273000E-6	-741.810000E-6	298.000000E+0	-1.908000E+0	4.294371E+3	18.030000E-6	8.420000E-6	NaN	NaN
	05/05/2023 16:30:35	-17.571000E-3	1.690000E-9	824.000000E-12	4.996000E-9	1.658000E-6	-752.180000E-6	298.000000E+0	-1.796000E+0	4.294596E+3	18.142000E-6	8.420000E-6	NaN	NaN
	05/05/2023 16:30:44	-16.510000E-3	1.680000E-9	821.000000E-12	4.996000E-9	2.065000E-6	-749.950000E-6	298.000000E+0	-1.908000E+0	4.294596E+3	18.590000E-6	8.420000E-6	NaN	NaN
	05/05/2023 16:30:52	-20.605000E-3	1.670000E-9	826.000000E-12	4.996000E-9	1.260000E-6	-749.950000E-6	298.000000E+0	-1.683000E+0	4.294932E+3	18.142000E-6	8.420000E-6	NaN	NaN
	05/05/2023 16:31:01	-21.294000E-3	1.680000E-9	818.000000E-12	4.996000E-9	2.179000E-6	-755.130000E-6	297.000000E+0	-1.796000E+0	4.295045E+3	18.478000E-6	8.420000E-6	NaN	NaN
	05/05/2023 16:31:10	-17.300000E-3	1.670000E-9	805.000000E-12	4.996000E-9	1.563000E-6	-751.910000E-6	297.000000E+0	-1.908000E+0	4.294932E+3	18.590000E-6	8.420000E-6	NaN	NaN
	05/05/2023 16:31:18	-16.463000E-3	1.680000E-9	819.000000E-12	4.996000E-9	2.125000E-6	-745.030000E-6	298.000000E+0	-1.796000E+0	4.294596E+3	18.926000E-6	8.420000E-6	NaN	NaN
	05/05/2023 16:31:27	-20.677000E-3	1.660000E-9	815.000000E-12	4.996000E-9	1.219000E-6	-748.220000E-6	297.000000E+0	-1.796000E+0	4.294820E+3	17.806000E-6	8.420000E-6	NaN	NaN
	05/05/2023 16:31:35	-17.473000E-3	1.740000E-9	829.000000E-12	4.996000E-9	1.750000E-6	-753.910000E-6	297.000000E+0	-1.908000E+0	4.294708E+3	18.142000E-6	8.420000E-6	NaN	NaN
	05/05/2023 16:31:44	-18.778000E-3	2.000000E-9	903.000000E-12	4.996000E-9	2.040000E-6	-754.620000E-6	298.000000E+0	-2.020000E+0	4.294820E+3	18.814000E-6	8.420000E-6	NaN	NaN
	05/05/2023 16:31:52	-16.856000E-3	1.980000E-9	898.000000E-12	4.996000E-9	1.477000E-6	-746.250000E-6	298.000000E+0	-1.796000E+0	4.294932E+3	19.262000E-6	8.420000E-6	NaN	NaN
	05/05/2023 16:32:01	-17.226000E-3	1.970000E-9	902.000000E-12	4.996000E-9	2.043000E-6	-706.550000E-6	297.000000E+0	-1.796000E+0	4.294932E+3	18.814000E-6	8.420000E-6	NaN	NaN
	05/05/2023 16:32:09	-16.266000E-3	1.980000E-9	906.000000E-12	4.996000E-9	1.370000E-6	-751.200000E-6	297.000000E+0	-1.796000E+0	4.295157E+3	17.470000E-6	8.410000E-6	NaN	NaN
	05/05/2023 16:32:18	-16.266000E-3	1.970000E-9	897.000000E-12	4.996000E-9	1.914000E-6	-749.200000E-6	297.000000E+0	-1.908000E+0	4.295269E+3	19.374000E-6	8.420000E-6	NaN	NaN
	05/05/2023 16:32:26	-16.832000E-3	1.980000E-9	895.000000E-12	4.996000E-9	1.674000E-6	-746.250000E-6	297.000000E+0	-1.908000E+0	4.295157E+3	17.694000E-6	8.420000E-6	NaN	NaN
	05/05/2023 16:32:35	-16.510000E-3	1.950000E-9	894.000000E-12	4.996000E-9	1.517000E-6	-747.740000E-6	297.000000E+0	-1.796000E+0	4.295606E+3	17.470000E-6	8.410000E-6	NaN	NaN
	05/05/2023 16:32:44	-21.097000E-3	1.960000E-9	894.000000E-12	4.996000E-9	1.964000E-6	-747.000000E-6	297.000000E+0	-1.796000E+0	4.295381E+3	19.486000E-6	8.410000E-6	NaN	NaN
	05/05/2023 16:32:52	-17.276000E-3	1.960000E-9	886.000000E-12	4.996000E-9	1.836000E-6	-751.910000E-6	297.000000E+0	-1.796000E+0	4.295381E+3	18.142000E-6	8.420000E-6	NaN	NaN
	05/05/2023 16:33:01	-16.561000E-3	1.970000E-9	889.000000E-12	4.996000E-9	1.880000E-6	-745.030000E-6	297.000000E+0	-1.796000E+0	4.295493E+3	19.710000E-6	8.410000E-6	NaN	NaN
	05/05/2023 16:33:09	-17.422000E-3	1.980000E-9	893.000000E-12	4.996000E-9	955.400000E-9	-757.600000E-6	297.000000E+0	-1.796000E+0	4.295381E+3	18.030000E-6	8.410000E-6	NaN	NaN
	05/05/2023 16:33:18	-16.907000E-3	1.970000E-9	890.000000E-12	4.996000E-9	1.716000E-6	-756.350000E-6	297.000000E+0	-1.683000E+0	4.295381E+3	17.918000E-6	8.410000E-6	NaN	NaN
	05/05/2023 16:33:26	-17.202000E-3	1.950000E-9	886.000000E-12	4.996000E-9	1.945000E-6	-750.450000E-6	297.000000E+0	-1.683000E+0	4.295269E+3	19.486000E-6	8.410000E-6	NaN	NaN
	05/05/2023 16:33:35	-17.768000E-3	1.950000E-9	883.000000E-12	4.996000E-9	1.917000E-6	-712.720000E-6	297.000000E+0	-1.908000E+0	4.295157E+3	18.702000E-6	8.410000E-6	NaN	NaN
	05/05/2023 16:33:43	-17.202000E-3	1.960000E-9	891.000000E-12	4.996000E-9	1.216000E-6	-743.300000E-6	297.000000E+0	-2.020000E+0	4.294820E+3	17.246000E-6	8.410000E-6	NaN	NaN
	05/05/2023 16:33:52	-17.104000E-3	1.950000E-9	889.000000E-12	4.996000E-9	833.200000E-9	-753.910000E-6	297.000000E+0	-1.683000E+0	4.295045E+3	18.366000E-6	8.410000E-6	NaN	NaN
	05/05/2023 16:34:00	-20.802000E-3	1.950000E-9	891.000000E-12	4.996000E-9	722.200000E-9	-752.180000E-6	297.000000E+0	-1.908000E+0	4.295157E+3	19.038000E-6	8.410000E-6	NaN	NaN
	05/05/2023 16:34:09	-17.521000E-3	1.950000E-9	892.000000E-12	4.996000E-9	668.800000E-9	-749.950000E-6	297.000000E+0	-1.683000E+0	4.294820E+3	17.806000E-6	8.410000E-6	NaN	NaN
	05/05/2023 16:34:18	-17.151000E-3	1.940000E-9	888.000000E-12	4.996000E-9	635.900000E-9	-751.440000E-6	297.000000E+0	-1.796000E+0	4.294932E+3	18.926000E-6	8.410000E-6	NaN	NaN
	05/05/2023 16:34:26	-16.809000E-3	1.940000E-9	888.000000E-12	4.996000E-9	613.500000E-9	-751.670000E-6	297.000000E+0	-1.796000E+0	4.295381E+3	18.478000E-6	8.410000E-6	NaN	NaN
	05/05/2023 16:34:35	-19.717000E-3	1.950000E-9	890.000000E-12	4.996000E-9	601.000000E-9	-745.770000E-6	297.000000E+0	-1.796000E+0	4.295381E+3	18.926000E-6	8.410000E-6	NaN	NaN
	05/05/2023 16:34:43	-16.907000E-3	1.950000E-9	895.000000E-12	4.996000E-9	590.300000E-9	-747.980000E-6	297.000000E+0	-1.796000E+0	4.295269E+3	19.038000E-6	8.410000E-6	NaN	NaN
	05/05/2023 16:34:52	-18.334000E-3	1.960000E-9	896.000000E-12	4.996000E-9	716.200000E-9	-745.510000E-6	297.000000E+0	-1.683000E+0	4.295381E+3	18.142000E-6	8.410000E-6	NaN	NaN
	05/05/2023 16:35:00	-16.955000E-3	1.940000E-9	899.000000E-12	4.996000E-9	643.600000E-9	-748.720000E-6	297.000000E+0	-1.908000E+0	4.294820E+3	19.038000E-6	8.410000E-6	NaN	NaN
	05/05/2023 16:35:09	-21.270000E-3	1.940000E-9	896.000000E-12	4.996000E-9	612.000000E-9	-769.910000E-6	297.000000E+0	-1.908000E+0	4.294708E+3	18.030000E-6	8.410000E-6	NaN	NaN
	05/05/2023 16:35:17	-20.948000E-3	1.950000E-9	895.000000E-12	4.996000E-9	1.690000E-6	-777.810000E-6	297.000000E+0	-1.796000E+0	4.294820E+3	18.926000E-6	8.400000E-6	NaN	NaN
	05/05/2023 16:35:26	-20.775000E-3	1.930000E-9	892.000000E-12	4.996000E-9	2.072000E-6	-748.960000E-6	297.000000E+0	-1.796000E+0	4.294708E+3	19.038000E-6	8.400000E-6	NaN	NaN
	05/05/2023 16:35:35	-20.826000E-3	1.940000E-9	894.000000E-12	4.996000E-9	2.040000E-6	-749.710000E-6	297.000000E+0	-1.908000E+0	4.294596E+3	17.918000E-6	8.400000E-6	NaN	NaN
	05/05/2023 16:35:43	-21.294000E-3	1.920000E-9	893.000000E-12	4.996000E-9	1.741000E-6	-753.400000E-6	297.000000E+0	-1.908000E+0	4.294147E+3	18.702000E-6	8.400000E-6	NaN	NaN
	05/05/2023 16:35:52	-19.690000E-3	1.940000E-9	890.000000E-12	4.996000E-9	877.300000E-9	-747.230000E-6	297.000000E+0	-1.908000E+0	4.294147E+3	19.934000E-6	8.400000E-6	NaN	NaN
	05/05/2023 16:36:00	-20.975000E-3	1.920000E-9	893.000000E-12	4.996000E-9	1.748000E-6	-747.470000E-6	297.000000E+0	-1.796000E+0	4.293810E+3	17.246000E-6	8.400000E-6	NaN	NaN
	05/05/2023 16:36:09	-17.375000E-3	1.940000E-9	895.000000E-12	4.996000E-9	2.080000E-6	-747.230000E-6	297.000000E+0	-1.683000E+0	4.293922E+3	19.262000E-6	8.400000E-6	NaN	NaN
	05/05/2023 16:36:17	-20.432000E-3	1.930000E-9	894.000000E-12	4.996000E-9	1.874000E-6	-749.950000E-6	297.000000E+0	-1.908000E+0	4.294147E+3	19.262000E-6	8.400000E-6	NaN	NaN
	05/05/2023 16:36:26	-17.127000E-3	1.930000E-9	894.000000E-12	4.996000E-9	891.100000E-9	-745.270000E-6	296.000000E+0	-1.796000E+0	4.293810E+3	18.702000E-6	8.400000E-6	NaN	NaN
	05/05/2023 16:36:34	-16.782000E-3	1.930000E-9	893.000000E-12	4.996000E-9	1.545000E-6	-755.130000E-6	297.000000E+0	-2.020000E+0	4.293922E+3	17.582000E-6	8.400000E-6	NaN	NaN
	05/05/2023 16:36:43	-16.758000E-3	1.930000E-9	892.000000E-12	4.996000E-9	1.867000E-6	-751.440000E-6	297.000000E+0	-1.796000E+0	4.294034E+3	18.590000E-6	8.400000E-6	NaN	NaN
	05/05/2023 16:36:52	-16.537000E-3	1.690000E-9	826.000000E-12	4.996000E-9	1.836000E-6	-747.980000E-6	296.000000E+0	-1.796000E+0	4.294034E+3	18.702000E-6	8.400000E-6	NaN	NaN
	05/05/2023 16:37:00	-20.677000E-3	1.670000E-9	825.000000E-12	4.996000E-9	1.039000E-6	-748.720000E-6	297.000000E+0	-1.796000E+0	4.293698E+3	17.582000E-6	8.400000E-6	NaN	NaN
	05/05/2023 16:37:09	-20.382000E-3	1.660000E-9	826.000000E-12	4.996000E-9	758.700000E-9	-749.950000E-6	296.000000E+0	-1.908000E+0	4.293810E+3	18.142000E-6	8.400000E-6	NaN	NaN
	05/05/2023 16:37:17	-21.023000E-3	1.680000E-9	823.000000E-12	4.996000E-9	1.598000E-6	-745.770000E-6	297.000000E+0	-1.796000E+0	4.293810E+3	19.038000E-6	8.400000E-6	NaN	NaN
	05/05/2023 16:37:26	-17.005000E-3	1.670000E-9	823.000000E-12	4.996000E-9	1.794000E-6	-742.320000E-6	296.000000E+0	-1.908000E+0	4.294034E+3	18.366000E-6	8.400000E-6	NaN	NaN
	05/05/2023 16:37:34	-18.311000E-3	1.690000E-9	818.000000E-12	4.996000E-9	1.758000E-6	-754.390000E-6	297.000000E+0	-1.908000E+0	4.294147E+3	18.030000E-6	8.390000E-6	NaN	NaN
	05/05/2023 16:37:43	-17.792000E-3	1.680000E-9	812.000000E-12	4.996000E-9	1.032000E-6	-753.160000E-6	296.000000E+0	-1.908000E+0	4.293698E+3	18.926000E-6	8.390000E-6	NaN	NaN
	05/05/2023 16:37:51	-16.609000E-3	1.680000E-9	806.000000E-12	4.996000E-9	756.900000E-9	-750.930000E-6	296.000000E+0	-1.796000E+0	4.294034E+3	18.142000E-6	8.390000E-6	NaN	NaN
	05/05/2023 16:38:00	-16.463000E-3	1.670000E-9	801.000000E-12	4.996000E-9	1.266000E-6	-745.030000E-6	296.000000E+0	-1.683000E+0	4.293585E+3	19.934000E-6	8.400000E-6	NaN	NaN
	05/05/2023 16:38:09	-20.775000E-3	1.670000E-9	804.000000E-12	4.996000E-9	1.688000E-6	-750.180000E-6	297.000000E+0	-1.796000E+0	4.294034E+3	18.142000E-6	8.390000E-6	NaN	NaN
	05/05/2023 16:38:17	-20.850000E-3	1.670000E-9	806.000000E-12	4.996000E-9	1.697000E-6	-751.670000E-6	296.000000E+0	-1.908000E+0	4.294259E+3	17.582000E-6	8.390000E-6	NaN	NaN
	05/05/2023 16:38:26	-16.510000E-3	1.980000E-9	906.000000E-12	4.996000E-9	1.285000E-6	-752.900000E-6	296.000000E+0	-1.683000E+0	4.294034E+3	18.702000E-6	8.390000E-6	NaN	NaN
	05/05/2023 16:38:34	-17.324000E-3	1.960000E-9	897.000000E-12	4.996000E-9	804.600000E-9	-748.720000E-6	296.000000E+0	-1.571000E+0	4.293698E+3	19.262000E-6	8.390000E-6	NaN	NaN
	05/05/2023 16:38:43	-21.219000E-3	1.960000E-9	893.000000E-12	4.996000E-9	694.200000E-9	-758.080000E-6	296.000000E+0	-1.796000E+0	4.294034E+3	19.150000E-6	8.390000E-6	NaN	NaN
	05/05/2023 16:38:51	-16.758000E-3	1.960000E-9	894.000000E-12	4.996000E-9	1.189000E-6	-749.710000E-6	296.000000E+0	-1.796000E+0	4.294147E+3	17.246000E-6	8.390000E-6	NaN	NaN
	05/05/2023 16:39:00	-20.900000E-3	1.950000E-9	900.000000E-12	4.996000E-9	1.520000E-6	-741.810000E-6	296.000000E+0	-1.908000E+0	4.293922E+3	18.478000E-6	8.390000E-6	NaN	NaN
	05/05/2023 16:39:08	-17.080000E-3	1.930000E-9	900.000000E-12	4.996000E-9	1.556000E-6	-751.440000E-6	296.000000E+0	-1.796000E+0	4.293922E+3	19.262000E-6	8.390000E-6	NaN	NaN
	05/05/2023 16:39:17	-16.734000E-3	1.960000E-9	898.000000E-12	4.996000E-9	1.541000E-6	-761.540000E-6	296.000000E+0	-1.796000E+0	4.293922E+3	17.470000E-6	8.390000E-6	NaN	NaN
	05/05/2023 16:39:25	-17.351000E-3	1.950000E-9	887.000000E-12	4.996000E-9	1.513000E-6	-753.160000E-6	296.000000E+0	-1.796000E+0	4.294147E+3	18.030000E-6	8.390000E-6	NaN	NaN
	05/05/2023 16:39:34	-16.659000E-3	1.940000E-9	880.000000E-12	4.996000E-9	1.120000E-6	-748.960000E-6	296.000000E+0	-1.796000E+0	4.293922E+3	18.814000E-6	8.380000E-6	NaN	NaN
	05/05/2023 16:39:43	-17.250000E-3	1.940000E-9	881.000000E-12	4.996000E-9	771.500000E-9	-761.300000E-6	296.000000E+0	-1.796000E+0	4.294034E+3	18.926000E-6	8.380000E-6	NaN	NaN
	05/05/2023 16:39:51	-17.571000E-3	1.930000E-9	879.000000E-12	4.996000E-9	680.100000E-9	-746.760000E-6	296.000000E+0	-1.683000E+0	4.294259E+3	17.246000E-6	8.380000E-6	NaN	NaN
	05/05/2023 16:40:00	-20.432000E-3	1.940000E-9	879.000000E-12	4.996000E-9	635.900000E-9	-747.740000E-6	296.000000E+0	-1.908000E+0	4.294147E+3	19.262000E-6	8.380000E-6	NaN	NaN
	05/05/2023 16:40:08	-17.202000E-3	1.920000E-9	880.000000E-12	4.996000E-9	612.000000E-9	-747.980000E-6	296.000000E+0	-1.796000E+0	4.293922E+3	19.262000E-6	8.380000E-6	NaN	NaN
	05/05/2023 16:40:17	-20.704000E-3	1.940000E-9	889.000000E-12	4.996000E-9	594.600000E-9	-769.910000E-6	296.000000E+0	-1.908000E+0	4.294371E+3	18.702000E-6	8.380000E-6	NaN	NaN
	05/05/2023 16:40:25	-17.178000E-3	1.950000E-9	890.000000E-12	4.996000E-9	583.300000E-9	-750.690000E-6	296.000000E+0	-1.908000E+0	4.294259E+3	18.814000E-6	8.380000E-6	NaN	NaN
	05/05/2023 16:40:34	-17.104000E-3	1.930000E-9	890.000000E-12	4.996000E-9	577.700000E-9	-746.010000E-6	296.000000E+0	-1.908000E+0	4.294034E+3	17.246000E-6	8.380000E-6	NaN	NaN
	05/05/2023 16:40:42	-16.636000E-3	1.930000E-9	890.000000E-12	4.996000E-9	573.600000E-9	-747.230000E-6	296.000000E+0	-2.020000E+0	4.293922E+3	18.030000E-6	8.380000E-6	NaN	NaN
	05/05/2023 16:40:51	-17.053000E-3	1.940000E-9	893.000000E-12	4.996000E-9	570.800000E-9	-751.200000E-6	296.000000E+0	-1.908000E+0	4.294259E+3	18.366000E-6	8.380000E-6	NaN	NaN
	05/05/2023 16:41:00	-17.151000E-3	1.950000E-9	895.000000E-12	4.996000E-9	566.700000E-9	-750.930000E-6	296.000000E+0	-1.908000E+0	4.293922E+3	17.582000E-6	8.370000E-6	NaN	NaN
	05/05/2023 16:41:08	-16.955000E-3	1.940000E-9	894.000000E-12	4.996000E-9	560.600000E-9	-753.640000E-6	296.000000E+0	-1.683000E+0	4.293698E+3	18.478000E-6	8.380000E-6	NaN	NaN
	05/05/2023 16:41:17	-16.683000E-3	1.700000E-9	828.000000E-12	4.996000E-9	555.900000E-9	-753.400000E-6	295.000000E+0	-1.796000E+0	4.293698E+3	17.694000E-6	8.380000E-6	NaN	NaN
	05/05/2023 16:41:25	-18.558000E-3	1.690000E-9	823.000000E-12	4.996000E-9	551.900000E-9	-751.200000E-6	296.000000E+0	-1.796000E+0	4.293810E+3	17.582000E-6	8.380000E-6	NaN	NaN
	05/05/2023 16:41:34	-19.199000E-3	1.690000E-9	823.000000E-12	4.996000E-9	548.600000E-9	-750.450000E-6	296.000000E+0	-1.796000E+0	4.294034E+3	19.038000E-6	8.380000E-6	NaN	NaN
	05/05/2023 16:41:42	-20.802000E-3	1.680000E-9	821.000000E-12	4.996000E-9	582.600000E-9	-747.470000E-6	296.000000E+0	-1.683000E+0	4.293922E+3	18.366000E-6	8.370000E-6	NaN	NaN
	05/05/2023 16:41:51	-16.782000E-3	1.660000E-9	816.000000E-12	4.996000E-9	640.500000E-9	-748.220000E-6	295.000000E+0	-1.908000E+0	4.293810E+3	19.822000E-6	8.380000E-6	NaN	NaN
	05/05/2023 16:41:59	-19.619000E-3	1.680000E-9	811.000000E-12	4.996000E-9	593.200000E-9	-739.340000E-6	296.000000E+0	-1.908000E+0	4.293810E+3	17.918000E-6	8.380000E-6	NaN	NaN
	05/05/2023 16:42:08	-20.900000E-3	1.670000E-9	805.000000E-12	4.996000E-9	573.600000E-9	-748.960000E-6	295.000000E+0	-1.796000E+0	4.294147E+3	17.918000E-6	8.370000E-6	NaN	NaN
	05/05/2023 16:42:16	-16.832000E-3	1.680000E-9	804.000000E-12	4.996000E-9	559.300000E-9	-752.180000E-6	295.000000E+0	-1.908000E+0	4.293698E+3	19.374000E-6	8.370000E-6	NaN	NaN
	05/05/2023 16:42:25	-18.114000E-3	1.680000E-9	803.000000E-12	4.996000E-9	549.900000E-9	-747.740000E-6	296.000000E+0	-1.796000E+0	4.293810E+3	19.374000E-6	8.370000E-6	NaN	NaN
	05/05/2023 16:42:34	-17.497000E-3	1.660000E-9	807.000000E-12	4.996000E-9	546.000000E-9	-732.210000E-6	296.000000E+0	-1.796000E+0	4.293810E+3	18.926000E-6	8.370000E-6	NaN	NaN
	05/05/2023 16:42:42	-16.388000E-3	1.660000E-9	810.000000E-12	4.996000E-9	545.400000E-9	-749.710000E-6	295.000000E+0	-1.796000E+0	4.294147E+3	18.366000E-6	8.370000E-6	NaN	NaN
	05/05/2023 16:42:51	-20.850000E-3	1.680000E-9	810.000000E-12	4.996000E-9	543.400000E-9	-736.150000E-6	295.000000E+0	-1.683000E+0	4.293585E+3	17.470000E-6	8.370000E-6	NaN	NaN
	05/05/2023 16:42:59	-20.900000E-3	1.660000E-9	808.000000E-12	4.996000E-9	1.073000E-6	-706.320000E-6	295.000000E+0	-2.020000E+0	4.293698E+3	18.702000E-6	8.370000E-6	NaN	NaN
	05/05/2023 16:43:08	-16.907000E-3	1.660000E-9	816.000000E-12	4.996000E-9	1.498000E-6	-732.690000E-6	296.000000E+0	-1.796000E+0	4.293585E+3	18.142000E-6	8.370000E-6	NaN	NaN
	05/05/2023 16:43:16	-16.880000E-3	1.670000E-9	812.000000E-12	4.996000E-9	1.574000E-6	-747.980000E-6	295.000000E+0	-1.908000E+0	4.293922E+3	18.366000E-6	8.370000E-6	NaN	NaN
	05/05/2023 16:43:25	-20.358000E-3	1.670000E-9	804.000000E-12	4.996000E-9	1.589000E-6	-749.950000E-6	296.000000E+0	-1.796000E+0	4.293698E+3	18.030000E-6	8.370000E-6	NaN	NaN
	05/05/2023 16:43:33	-17.029000E-3	1.680000E-9	808.000000E-12	4.996000E-9	1.584000E-6	-747.740000E-6	295.000000E+0	-1.683000E+0	4.293585E+3	18.478000E-6	8.360000E-6	NaN	NaN
	05/05/2023 16:43:42	-20.924000E-3	1.650000E-9	816.000000E-12	4.996000E-9	1.571000E-6	-749.950000E-6	295.000000E+0	-1.796000E+0	4.293810E+3	18.590000E-6	8.360000E-6	NaN	NaN
	05/05/2023 16:43:51	-16.585000E-3	1.650000E-9	818.000000E-12	4.996000E-9	1.550000E-6	-749.710000E-6	295.000000E+0	-1.796000E+0	4.293473E+3	17.806000E-6	8.360000E-6	NaN	NaN
	05/05/2023 16:43:59	-16.955000E-3	1.680000E-9	811.000000E-12	4.996000E-9	1.520000E-6	-737.640000E-6	295.000000E+0	-1.796000E+0	4.293585E+3	17.918000E-6	8.360000E-6	NaN	NaN
	05/05/2023 16:44:08	-16.364000E-3	1.660000E-9	800.000000E-12	4.996000E-9	1.484000E-6	-745.770000E-6	295.000000E+0	-1.796000E+0	4.293585E+3	18.030000E-6	8.360000E-6	NaN	NaN
	05/05/2023 16:44:16	-21.172000E-3	1.660000E-9	809.000000E-12	4.996000E-9	1.022000E-6	-751.910000E-6	296.000000E+0	-1.796000E+0	4.293585E+3	18.814000E-6	8.360000E-6	NaN	NaN
	05/05/2023 16:44:25	-17.300000E-3	1.650000E-9	814.000000E-12	4.996000E-9	740.700000E-9	-744.520000E-6	295.000000E+0	-1.683000E+0	4.293361E+3	18.926000E-6	8.360000E-6	NaN	NaN
	05/05/2023 16:44:33	-16.636000E-3	2.240000E-9	984.000000E-12	4.996000E-9	662.400000E-9	-752.420000E-6	295.000000E+0	-1.796000E+0	4.293585E+3	19.486000E-6	8.350000E-6	NaN	NaN
	05/05/2023 16:44:42	-19.273000E-3	2.150000E-9	942.000000E-12	4.996000E-9	622.400000E-9	-748.720000E-6	295.000000E+0	-1.796000E+0	4.293249E+3	19.262000E-6	8.360000E-6	NaN	NaN
	05/05/2023 16:44:51	-16.561000E-3	2.130000E-9	941.000000E-12	4.996000E-9	601.000000E-9	-745.510000E-6	295.000000E+0	-1.908000E+0	4.293249E+3	19.038000E-6	8.350000E-6	NaN	NaN
	05/05/2023 16:44:59	-16.436000E-3	2.100000E-9	938.000000E-12	4.996000E-9	587.500000E-9	-749.950000E-6	295.000000E+0	-1.796000E+0	4.292912E+3	18.366000E-6	8.350000E-6	NaN	NaN
	05/05/2023 16:45:08	-17.571000E-3	2.100000E-9	937.000000E-12	4.996000E-9	575.600000E-9	-752.660000E-6	295.000000E+0	-1.796000E+0	4.293249E+3	18.142000E-6	8.350000E-6	NaN	NaN
	05/05/2023 16:45:16	-16.537000E-3	2.100000E-9	940.000000E-12	4.996000E-9	567.400000E-9	-748.220000E-6	295.000000E+0	-1.796000E+0	4.293585E+3	18.814000E-6	8.350000E-6	NaN	NaN
	05/05/2023 16:45:25	-16.388000E-3	2.110000E-9	935.000000E-12	4.996000E-9	558.600000E-9	-753.400000E-6	295.000000E+0	-1.796000E+0	4.293137E+3	17.806000E-6	8.350000E-6	NaN	NaN
	05/05/2023 16:45:33	-16.955000E-3	2.090000E-9	924.000000E-12	4.996000E-9	551.900000E-9	-745.510000E-6	295.000000E+0	-1.683000E+0	4.293585E+3	18.478000E-6	8.350000E-6	NaN	NaN
	05/05/2023 16:45:42	-16.809000E-3	2.090000E-9	928.000000E-12	4.996000E-9	546.700000E-9	-745.030000E-6	294.000000E+0	-1.908000E+0	4.293024E+3	18.702000E-6	8.350000E-6	NaN	NaN
	05/05/2023 16:45:51	-17.276000E-3	2.080000E-9	934.000000E-12	4.996000E-9	545.400000E-9	-746.250000E-6	295.000000E+0	-1.796000E+0	4.293361E+3	18.814000E-6	8.350000E-6	NaN	NaN
	05/05/2023 16:45:59	-17.151000E-3	2.080000E-9	935.000000E-12	4.996000E-9	540.100000E-9	-744.520000E-6	295.000000E+0	-1.796000E+0	4.293361E+3	17.582000E-6	8.350000E-6	NaN	NaN
	05/05/2023 16:46:08	-20.850000E-3	2.060000E-9	934.000000E-12	4.996000E-9	538.800000E-9	-745.510000E-6	295.000000E+0	-1.908000E+0	4.293473E+3	18.030000E-6	8.350000E-6	NaN	NaN
	05/05/2023 16:46:16	-18.165000E-3	2.080000E-9	926.000000E-12	4.996000E-9	536.900000E-9	-752.180000E-6	295.000000E+0	-1.683000E+0	4.293137E+3	18.366000E-6	8.350000E-6	NaN	NaN
	05/05/2023 16:46:25	-17.127000E-3	2.070000E-9	918.000000E-12	4.996000E-9	537.600000E-9	-757.340000E-6	295.000000E+0	-1.908000E+0	4.293361E+3	17.582000E-6	8.350000E-6	NaN	NaN
	05/05/2023 16:46:33	-20.504000E-3	2.050000E-9	912.000000E-12	4.996000E-9	536.300000E-9	-751.440000E-6	295.000000E+0	-1.796000E+0	4.293024E+3	19.038000E-6	8.350000E-6	NaN	NaN
	05/05/2023 16:46:42	-16.683000E-3	2.070000E-9	919.000000E-12	4.996000E-9	538.800000E-9	-752.420000E-6	295.000000E+0	-1.908000E+0	4.293249E+3	18.702000E-6	8.350000E-6	NaN	NaN
	05/05/2023 16:46:50	-20.406000E-3	2.060000E-9	922.000000E-12	4.996000E-9	536.300000E-9	-752.900000E-6	295.000000E+0	-1.683000E+0	4.293137E+3	18.366000E-6	8.350000E-6	NaN	NaN
	05/05/2023 16:47:03	-16.609000E-3	2.050000E-9	922.000000E-12	4.996000E-9	530.500000E-9	-748.960000E-6	295.000000E+0	-1.683000E+0	4.293249E+3	17.694000E-6	8.350000E-6	NaN	NaN
	05/05/2023 16:47:12	-20.629000E-3	2.040000E-9	923.000000E-12	4.996000E-9	519.200000E-9	-750.930000E-6	295.000000E+0	-1.683000E+0	4.293698E+3	17.918000E-6	8.350000E-6	NaN	NaN
	05/05/2023 16:47:20	-17.178000E-3	2.070000E-9	922.000000E-12	4.996000E-9	511.100000E-9	-758.080000E-6	295.000000E+0	-1.796000E+0	4.294259E+3	18.702000E-6	8.350000E-6	NaN	NaN
	05/05/2023 16:47:29	-17.104000E-3	2.060000E-9	914.000000E-12	4.996000E-9	507.500000E-9	-749.950000E-6	294.000000E+0	-1.796000E+0	4.294259E+3	19.374000E-6	8.350000E-6	NaN	NaN
	05/05/2023 16:47:37	-16.585000E-3	2.050000E-9	915.000000E-12	4.996000E-9	505.600000E-9	-748.960000E-6	294.000000E+0	-1.796000E+0	4.294708E+3	18.366000E-6	8.350000E-6	NaN	NaN
	05/05/2023 16:47:46	-20.704000E-3	2.050000E-9	918.000000E-12	4.996000E-9	505.000000E-9	-743.540000E-6	294.000000E+0	-1.796000E+0	4.294820E+3	18.478000E-6	8.350000E-6	NaN	NaN
	05/05/2023 16:47:54	-20.704000E-3	2.060000E-9	923.000000E-12	4.996000E-9	505.000000E-9	-746.010000E-6	294.000000E+0	-1.796000E+0	4.295381E+3	17.694000E-6	8.350000E-6	NaN	NaN
	05/05/2023 16:48:03	-16.782000E-3	2.050000E-9	930.000000E-12	4.996000E-9	505.000000E-9	-748.960000E-6	294.000000E+0	-1.796000E+0	4.295157E+3	19.262000E-6	8.350000E-6	NaN	NaN
	05/05/2023 16:48:11	-17.351000E-3	2.070000E-9	921.000000E-12	4.996000E-9	505.000000E-9	-749.950000E-6	294.000000E+0	-1.796000E+0	4.295381E+3	18.142000E-6	8.350000E-6	NaN	NaN
	05/05/2023 16:48:20	-16.809000E-3	2.050000E-9	910.000000E-12	4.996000E-9	505.600000E-9	-749.950000E-6	294.000000E+0	-1.908000E+0	4.295830E+3	18.254000E-6	8.350000E-6	NaN	NaN
	05/05/2023 16:48:29	-16.856000E-3	1.710000E-9	840.000000E-12	4.996000E-9	506.200000E-9	-748.960000E-6	294.000000E+0	-1.683000E+0	4.295606E+3	18.590000E-6	8.350000E-6	NaN	NaN
	05/05/2023 16:48:37	-19.914000E-3	1.690000E-9	826.000000E-12	4.996000E-9	508.700000E-9	-748.720000E-6	294.000000E+0	-1.683000E+0	4.295830E+3	18.478000E-6	8.350000E-6	NaN	NaN
	05/05/2023 16:48:46	-17.080000E-3	1.710000E-9	824.000000E-12	4.996000E-9	509.900000E-9	-745.030000E-6	294.000000E+0	-1.796000E+0	4.295718E+3	19.934000E-6	8.350000E-6	NaN	NaN
	05/05/2023 16:48:54	-17.375000E-3	1.690000E-9	810.000000E-12	4.996000E-9	511.100000E-9	-748.490000E-6	294.000000E+0	-1.796000E+0	4.296167E+3	18.814000E-6	8.340000E-6	NaN	NaN
	05/05/2023 16:49:03	-17.005000E-3	1.670000E-9	812.000000E-12	4.996000E-9	512.300000E-9	-747.980000E-6	294.000000E+0	-1.683000E+0	4.295942E+3	17.694000E-6	8.350000E-6	NaN	NaN
	05/05/2023 16:49:11	-17.104000E-3	1.690000E-9	815.000000E-12	4.996000E-9	513.600000E-9	-724.320000E-6	294.000000E+0	-1.796000E+0	4.296391E+3	17.694000E-6	8.340000E-6	NaN	NaN
	05/05/2023 16:49:20	-16.856000E-3	1.700000E-9	819.000000E-12	4.996000E-9	517.300000E-9	-747.000000E-6	294.000000E+0	-1.908000E+0	4.295830E+3	18.254000E-6	8.340000E-6	NaN	NaN
	05/05/2023 16:49:28	-16.955000E-3	1.680000E-9	815.000000E-12	4.996000E-9	520.400000E-9	-744.520000E-6	294.000000E+0	-1.683000E+0	4.296055E+3	19.710000E-6	8.340000E-6	NaN	NaN
	05/05/2023 16:49:37	-16.561000E-3	1.680000E-9	818.000000E-12	4.996000E-9	519.800000E-9	-748.720000E-6	294.000000E+0	-1.683000E+0	4.295942E+3	18.366000E-6	8.340000E-6	NaN	NaN
	05/05/2023 16:49:45	-21.046000E-3	1.670000E-9	817.000000E-12	4.996000E-9	519.800000E-9	-750.690000E-6	294.000000E+0	-1.683000E+0	4.295942E+3	17.694000E-6	8.340000E-6	NaN	NaN
	05/05/2023 16:49:54	-16.955000E-3	1.680000E-9	820.000000E-12	4.996000E-9	519.200000E-9	-748.220000E-6	294.000000E+0	-1.683000E+0	4.295942E+3	17.806000E-6	8.340000E-6	NaN	NaN
	05/05/2023 16:50:03	-20.704000E-3	1.680000E-9	823.000000E-12	4.996000E-9	518.500000E-9	-738.110000E-6	294.000000E+0	-1.796000E+0	4.296055E+3	18.366000E-6	8.340000E-6	NaN	NaN
	05/05/2023 16:50:11	-16.809000E-3	1.660000E-9	816.000000E-12	4.996000E-9	516.100000E-9	-745.770000E-6	294.000000E+0	-1.908000E+0	4.296391E+3	18.590000E-6	8.340000E-6	NaN	NaN
	05/05/2023 16:50:20	-16.266000E-3	1.690000E-9	805.000000E-12	4.996000E-9	515.400000E-9	-748.960000E-6	294.000000E+0	-1.908000E+0	4.296055E+3	18.366000E-6	8.340000E-6	NaN	NaN
	05/05/2023 16:50:28	-17.178000E-3	1.670000E-9	814.000000E-12	4.996000E-9	515.400000E-9	-728.760000E-6	294.000000E+0	-1.796000E+0	4.296055E+3	19.374000E-6	8.340000E-6	NaN	NaN
	05/05/2023 16:50:37	-20.406000E-3	1.670000E-9	818.000000E-12	4.996000E-9	514.800000E-9	-741.570000E-6	294.000000E+0	-1.796000E+0	4.296055E+3	18.702000E-6	8.340000E-6	NaN	NaN
	05/05/2023 16:50:45	-16.907000E-3	1.670000E-9	820.000000E-12	4.996000E-9	514.200000E-9	-727.030000E-6	294.000000E+0	-1.683000E+0	4.296167E+3	18.926000E-6	8.340000E-6	NaN	NaN
	05/05/2023 16:50:54	-16.907000E-3	1.680000E-9	820.000000E-12	4.996000E-9	514.200000E-9	-744.760000E-6	294.000000E+0	-1.796000E+0	4.296279E+3	17.470000E-6	8.340000E-6	NaN	NaN
	05/05/2023 16:51:02	-17.992000E-3	1.680000E-9	809.000000E-12	4.996000E-9	513.600000E-9	-742.320000E-6	294.000000E+0	-1.908000E+0	4.296279E+3	18.366000E-6	8.340000E-6	NaN	NaN
	05/05/2023 16:51:11	-20.334000E-3	1.680000E-9	805.000000E-12	4.996000E-9	513.000000E-9	-741.330000E-6	294.000000E+0	-1.683000E+0	4.296279E+3	19.262000E-6	8.340000E-6	NaN	NaN
	05/05/2023 16:51:20	-20.555000E-3	1.670000E-9	806.000000E-12	4.996000E-9	517.300000E-9	-753.400000E-6	293.000000E+0	-1.796000E+0	4.296504E+3	18.590000E-6	8.330000E-6	NaN	NaN
	05/05/2023 16:51:28	-21.246000E-3	1.660000E-9	808.000000E-12	4.996000E-9	515.400000E-9	-741.570000E-6	294.000000E+0	-1.908000E+0	4.295830E+3	19.262000E-6	8.340000E-6	NaN	NaN
	05/05/2023 16:51:37	-20.504000E-3	1.670000E-9	808.000000E-12	4.996000E-9	515.400000E-9	-748.960000E-6	294.000000E+0	-1.908000E+0	4.296055E+3	19.374000E-6	8.330000E-6	NaN	NaN
	05/05/2023 16:51:45	-17.151000E-3	1.670000E-9	809.000000E-12	4.996000E-9	514.800000E-9	-750.690000E-6	294.000000E+0	-1.683000E+0	4.296279E+3	19.150000E-6	8.330000E-6	NaN	NaN
	05/05/2023 16:51:54	-18.904000E-3	1.680000E-9	812.000000E-12	4.996000E-9	514.200000E-9	-736.890000E-6	294.000000E+0	-1.796000E+0	4.296167E+3	17.918000E-6	8.330000E-6	NaN	NaN
	05/05/2023 16:52:02	-16.707000E-3	1.660000E-9	809.000000E-12	4.996000E-9	514.200000E-9	-745.510000E-6	293.000000E+0	-1.796000E+0	4.296055E+3	17.806000E-6	8.330000E-6	NaN	NaN
	05/05/2023 16:52:11	-20.406000E-3	1.660000E-9	811.000000E-12	4.996000E-9	513.600000E-9	-742.050000E-6	294.000000E+0	-1.908000E+0	4.296279E+3	19.038000E-6	8.330000E-6	NaN	NaN
	05/05/2023 16:52:19	-16.561000E-3	1.670000E-9	813.000000E-12	4.996000E-9	514.200000E-9	-747.740000E-6	293.000000E+0	-1.908000E+0	4.295830E+3	18.814000E-6	8.330000E-6	NaN	NaN
	05/05/2023 16:52:28	-20.406000E-3	1.660000E-9	815.000000E-12	4.996000E-9	515.400000E-9	-750.450000E-6	293.000000E+0	-1.908000E+0	4.296055E+3	18.814000E-6	8.330000E-6	NaN	NaN
	05/05/2023 16:52:36	-18.606000E-3	1.680000E-9	820.000000E-12	4.996000E-9	678.500000E-9	-747.980000E-6	293.000000E+0	-1.796000E+0	4.295606E+3	18.926000E-6	8.330000E-6	NaN	NaN
	05/05/2023 16:52:45	-21.270000E-3	1.650000E-9	815.000000E-12	4.996000E-9	583.300000E-9	-747.230000E-6	293.000000E+0	-1.908000E+0	4.295942E+3	18.590000E-6	8.330000E-6	NaN	NaN
	05/05/2023 16:52:54	-16.978000E-3	1.660000E-9	800.000000E-12	4.996000E-9	551.900000E-9	-736.150000E-6	293.000000E+0	-1.796000E+0	4.295606E+3	19.934000E-6	8.330000E-6	NaN	NaN
	05/05/2023 16:53:02	-17.473000E-3	1.660000E-9	804.000000E-12	4.996000E-9	538.200000E-9	-748.220000E-6	293.000000E+0	-1.796000E+0	4.295493E+3	17.806000E-6	8.330000E-6	NaN	NaN
	05/05/2023 16:53:11	-16.809000E-3	1.660000E-9	809.000000E-12	4.996000E-9	529.200000E-9	-751.910000E-6	293.000000E+0	-1.796000E+0	4.295718E+3	17.918000E-6	8.330000E-6	NaN	NaN
	05/05/2023 16:53:19	-20.751000E-3	1.640000E-9	810.000000E-12	4.996000E-9	524.800000E-9	-747.470000E-6	293.000000E+0	-1.796000E+0	4.295718E+3	17.582000E-6	8.330000E-6	NaN	NaN
	05/05/2023 16:53:28	-16.609000E-3	1.670000E-9	808.000000E-12	4.996000E-9	519.800000E-9	-746.490000E-6	293.000000E+0	-1.796000E+0	4.295942E+3	17.694000E-6	8.330000E-6	NaN	NaN
	05/05/2023 16:53:36	-17.893000E-3	1.660000E-9	812.000000E-12	4.996000E-9	518.500000E-9	-738.350000E-6	293.000000E+0	-1.908000E+0	4.295606E+3	18.254000E-6	8.330000E-6	NaN	NaN
	05/05/2023 16:53:45	-16.955000E-3	1.660000E-9	811.000000E-12	4.996000E-9	516.100000E-9	-748.490000E-6	293.000000E+0	-1.796000E+0	4.295606E+3	17.806000E-6	8.330000E-6	NaN	NaN
	05/05/2023 16:53:53	-17.720000E-3	1.660000E-9	814.000000E-12	4.996000E-9	514.800000E-9	-746.490000E-6	293.000000E+0	-1.796000E+0	4.295493E+3	18.142000E-6	8.330000E-6	NaN	NaN
	05/05/2023 16:54:02	-17.250000E-3	1.670000E-9	813.000000E-12	4.996000E-9	514.200000E-9	-743.060000E-6	294.000000E+0	-1.571000E+0	4.295718E+3	19.038000E-6	8.330000E-6	NaN	NaN
	05/05/2023 16:54:10	-16.659000E-3	1.650000E-9	803.000000E-12	4.996000E-9	514.200000E-9	-748.220000E-6	293.000000E+0	-1.683000E+0	4.295381E+3	18.254000E-6	8.330000E-6	NaN	NaN
	05/05/2023 16:54:19	-16.880000E-3	1.670000E-9	804.000000E-12	4.996000E-9	513.600000E-9	-744.280000E-6	293.000000E+0	-1.683000E+0	4.295381E+3	17.582000E-6	8.320000E-6	NaN	NaN
	05/05/2023 16:54:28	-20.751000E-3	1.650000E-9	813.000000E-12	4.996000E-9	513.600000E-9	-744.280000E-6	293.000000E+0	-1.796000E+0	4.295269E+3	19.486000E-6	8.320000E-6	NaN	NaN
	05/05/2023 16:54:36	-20.850000E-3	1.650000E-9	809.000000E-12	4.996000E-9	513.000000E-9	-746.490000E-6	293.000000E+0	-1.796000E+0	4.295381E+3	17.470000E-6	8.320000E-6	NaN	NaN
	05/05/2023 16:54:45	-20.826000E-3	1.660000E-9	805.000000E-12	4.996000E-9	512.300000E-9	-749.710000E-6	293.000000E+0	-1.796000E+0	4.295381E+3	18.142000E-6	8.320000E-6	NaN	NaN
	05/05/2023 16:54:53	-18.212000E-3	1.660000E-9	813.000000E-12	4.996000E-9	512.300000E-9	-748.720000E-6	293.000000E+0	-1.683000E+0	4.295157E+3	19.150000E-6	8.320000E-6	NaN	NaN
	05/05/2023 16:55:02	-16.856000E-3	1.670000E-9	817.000000E-12	4.996000E-9	511.700000E-9	-711.500000E-6	293.000000E+0	-1.908000E+0	4.295381E+3	18.590000E-6	8.320000E-6	NaN	NaN
	05/05/2023 16:55:10	-16.636000E-3	1.660000E-9	809.000000E-12	4.996000E-9	511.100000E-9	-744.760000E-6	293.000000E+0	-1.683000E+0	4.295269E+3	18.254000E-6	8.320000E-6	NaN	NaN
	05/05/2023 16:55:19	-17.104000E-3	1.640000E-9	799.000000E-12	4.996000E-9	510.500000E-9	-749.710000E-6	293.000000E+0	-1.683000E+0	4.295157E+3	19.038000E-6	8.320000E-6	NaN	NaN
	05/05/2023 16:55:27	-20.531000E-3	1.670000E-9	805.000000E-12	4.996000E-9	509.900000E-9	-745.770000E-6	293.000000E+0	-1.796000E+0	4.295045E+3	18.030000E-6	8.320000E-6	NaN	NaN
	05/05/2023 16:55:36	-20.704000E-3	1.670000E-9	811.000000E-12	4.996000E-9	509.300000E-9	-754.150000E-6	293.000000E+0	-1.908000E+0	4.295493E+3	18.814000E-6	8.320000E-6	NaN	NaN
	05/05/2023 16:55:44	-17.250000E-3	1.650000E-9	813.000000E-12	4.996000E-9	509.300000E-9	-749.950000E-6	293.000000E+0	-1.908000E+0	4.295269E+3	17.806000E-6	8.320000E-6	NaN	NaN
	05/05/2023 16:55:53	-16.955000E-3	1.660000E-9	809.000000E-12	4.996000E-9	508.100000E-9	-717.640000E-6	293.000000E+0	-1.908000E+0	4.295045E+3	18.478000E-6	8.320000E-6	NaN	NaN
	05/05/2023 16:56:02	-16.832000E-3	1.650000E-9	811.000000E-12	4.996000E-9	507.500000E-9	-749.200000E-6	293.000000E+0	-1.796000E+0	4.294932E+3	18.366000E-6	8.320000E-6	NaN	NaN
	05/05/2023 16:56:10	-17.151000E-3	1.650000E-9	813.000000E-12	4.996000E-9	506.200000E-9	-749.710000E-6	293.000000E+0	-1.683000E+0	4.295045E+3	18.478000E-6	8.320000E-6	NaN	NaN
	05/05/2023 16:56:19	-17.571000E-3	3.000000E-9	1.060000E-9	4.996000E-9	506.200000E-9	-746.010000E-6	293.000000E+0	-1.908000E+0	4.295493E+3	17.582000E-6	8.320000E-6	NaN	NaN
	05/05/2023 16:56:27	-16.412000E-3	2.270000E-9	989.000000E-12	4.996000E-9	505.600000E-9	-746.490000E-6	293.000000E+0	-2.020000E+0	4.295493E+3	17.470000E-6	8.320000E-6	NaN	NaN
	05/05/2023 16:56:36	-18.039000E-3	2.190000E-9	954.000000E-12	4.996000E-9	505.600000E-9	-747.000000E-6	293.000000E+0	-1.796000E+0	4.295606E+3	18.590000E-6	8.320000E-6	NaN	NaN
	05/05/2023 16:56:44	-16.880000E-3	2.160000E-9	945.000000E-12	4.996000E-9	505.600000E-9	-736.620000E-6	293.000000E+0	-1.908000E+0	4.295045E+3	17.806000E-6	8.320000E-6	NaN	NaN
	05/05/2023 16:56:53	-16.463000E-3	2.140000E-9	938.000000E-12	4.996000E-9	505.600000E-9	-746.760000E-6	293.000000E+0	-1.908000E+0	4.295045E+3	18.142000E-6	8.320000E-6	NaN	NaN
	05/05/2023 16:57:02	-19.938000E-3	2.130000E-9	933.000000E-12	4.996000E-9	505.600000E-9	-745.770000E-6	293.000000E+0	-1.796000E+0	4.295269E+3	19.038000E-6	8.320000E-6	NaN	NaN
	05/05/2023 16:57:10	-20.161000E-3	2.130000E-9	935.000000E-12	4.996000E-9	505.600000E-9	-745.510000E-6	293.000000E+0	-1.683000E+0	4.295045E+3	19.150000E-6	8.320000E-6	NaN	NaN
	05/05/2023 16:57:19	-16.436000E-3	2.120000E-9	939.000000E-12	4.996000E-9	505.000000E-9	-744.040000E-6	292.000000E+0	-1.796000E+0	4.294932E+3	18.254000E-6	8.320000E-6	NaN	NaN
	05/05/2023 16:57:27	-20.111000E-3	2.130000E-9	940.000000E-12	4.996000E-9	505.000000E-9	-708.520000E-6	293.000000E+0	-1.908000E+0	4.295045E+3	18.478000E-6	8.320000E-6	NaN	NaN
	05/05/2023 16:57:36	-17.548000E-3	2.110000E-9	938.000000E-12	4.996000E-9	505.000000E-9	-740.830000E-6	293.000000E+0	-1.908000E+0	4.295045E+3	19.486000E-6	8.320000E-6	NaN	NaN
	05/05/2023 16:57:44	-16.856000E-3	2.090000E-9	935.000000E-12	4.996000E-9	505.000000E-9	-743.300000E-6	292.000000E+0	-1.908000E+0	4.294932E+3	17.918000E-6	8.320000E-6	NaN	NaN
	05/05/2023 16:57:53	-20.877000E-3	2.110000E-9	935.000000E-12	4.996000E-9	505.600000E-9	-737.640000E-6	293.000000E+0	-1.683000E+0	4.295269E+3	17.246000E-6	8.320000E-6	NaN	NaN
	05/05/2023 16:58:01	-16.338000E-3	1.670000E-9	810.000000E-12	4.996000E-9	506.200000E-9	-749.950000E-6	292.000000E+0	-1.796000E+0	4.294820E+3	18.254000E-6	8.320000E-6	NaN	NaN
	05/05/2023 16:58:10	-17.941000E-3	1.620000E-9	791.000000E-12	4.996000E-9	505.600000E-9	-748.720000E-6	293.000000E+0	-1.796000E+0	4.294932E+3	18.590000E-6	8.320000E-6	NaN	NaN
	05/05/2023 16:58:18	-17.080000E-3	1.610000E-9	791.000000E-12	4.996000E-9	505.000000E-9	-744.760000E-6	292.000000E+0	-1.796000E+0	4.295045E+3	18.254000E-6	8.320000E-6	NaN	NaN
	05/05/2023 16:58:27	-19.717000E-3	1.610000E-9	790.000000E-12	4.996000E-9	502.600000E-9	-744.520000E-6	292.000000E+0	-1.796000E+0	4.295269E+3	17.806000E-6	8.320000E-6	NaN	NaN
	05/05/2023 16:58:36	-18.090000E-3	1.600000E-9	788.000000E-12	4.996000E-9	500.200000E-9	-750.180000E-6	292.000000E+0	-1.908000E+0	4.295157E+3	19.822000E-6	8.320000E-6	NaN	NaN
	05/05/2023 16:58:44	-20.775000E-3	1.610000E-9	787.000000E-12	4.996000E-9	500.200000E-9	-745.510000E-6	292.000000E+0	-1.683000E+0	4.295493E+3	17.470000E-6	8.310000E-6	NaN	NaN
	05/05/2023 16:58:53	-16.683000E-3	1.580000E-9	782.000000E-12	4.996000E-9	500.200000E-9	-744.760000E-6	292.000000E+0	-2.020000E+0	4.295157E+3	18.254000E-6	8.320000E-6	NaN	NaN
	05/05/2023 16:59:01	-17.622000E-3	1.580000E-9	778.000000E-12	4.996000E-9	500.200000E-9	-724.080000E-6	292.000000E+0	-1.908000E+0	4.295157E+3	19.262000E-6	8.310000E-6	NaN	NaN
	05/05/2023 16:59:10	-16.880000E-3	1.600000E-9	771.000000E-12	4.996000E-9	500.200000E-9	-747.000000E-6	292.000000E+0	-1.796000E+0	4.295269E+3	19.150000E-6	8.310000E-6	NaN	NaN
	05/05/2023 16:59:18	-17.053000E-3	1.580000E-9	768.000000E-12	4.996000E-9	500.200000E-9	-735.640000E-6	292.000000E+0	-1.908000E+0	4.295606E+3	18.478000E-6	8.320000E-6	NaN	NaN
	05/05/2023 16:59:27	-16.955000E-3	1.590000E-9	776.000000E-12	4.996000E-9	500.200000E-9	-735.160000E-6	292.000000E+0	-1.908000E+0	4.295606E+3	18.366000E-6	8.310000E-6	NaN	NaN
	05/05/2023 16:59:36	-16.537000E-3	1.580000E-9	783.000000E-12	4.996000E-9	514.800000E-9	-742.320000E-6	292.000000E+0	-1.796000E+0	4.295493E+3	17.582000E-6	8.310000E-6	NaN	NaN
	05/05/2023 16:59:44	-20.358000E-3	1.580000E-9	782.000000E-12	4.996000E-9	513.600000E-9	-740.590000E-6	292.000000E+0	-1.908000E+0	4.295157E+3	20.494000E-6	8.310000E-6	NaN	NaN
	05/05/2023 16:59:53	-20.233000E-3	1.570000E-9	774.000000E-12	4.996000E-9	511.700000E-9	-760.320000E-6	292.000000E+0	-1.796000E+0	4.295269E+3	17.918000E-6	8.310000E-6	NaN	NaN
	05/05/2023 17:00:01	-16.758000E-3	1.590000E-9	773.000000E-12	4.996000E-9	509.300000E-9	-745.770000E-6	292.000000E+0	-1.571000E+0	4.295045E+3	17.918000E-6	8.310000E-6	NaN	NaN
	05/05/2023 17:00:10	-16.388000E-3	1.560000E-9	780.000000E-12	4.996000E-9	505.600000E-9	-748.720000E-6	292.000000E+0	-1.796000E+0	4.295269E+3	18.590000E-6	8.310000E-6	NaN	NaN
	05/05/2023 17:00:18	-17.694000E-3	1.580000E-9	776.000000E-12	4.996000E-9	505.000000E-9	-744.040000E-6	292.000000E+0	-1.796000E+0	4.295269E+3	18.254000E-6	8.310000E-6	NaN	NaN
	05/05/2023 17:00:27	-16.412000E-3	1.560000E-9	769.000000E-12	4.996000E-9	502.600000E-9	-742.550000E-6	292.000000E+0	-1.908000E+0	4.295381E+3	19.150000E-6	8.310000E-6	NaN	NaN
	05/05/2023 17:00:35	-20.877000E-3	1.580000E-9	782.000000E-12	4.996000E-9	500.200000E-9	-748.960000E-6	292.000000E+0	-1.683000E+0	4.295493E+3	18.814000E-6	8.310000E-6	NaN	NaN
	05/05/2023 17:00:44	-16.734000E-3	1.580000E-9	773.000000E-12	4.996000E-9	500.200000E-9	-742.790000E-6	292.000000E+0	-1.796000E+0	4.295269E+3	18.926000E-6	8.310000E-6	NaN	NaN
	05/05/2023 17:00:52	-19.124000E-3	1.560000E-9	767.000000E-12	4.996000E-9	500.200000E-9	-740.350000E-6	292.000000E+0	-1.796000E+0	4.295269E+3	18.254000E-6	8.310000E-6	NaN	NaN
end of esd measurement	05/05/2023 17:01:01	-17.276000E-3	1.560000E-9	781.000000E-12	4.996000E-9	500.200000E-9	-741.570000E-6	292.000000E+0	-1.908000E+0	4.295718E+3	19.150000E-6	8.310000E-6	NaN	NaN
	05/05/2023 17:01:10	-16.907000E-3	1.570000E-9	772.000000E-12	4.996000E-9	500.200000E-9	-716.920000E-6	292.000000E+0	-1.796000E+0	4.295606E+3	18.814000E-6	8.310000E-6	NaN	NaN
