Live comments	Time	100mbar inj	Barion_2	Barion_1	DUAL experiment	DUAL insulation	1mbar inj	helium	T-platinum	T-CERNOX	V_heater	DUAL inj line	I_emission	I_grid
	17/05/2023 10:44:10	19.187000E-3	2.820000E-9	898.000000E-12	4.996000E-9	1.107000E-6	387.420000E-3	0.000000E+0	27.609000E+0	161.166000E+0	9.295000E-6	6.810000E-6	-59.179000E-12	NaN
	17/05/2023 10:44:19	18.671000E-3	2.790000E-9	894.000000E-12	4.996000E-9	1.100000E-6	387.430000E-3	0.000000E+0	27.497000E+0	161.279000E+0	9.519000E-6	6.810000E-6	-46.618000E-12	NaN
	17/05/2023 10:44:27	18.916000E-3	2.790000E-9	890.000000E-12	4.996000E-9	1.096000E-6	387.420000E-3	0.000000E+0	27.497000E+0	161.054000E+0	9.407000E-6	6.810000E-6	-70.165000E-12	NaN
	17/05/2023 10:44:36	18.770000E-3	2.810000E-9	891.000000E-12	4.996000E-9	1.094000E-6	387.430000E-3	0.000000E+0	27.497000E+0	161.166000E+0	9.519000E-6	6.810000E-6	-25.402000E-12	NaN
	17/05/2023 10:44:44	19.312000E-3	2.800000E-9	890.000000E-12	4.996000E-9	1.091000E-6	387.460000E-3	0.000000E+0	27.497000E+0	161.054000E+0	8.847000E-6	6.810000E-6	-34.814000E-12	NaN
	17/05/2023 10:44:53	19.336000E-3	2.790000E-9	893.000000E-12	4.996000E-9	1.090000E-6	387.430000E-3	0.000000E+0	27.497000E+0	161.054000E+0	9.407000E-6	6.810000E-6	4.030300E-12	NaN
	17/05/2023 10:45:01	18.990000E-3	2.810000E-9	888.000000E-12	4.996000E-9	1.090000E-6	387.420000E-3	0.000000E+0	27.497000E+0	161.166000E+0	9.295000E-6	6.810000E-6	-22.932000E-12	NaN
	17/05/2023 10:45:10	18.892000E-3	2.820000E-9	882.000000E-12	4.996000E-9	1.090000E-6	387.440000E-3	0.000000E+0	27.385000E+0	161.054000E+0	8.847000E-6	6.810000E-6	-22.274000E-12	NaN
	17/05/2023 10:45:18	18.695000E-3	2.770000E-9	886.000000E-12	4.996000E-9	1.090000E-6	387.460000E-3	0.000000E+0	27.609000E+0	161.054000E+0	9.967000E-6	6.820000E-6	-34.802000E-12	NaN
	17/05/2023 10:45:27	19.041000E-3	2.790000E-9	895.000000E-12	4.996000E-9	1.089000E-6	387.460000E-3	0.000000E+0	27.385000E+0	161.054000E+0	9.071000E-6	6.820000E-6	-41.525000E-12	NaN
	17/05/2023 10:45:36	19.041000E-3	2.790000E-9	892.000000E-12	4.996000E-9	1.089000E-6	387.440000E-3	0.000000E+0	27.497000E+0	161.054000E+0	9.183000E-6	6.820000E-6	-36.628000E-12	NaN
	17/05/2023 10:45:44	18.597000E-3	2.790000E-9	895.000000E-12	4.996000E-9	1.089000E-6	387.460000E-3	0.000000E+0	27.609000E+0	160.830000E+0	9.407000E-6	6.820000E-6	-40.043000E-12	NaN
	17/05/2023 10:45:53	19.261000E-3	2.800000E-9	897.000000E-12	4.996000E-9	1.089000E-6	387.430000E-3	0.000000E+0	27.385000E+0	160.942000E+0	9.295000E-6	6.820000E-6	-46.036000E-12	NaN
	17/05/2023 10:46:01	18.817000E-3	2.800000E-9	895.000000E-12	4.996000E-9	1.089000E-6	387.460000E-3	0.000000E+0	27.497000E+0	161.054000E+0	9.407000E-6	6.820000E-6	-28.870000E-12	NaN
	17/05/2023 10:46:10	19.041000E-3	2.810000E-9	896.000000E-12	4.996000E-9	1.089000E-6	387.460000E-3	0.000000E+0	27.609000E+0	160.942000E+0	9.519000E-6	6.820000E-6	-7.207400E-12	NaN
	17/05/2023 10:46:18	19.017000E-3	2.770000E-9	891.000000E-12	4.996000E-9	1.089000E-6	387.440000E-3	0.000000E+0	27.609000E+0	160.942000E+0	9.743000E-6	6.830000E-6	-8.688100E-12	NaN
	17/05/2023 10:46:27	19.017000E-3	2.790000E-9	882.000000E-12	4.996000E-9	1.089000E-6	387.430000E-3	0.000000E+0	27.497000E+0	160.830000E+0	9.295000E-6	6.830000E-6	-9.948000E-12	NaN
	17/05/2023 10:46:35	18.719000E-3	2.800000E-9	883.000000E-12	4.996000E-9	1.089000E-6	387.460000E-3	0.000000E+0	27.609000E+0	160.830000E+0	9.631000E-6	6.830000E-6	-10.470100E-12	NaN
	17/05/2023 10:46:44	18.546000E-3	2.800000E-9	882.000000E-12	4.996000E-9	1.089000E-6	387.460000E-3	0.000000E+0	27.609000E+0	160.942000E+0	8.847000E-6	6.820000E-6	-15.481600E-12	NaN
	17/05/2023 10:46:52	18.644000E-3	2.790000E-9	883.000000E-12	4.996000E-9	1.089000E-6	387.460000E-3	0.000000E+0	27.609000E+0	160.942000E+0	9.183000E-6	6.820000E-6	-23.649000E-12	NaN
	17/05/2023 10:47:01	19.041000E-3	2.780000E-9	888.000000E-12	4.996000E-9	1.089000E-6	387.460000E-3	0.000000E+0	27.722000E+0	160.942000E+0	8.847000E-6	6.820000E-6	-31.540000E-12	NaN
	17/05/2023 10:47:10	18.966000E-3	2.800000E-9	894.000000E-12	4.996000E-9	1.089000E-6	387.460000E-3	0.000000E+0	27.722000E+0	160.830000E+0	9.183000E-6	6.820000E-6	-33.400000E-12	NaN
	17/05/2023 10:47:18	18.695000E-3	2.780000E-9	893.000000E-12	4.996000E-9	1.089000E-6	387.420000E-3	0.000000E+0	27.497000E+0	160.718000E+0	9.183000E-6	6.820000E-6	-9.931400E-12	NaN
	17/05/2023 10:47:27	19.139000E-3	2.790000E-9	885.000000E-12	4.996000E-9	1.089000E-6	387.420000E-3	0.000000E+0	27.609000E+0	160.830000E+0	9.183000E-6	6.820000E-6	-19.204000E-12	NaN
	17/05/2023 10:47:35	18.942000E-3	2.790000E-9	881.000000E-12	4.996000E-9	1.089000E-6	387.430000E-3	0.000000E+0	27.722000E+0	160.718000E+0	9.631000E-6	6.820000E-6	2.385400E-12	NaN
	17/05/2023 10:47:44	18.302000E-3	2.790000E-9	882.000000E-12	4.996000E-9	1.089000E-6	387.420000E-3	0.000000E+0	27.609000E+0	160.718000E+0	8.959000E-6	6.820000E-6	-15.389100E-12	NaN
	17/05/2023 10:47:52	18.671000E-3	2.790000E-9	891.000000E-12	4.996000E-9	1.089000E-6	387.420000E-3	0.000000E+0	27.497000E+0	160.718000E+0	9.407000E-6	6.810000E-6	-18.798300E-12	NaN
	17/05/2023 10:48:01	18.695000E-3	2.770000E-9	895.000000E-12	4.996000E-9	1.089000E-6	387.470000E-3	0.000000E+0	27.722000E+0	160.830000E+0	9.295000E-6	6.810000E-6	16.427100E-12	NaN
	17/05/2023 10:48:09	18.990000E-3	2.770000E-9	892.000000E-12	4.996000E-9	1.089000E-6	387.430000E-3	0.000000E+0	27.722000E+0	160.605000E+0	9.519000E-6	6.810000E-6	-19.549200E-12	NaN
	17/05/2023 10:48:18	19.041000E-3	2.790000E-9	885.000000E-12	4.996000E-9	1.089000E-6	387.430000E-3	0.000000E+0	27.722000E+0	160.605000E+0	9.631000E-6	6.820000E-6	-5.148600E-12	NaN
	17/05/2023 10:48:26	18.770000E-3	2.760000E-9	884.000000E-12	4.996000E-9	1.089000E-6	387.430000E-3	0.000000E+0	27.497000E+0	160.718000E+0	9.407000E-6	6.820000E-6	-14.293000E-12	NaN
	17/05/2023 10:48:35	19.509000E-3	2.770000E-9	889.000000E-12	4.996000E-9	1.089000E-6	387.430000E-3	0.000000E+0	27.497000E+0	160.830000E+0	9.519000E-6	6.820000E-6	-3.269500E-12	NaN
	17/05/2023 10:48:44	19.065000E-3	2.790000E-9	890.000000E-12	4.996000E-9	1.089000E-6	387.420000E-3	0.000000E+0	27.609000E+0	160.605000E+0	9.295000E-6	6.820000E-6	-16.489800E-12	NaN
	17/05/2023 10:48:52	18.793000E-3	2.790000E-9	893.000000E-12	4.996000E-9	1.089000E-6	387.420000E-3	0.000000E+0	27.722000E+0	160.605000E+0	8.623000E-6	6.820000E-6	-3.198300E-12	NaN
	17/05/2023 10:49:01	18.373000E-3	2.780000E-9	893.000000E-12	4.996000E-9	1.111000E-6	387.420000E-3	0.000000E+0	27.722000E+0	160.718000E+0	9.183000E-6	6.820000E-6	8.214700E-12	NaN
	17/05/2023 10:49:09	18.373000E-3	2.770000E-9	886.000000E-12	4.996000E-9	1.102000E-6	387.430000E-3	0.000000E+0	27.609000E+0	160.718000E+0	9.407000E-6	6.820000E-6	16.540700E-12	NaN
	17/05/2023 10:49:18	18.474000E-3	2.780000E-9	879.000000E-12	4.996000E-9	1.098000E-6	387.430000E-3	0.000000E+0	27.609000E+0	160.605000E+0	9.631000E-6	6.820000E-6	-14.992400E-12	NaN
	17/05/2023 10:49:26	18.695000E-3	2.780000E-9	879.000000E-12	4.996000E-9	1.095000E-6	387.430000E-3	0.000000E+0	27.722000E+0	160.605000E+0	9.519000E-6	6.820000E-6	-18.399400E-12	NaN
	17/05/2023 10:49:35	19.041000E-3	2.780000E-9	886.000000E-12	4.996000E-9	1.093000E-6	387.420000E-3	0.000000E+0	27.722000E+0	160.493000E+0	9.071000E-6	6.820000E-6	-12.935500E-12	NaN
	17/05/2023 10:49:44	19.088000E-3	2.760000E-9	893.000000E-12	4.996000E-9	1.091000E-6	387.430000E-3	0.000000E+0	27.722000E+0	160.605000E+0	9.519000E-6	6.820000E-6	-36.710000E-12	NaN
	17/05/2023 10:49:52	18.671000E-3	2.780000E-9	887.000000E-12	4.996000E-9	1.090000E-6	387.420000E-3	0.000000E+0	27.834000E+0	160.493000E+0	9.183000E-6	6.830000E-6	-15.801200E-12	NaN
	17/05/2023 10:50:01	18.620000E-3	2.770000E-9	881.000000E-12	4.996000E-9	1.090000E-6	387.420000E-3	0.000000E+0	27.609000E+0	160.605000E+0	9.743000E-6	6.830000E-6	-16.557000E-12	NaN
	17/05/2023 10:50:09	18.597000E-3	2.770000E-9	887.000000E-12	4.996000E-9	1.090000E-6	387.430000E-3	0.000000E+0	27.609000E+0	160.381000E+0	10.191000E-6	6.830000E-6	-41.751000E-12	NaN
	17/05/2023 10:50:18	18.966000E-3	2.760000E-9	890.000000E-12	4.996000E-9	1.091000E-6	387.420000E-3	0.000000E+0	27.722000E+0	160.605000E+0	9.183000E-6	6.830000E-6	-35.916000E-12	NaN
	17/05/2023 10:50:26	19.237000E-3	2.770000E-9	881.000000E-12	4.996000E-9	1.090000E-6	387.430000E-3	0.000000E+0	27.722000E+0	160.493000E+0	9.519000E-6	6.830000E-6	-15.327600E-12	NaN
	17/05/2023 10:50:35	18.546000E-3	2.750000E-9	880.000000E-12	4.996000E-9	1.090000E-6	387.430000E-3	0.000000E+0	27.834000E+0	160.493000E+0	9.183000E-6	6.830000E-6	-27.139000E-12	NaN
	17/05/2023 10:50:43	18.892000E-3	2.780000E-9	892.000000E-12	4.996000E-9	1.090000E-6	387.420000E-3	0.000000E+0	27.722000E+0	160.493000E+0	9.071000E-6	6.820000E-6	-6.509800E-12	NaN
	17/05/2023 10:50:52	18.400000E-3	2.770000E-9	889.000000E-12	4.996000E-9	1.090000E-6	387.440000E-3	0.000000E+0	27.834000E+0	160.381000E+0	8.847000E-6	6.830000E-6	-19.100700E-12	NaN
	17/05/2023 10:51:01	19.163000E-3	2.740000E-9	879.000000E-12	4.996000E-9	1.090000E-6	387.450000E-3	0.000000E+0	27.834000E+0	160.493000E+0	9.743000E-6	6.830000E-6	-31.903000E-12	NaN
	17/05/2023 10:51:09	19.065000E-3	2.770000E-9	878.000000E-12	4.996000E-9	1.090000E-6	387.450000E-3	0.000000E+0	27.834000E+0	160.493000E+0	8.847000E-6	6.830000E-6	-35.199000E-12	NaN
	17/05/2023 10:51:18	19.065000E-3	2.750000E-9	890.000000E-12	4.996000E-9	1.089000E-6	387.430000E-3	0.000000E+0	27.834000E+0	160.269000E+0	9.631000E-6	6.830000E-6	-37.046000E-12	NaN
	17/05/2023 10:51:26	19.163000E-3	2.770000E-9	885.000000E-12	4.996000E-9	1.090000E-6	387.420000E-3	0.000000E+0	27.834000E+0	160.381000E+0	9.183000E-6	6.830000E-6	-17.641200E-12	NaN
	17/05/2023 10:51:35	18.695000E-3	2.750000E-9	880.000000E-12	4.996000E-9	1.090000E-6	387.430000E-3	0.000000E+0	27.834000E+0	160.381000E+0	9.071000E-6	6.830000E-6	-18.392600E-12	NaN
	17/05/2023 10:51:43	18.966000E-3	2.760000E-9	887.000000E-12	4.996000E-9	1.090000E-6	387.430000E-3	0.000000E+0	27.834000E+0	160.493000E+0	8.623000E-6	6.830000E-6	-13.584500E-12	NaN
	17/05/2023 10:51:52	19.214000E-3	2.750000E-9	887.000000E-12	4.996000E-9	1.089000E-6	387.420000E-3	0.000000E+0	27.722000E+0	160.381000E+0	8.623000E-6	6.830000E-6	-32.890000E-12	NaN
	17/05/2023 10:52:00	18.916000E-3	2.770000E-9	877.000000E-12	4.996000E-9	1.090000E-6	387.430000E-3	0.000000E+0	27.722000E+0	160.156000E+0	8.959000E-6	6.830000E-6	-18.818500E-12	NaN
	17/05/2023 10:52:09	18.966000E-3	2.760000E-9	878.000000E-12	4.996000E-9	1.089000E-6	387.400000E-3	0.000000E+0	27.722000E+0	160.269000E+0	9.631000E-6	6.830000E-6	-30.122000E-12	NaN
	17/05/2023 10:52:18	18.844000E-3	2.750000E-9	891.000000E-12	4.996000E-9	1.090000E-6	387.390000E-3	0.000000E+0	27.834000E+0	160.044000E+0	9.743000E-6	6.830000E-6	-60.157000E-12	NaN
	17/05/2023 10:52:26	18.498000E-3	2.770000E-9	884.000000E-12	4.996000E-9	1.090000E-6	387.470000E-3	0.000000E+0	27.722000E+0	160.381000E+0	9.519000E-6	6.830000E-6	-34.350000E-12	NaN
	17/05/2023 10:52:35	18.597000E-3	2.750000E-9	878.000000E-12	4.996000E-9	1.089000E-6	387.440000E-3	0.000000E+0	27.722000E+0	160.156000E+0	8.847000E-6	6.830000E-6	-31.064000E-12	NaN
	17/05/2023 10:52:43	19.434000E-3	2.760000E-9	886.000000E-12	4.996000E-9	1.090000E-6	387.440000E-3	0.000000E+0	27.946000E+0	160.269000E+0	9.183000E-6	6.830000E-6	-26.541000E-12	NaN
	17/05/2023 10:52:52	19.360000E-3	2.750000E-9	887.000000E-12	4.996000E-9	1.089000E-6	387.420000E-3	0.000000E+0	27.946000E+0	160.269000E+0	9.071000E-6	6.830000E-6	-56.748000E-12	NaN
	17/05/2023 10:53:00	19.288000E-3	2.740000E-9	877.000000E-12	4.996000E-9	1.090000E-6	387.430000E-3	0.000000E+0	27.722000E+0	160.269000E+0	9.407000E-6	6.830000E-6	-7.182200E-12	NaN
	17/05/2023 10:53:09	21.654000E-3	2.750000E-9	882.000000E-12	4.996000E-9	1.089000E-6	387.420000E-3	0.000000E+0	27.834000E+0	160.156000E+0	9.519000E-6	6.830000E-6	-40.128000E-12	NaN
	17/05/2023 10:53:22	19.115000E-3	2.730000E-9	885.000000E-12	4.996000E-9	1.089000E-6	387.430000E-3	0.000000E+0	27.834000E+0	160.044000E+0	9.071000E-6	6.830000E-6	-23.667000E-12	NaN
	17/05/2023 10:53:31	18.644000E-3	2.760000E-9	877.000000E-12	4.996000E-9	1.089000E-6	387.420000E-3	0.000000E+0	27.722000E+0	160.044000E+0	8.959000E-6	6.830000E-6	-17.864300E-12	NaN
	17/05/2023 10:53:39	18.892000E-3	2.760000E-9	887.000000E-12	4.996000E-9	1.090000E-6	387.390000E-3	0.000000E+0	27.834000E+0	160.156000E+0	8.959000E-6	6.830000E-6	-15.230200E-12	NaN
	17/05/2023 10:53:48	18.522000E-3	2.720000E-9	884.000000E-12	4.996000E-9	1.089000E-6	387.420000E-3	0.000000E+0	27.834000E+0	160.044000E+0	9.743000E-6	6.830000E-6	-37.346000E-12	NaN
	17/05/2023 10:53:56	18.793000E-3	2.740000E-9	877.000000E-12	4.996000E-9	1.090000E-6	387.430000E-3	0.000000E+0	27.946000E+0	160.156000E+0	9.071000E-6	6.830000E-6	3.186400E-12	NaN
	17/05/2023 10:54:05	18.892000E-3	2.760000E-9	887.000000E-12	4.996000E-9	1.090000E-6	387.420000E-3	0.000000E+0	27.834000E+0	159.932000E+0	9.855000E-6	6.830000E-6	-13.382200E-12	NaN
	17/05/2023 10:54:13	18.644000E-3	2.750000E-9	882.000000E-12	4.996000E-9	1.089000E-6	387.430000E-3	0.000000E+0	27.834000E+0	159.932000E+0	9.743000E-6	6.830000E-6	-13.940500E-12	NaN
	17/05/2023 10:54:22	19.017000E-3	2.730000E-9	884.000000E-12	4.996000E-9	1.090000E-6	387.430000E-3	0.000000E+0	27.834000E+0	160.269000E+0	8.959000E-6	6.830000E-6	-9.658900E-12	NaN
	17/05/2023 10:54:31	18.844000E-3	2.740000E-9	885.000000E-12	4.996000E-9	1.090000E-6	387.430000E-3	0.000000E+0	27.722000E+0	159.932000E+0	9.519000E-6	6.830000E-6	-15.216700E-12	NaN
	17/05/2023 10:54:39	18.793000E-3	2.760000E-9	878.000000E-12	4.996000E-9	1.090000E-6	387.420000E-3	0.000000E+0	27.834000E+0	159.932000E+0	9.855000E-6	6.840000E-6	-21.287000E-12	NaN
	17/05/2023 10:54:48	18.671000E-3	2.760000E-9	889.000000E-12	4.996000E-9	1.090000E-6	387.420000E-3	0.000000E+0	27.946000E+0	159.932000E+0	9.295000E-6	6.830000E-6	-11.872100E-12	NaN
	17/05/2023 10:54:56	18.498000E-3	2.720000E-9	880.000000E-12	4.996000E-9	1.090000E-6	387.420000E-3	0.000000E+0	27.722000E+0	159.820000E+0	9.407000E-6	6.830000E-6	-16.091800E-12	NaN
	17/05/2023 10:55:05	19.187000E-3	2.730000E-9	879.000000E-12	4.996000E-9	1.090000E-6	387.460000E-3	0.000000E+0	27.834000E+0	160.044000E+0	9.743000E-6	6.830000E-6	-20.724000E-12	NaN
	17/05/2023 10:55:13	18.990000E-3	2.730000E-9	887.000000E-12	4.996000E-9	1.090000E-6	387.430000E-3	0.000000E+0	27.946000E+0	160.044000E+0	9.519000E-6	6.830000E-6	-8.271800E-12	NaN
	17/05/2023 10:55:22	18.868000E-3	2.750000E-9	875.000000E-12	4.996000E-9	1.090000E-6	387.430000E-3	0.000000E+0	27.834000E+0	159.820000E+0	9.183000E-6	6.830000E-6	-26.794000E-12	NaN
	17/05/2023 10:55:30	19.163000E-3	2.740000E-9	888.000000E-12	4.996000E-9	1.090000E-6	387.430000E-3	0.000000E+0	28.058000E+0	159.932000E+0	9.183000E-6	6.830000E-6	-27.711000E-12	NaN
	17/05/2023 10:55:39	19.088000E-3	2.740000E-9	878.000000E-12	4.996000E-9	1.090000E-6	387.430000E-3	0.000000E+0	27.834000E+0	160.044000E+0	8.623000E-6	6.830000E-6	-29.481000E-12	NaN
	17/05/2023 10:55:47	19.336000E-3	2.730000E-9	882.000000E-12	4.996000E-9	1.090000E-6	387.420000E-3	0.000000E+0	27.834000E+0	159.932000E+0	8.847000E-6	6.840000E-6	-28.535000E-12	NaN
	17/05/2023 10:55:56	19.237000E-3	2.740000E-9	879.000000E-12	4.996000E-9	1.091000E-6	387.420000E-3	0.000000E+0	27.834000E+0	159.932000E+0	9.071000E-6	6.830000E-6	-31.490000E-12	NaN
	17/05/2023 10:56:05	18.129000E-3	2.750000E-9	879.000000E-12	4.996000E-9	1.091000E-6	387.420000E-3	0.000000E+0	28.058000E+0	159.820000E+0	9.519000E-6	6.830000E-6	-56.573000E-12	NaN
	17/05/2023 10:56:13	19.261000E-3	2.750000E-9	879.000000E-12	4.996000E-9	1.091000E-6	387.430000E-3	0.000000E+0	27.834000E+0	159.820000E+0	9.967000E-6	6.830000E-6	-58.408000E-12	NaN
	17/05/2023 10:56:22	19.041000E-3	2.750000E-9	880.000000E-12	4.996000E-9	1.091000E-6	387.460000E-3	0.000000E+0	27.722000E+0	159.932000E+0	9.407000E-6	6.830000E-6	-4.681200E-12	NaN
	17/05/2023 10:56:30	18.498000E-3	2.750000E-9	881.000000E-12	4.996000E-9	1.090000E-6	387.430000E-3	0.000000E+0	27.722000E+0	159.820000E+0	9.855000E-6	6.830000E-6	-19.106900E-12	NaN
	17/05/2023 10:56:39	18.966000E-3	2.750000E-9	875.000000E-12	4.996000E-9	1.091000E-6	387.470000E-3	0.000000E+0	27.722000E+0	159.707000E+0	9.631000E-6	6.830000E-6	-10.361400E-12	NaN
	17/05/2023 10:56:47	18.916000E-3	2.740000E-9	885.000000E-12	4.996000E-9	1.090000E-6	387.470000E-3	0.000000E+0	27.946000E+0	159.820000E+0	9.519000E-6	6.830000E-6	-43.298000E-12	NaN
	17/05/2023 10:56:56	18.498000E-3	2.740000E-9	873.000000E-12	4.996000E-9	1.091000E-6	387.460000E-3	0.000000E+0	27.946000E+0	159.820000E+0	10.079000E-6	6.830000E-6	-22.074000E-12	NaN
	17/05/2023 10:57:05	18.746000E-3	2.710000E-9	885.000000E-12	4.996000E-9	1.091000E-6	387.460000E-3	0.000000E+0	27.946000E+0	159.707000E+0	9.407000E-6	6.830000E-6	-37.088000E-12	NaN
	17/05/2023 10:57:13	19.041000E-3	2.720000E-9	876.000000E-12	4.996000E-9	1.091000E-6	387.460000E-3	0.000000E+0	27.722000E+0	159.707000E+0	9.743000E-6	6.830000E-6	-11.735100E-12	NaN
	17/05/2023 10:57:22	19.288000E-3	2.740000E-9	878.000000E-12	4.996000E-9	1.091000E-6	387.470000E-3	0.000000E+0	28.058000E+0	159.820000E+0	8.287000E-6	6.830000E-6	-3.312500E-12	NaN
	17/05/2023 10:57:30	18.546000E-3	2.730000E-9	875.000000E-12	4.996000E-9	1.091000E-6	387.470000E-3	0.000000E+0	27.722000E+0	159.595000E+0	8.959000E-6	6.830000E-6	-12.898600E-12	NaN
	17/05/2023 10:57:39	18.719000E-3	2.720000E-9	872.000000E-12	4.996000E-9	1.091000E-6	387.440000E-3	0.000000E+0	28.058000E+0	159.595000E+0	9.071000E-6	6.830000E-6	-18.421000E-12	NaN
	17/05/2023 10:57:47	18.817000E-3	2.730000E-9	879.000000E-12	4.996000E-9	1.091000E-6	387.430000E-3	0.000000E+0	27.946000E+0	159.707000E+0	9.631000E-6	6.830000E-6	-24.962000E-12	NaN
	17/05/2023 10:57:56	18.671000E-3	2.710000E-9	876.000000E-12	4.996000E-9	1.091000E-6	387.470000E-3	0.000000E+0	28.058000E+0	159.595000E+0	9.295000E-6	6.840000E-6	-11.200500E-12	NaN
	17/05/2023 10:58:04	18.868000E-3	2.700000E-9	874.000000E-12	4.996000E-9	1.093000E-6	387.430000E-3	0.000000E+0	28.058000E+0	159.595000E+0	9.855000E-6	6.840000E-6	-42.065000E-12	NaN
	17/05/2023 10:58:13	19.115000E-3	2.700000E-9	879.000000E-12	4.996000E-9	1.093000E-6	387.460000E-3	0.000000E+0	27.946000E+0	159.483000E+0	9.631000E-6	6.840000E-6	-33.949000E-12	NaN
	17/05/2023 10:58:21	19.261000E-3	2.710000E-9	871.000000E-12	4.996000E-9	1.093000E-6	387.460000E-3	0.000000E+0	27.946000E+0	159.595000E+0	9.519000E-6	6.840000E-6	-27.786000E-12	NaN
	17/05/2023 10:58:30	19.214000E-3	2.710000E-9	881.000000E-12	4.996000E-9	1.093000E-6	387.470000E-3	0.000000E+0	28.058000E+0	159.595000E+0	8.623000E-6	6.840000E-6	-32.597000E-12	NaN
	17/05/2023 10:58:39	18.620000E-3	2.730000E-9	870.000000E-12	4.996000E-9	1.094000E-6	387.470000E-3	0.000000E+0	28.058000E+0	159.595000E+0	9.519000E-6	6.840000E-6	-35.871000E-12	NaN
	17/05/2023 10:58:47	18.746000E-3	2.720000E-9	877.000000E-12	4.996000E-9	1.095000E-6	387.430000E-3	0.000000E+0	27.946000E+0	159.595000E+0	9.407000E-6	6.840000E-6	-12.238500E-12	NaN
	17/05/2023 10:58:56	19.163000E-3	2.730000E-9	879.000000E-12	4.996000E-9	1.096000E-6	387.450000E-3	0.000000E+0	27.946000E+0	159.595000E+0	9.183000E-6	6.840000E-6	-23.520000E-12	NaN
	17/05/2023 10:59:04	18.916000E-3	2.710000E-9	872.000000E-12	4.996000E-9	1.095000E-6	387.430000E-3	0.000000E+0	27.946000E+0	159.707000E+0	8.623000E-6	6.840000E-6	-35.422000E-12	NaN
	17/05/2023 10:59:13	18.671000E-3	2.720000E-9	872.000000E-12	4.996000E-9	1.095000E-6	387.430000E-3	0.000000E+0	27.946000E+0	159.595000E+0	9.631000E-6	6.840000E-6	-40.857000E-12	NaN
	17/05/2023 10:59:21	18.844000E-3	2.720000E-9	875.000000E-12	4.996000E-9	1.095000E-6	387.450000E-3	0.000000E+0	27.834000E+0	159.595000E+0	9.183000E-6	6.840000E-6	-36.186000E-12	NaN
	17/05/2023 10:59:30	18.868000E-3	2.700000E-9	880.000000E-12	4.996000E-9	1.096000E-6	387.460000E-3	0.000000E+0	27.946000E+0	159.258000E+0	8.735000E-6	6.840000E-6	-15.315900E-12	NaN
	17/05/2023 10:59:39	19.065000E-3	2.710000E-9	880.000000E-12	4.996000E-9	1.096000E-6	387.470000E-3	0.000000E+0	28.170000E+0	159.371000E+0	9.295000E-6	6.840000E-6	-39.346000E-12	NaN
	17/05/2023 10:59:47	18.817000E-3	2.740000E-9	876.000000E-12	4.996000E-9	1.096000E-6	387.440000E-3	0.000000E+0	27.834000E+0	159.371000E+0	9.743000E-6	6.840000E-6	-28.101000E-12	NaN
	17/05/2023 10:59:56	18.916000E-3	2.690000E-9	869.000000E-12	4.996000E-9	1.096000E-6	387.480000E-3	0.000000E+0	27.946000E+0	159.483000E+0	8.735000E-6	6.840000E-6	-24.618000E-12	NaN
	17/05/2023 11:00:04	19.115000E-3	2.720000E-9	870.000000E-12	4.996000E-9	1.096000E-6	387.500000E-3	0.000000E+0	27.946000E+0	159.371000E+0	9.183000E-6	6.840000E-6	-25.489000E-12	NaN
	17/05/2023 11:00:13	19.509000E-3	2.710000E-9	882.000000E-12	4.996000E-9	1.096000E-6	387.510000E-3	0.000000E+0	28.170000E+0	159.258000E+0	8.959000E-6	6.840000E-6	-24.581000E-12	NaN
	17/05/2023 11:00:21	19.458000E-3	2.720000E-9	877.000000E-12	4.996000E-9	1.096000E-6	387.460000E-3	0.000000E+0	28.058000E+0	159.258000E+0	8.399000E-6	6.840000E-6	-5.051000E-12	NaN
	17/05/2023 11:00:30	18.719000E-3	2.710000E-9	870.000000E-12	4.996000E-9	1.095000E-6	387.460000E-3	0.000000E+0	28.170000E+0	159.146000E+0	9.519000E-6	6.850000E-6	-12.306300E-12	NaN
	17/05/2023 11:00:38	18.916000E-3	2.720000E-9	871.000000E-12	4.996000E-9	1.096000E-6	387.500000E-3	0.000000E+0	27.946000E+0	159.258000E+0	8.959000E-6	6.850000E-6	-33.981000E-12	NaN
	17/05/2023 11:00:47	18.990000E-3	2.710000E-9	869.000000E-12	4.996000E-9	1.096000E-6	387.510000E-3	0.000000E+0	27.946000E+0	159.371000E+0	9.407000E-6	6.850000E-6	-16.644400E-12	NaN
	17/05/2023 11:00:55	19.336000E-3	2.710000E-9	867.000000E-12	4.996000E-9	1.096000E-6	387.500000E-3	0.000000E+0	28.058000E+0	159.258000E+0	9.407000E-6	6.850000E-6	-21.979000E-12	NaN
	17/05/2023 11:01:04	18.620000E-3	2.690000E-9	868.000000E-12	4.996000E-9	1.096000E-6	387.500000E-3	0.000000E+0	27.946000E+0	159.371000E+0	8.847000E-6	6.850000E-6	-13.789600E-12	NaN
	17/05/2023 11:01:13	18.770000E-3	2.730000E-9	866.000000E-12	4.996000E-9	1.096000E-6	387.490000E-3	0.000000E+0	27.946000E+0	159.146000E+0	8.511000E-6	6.850000E-6	-10.687600E-12	NaN
	17/05/2023 11:01:21	18.597000E-3	2.710000E-9	873.000000E-12	4.996000E-9	1.096000E-6	387.500000E-3	0.000000E+0	28.170000E+0	159.258000E+0	9.071000E-6	6.850000E-6	7.166700E-12	NaN
	17/05/2023 11:01:30	19.139000E-3	2.700000E-9	880.000000E-12	4.996000E-9	1.096000E-6	387.500000E-3	0.000000E+0	28.058000E+0	159.258000E+0	9.295000E-6	6.850000E-6	-35.092000E-12	NaN
	17/05/2023 11:01:38	18.695000E-3	2.700000E-9	882.000000E-12	4.996000E-9	1.096000E-6	387.500000E-3	0.000000E+0	27.946000E+0	159.146000E+0	8.959000E-6	6.850000E-6	-16.448400E-12	NaN
	17/05/2023 11:01:47	19.559000E-3	2.690000E-9	880.000000E-12	4.996000E-9	1.096000E-6	387.510000E-3	0.000000E+0	28.058000E+0	159.258000E+0	9.407000E-6	6.850000E-6	-22.981000E-12	NaN
	17/05/2023 11:01:55	18.868000E-3	2.720000E-9	879.000000E-12	4.996000E-9	1.098000E-6	387.500000E-3	0.000000E+0	28.058000E+0	159.258000E+0	9.183000E-6	6.850000E-6	-31.285000E-12	NaN
	17/05/2023 11:02:04	18.251000E-3	2.710000E-9	874.000000E-12	4.996000E-9	1.096000E-6	387.500000E-3	0.000000E+0	28.170000E+0	159.146000E+0	8.847000E-6	6.850000E-6	-31.596000E-12	NaN
	17/05/2023 11:02:13	18.695000E-3	2.690000E-9	871.000000E-12	4.996000E-9	1.096000E-6	387.500000E-3	0.000000E+0	28.058000E+0	159.146000E+0	9.407000E-6	6.850000E-6	-9.166000E-12	NaN
	17/05/2023 11:02:21	18.770000E-3	2.690000E-9	871.000000E-12	4.996000E-9	1.098000E-6	387.510000E-3	0.000000E+0	28.058000E+0	159.034000E+0	9.183000E-6	6.850000E-6	818.600000E-15	NaN
	17/05/2023 11:02:30	18.916000E-3	2.710000E-9	868.000000E-12	4.996000E-9	1.096000E-6	387.510000E-3	0.000000E+0	28.170000E+0	159.146000E+0	9.631000E-6	6.850000E-6	-10.220400E-12	NaN
	17/05/2023 11:02:38	18.770000E-3	2.700000E-9	871.000000E-12	4.996000E-9	1.096000E-6	387.510000E-3	0.000000E+0	28.170000E+0	159.146000E+0	8.959000E-6	6.850000E-6	-23.524000E-12	NaN
	17/05/2023 11:02:47	18.942000E-3	2.700000E-9	880.000000E-12	4.996000E-9	1.098000E-6	387.470000E-3	0.000000E+0	28.170000E+0	158.922000E+0	9.295000E-6	6.850000E-6	-1.619300E-12	NaN
	17/05/2023 11:02:55	18.620000E-3	2.700000E-9	883.000000E-12	4.996000E-9	1.098000E-6	387.470000E-3	0.000000E+0	27.946000E+0	158.922000E+0	9.071000E-6	6.860000E-6	-28.691000E-12	NaN
	17/05/2023 11:03:04	19.017000E-3	2.700000E-9	881.000000E-12	4.996000E-9	1.098000E-6	387.470000E-3	0.000000E+0	28.058000E+0	159.146000E+0	9.743000E-6	6.860000E-6	-238.200000E-15	NaN
	17/05/2023 11:03:12	18.546000E-3	2.700000E-9	874.000000E-12	4.996000E-9	1.098000E-6	387.460000E-3	0.000000E+0	28.058000E+0	159.034000E+0	9.183000E-6	6.860000E-6	12.074300E-12	NaN
	17/05/2023 11:03:21	18.671000E-3	2.700000E-9	869.000000E-12	4.996000E-9	1.099000E-6	387.460000E-3	0.000000E+0	28.170000E+0	158.922000E+0	9.407000E-6	6.860000E-6	-24.043000E-12	NaN
	17/05/2023 11:03:29	18.746000E-3	2.690000E-9	868.000000E-12	4.996000E-9	1.099000E-6	387.470000E-3	0.000000E+0	28.170000E+0	158.922000E+0	9.407000E-6	6.860000E-6	-2.898400E-12	NaN
	17/05/2023 11:03:38	18.671000E-3	2.700000E-9	876.000000E-12	4.996000E-9	1.147000E-6	387.480000E-3	0.000000E+0	28.058000E+0	159.034000E+0	9.519000E-6	6.860000E-6	-18.462400E-12	NaN
	17/05/2023 11:03:47	19.237000E-3	2.700000E-9	881.000000E-12	4.996000E-9	1.133000E-6	387.470000E-3	0.000000E+0	28.058000E+0	158.922000E+0	8.959000E-6	6.860000E-6	-35.519000E-12	NaN
	17/05/2023 11:03:55	19.458000E-3	2.680000E-9	874.000000E-12	4.996000E-9	1.122000E-6	387.470000E-3	0.000000E+0	28.058000E+0	159.146000E+0	9.519000E-6	6.850000E-6	-526.600000E-15	NaN
	17/05/2023 11:04:04	18.916000E-3	2.700000E-9	867.000000E-12	4.996000E-9	1.120000E-6	387.470000E-3	0.000000E+0	28.058000E+0	158.810000E+0	9.407000E-6	6.850000E-6	-21.298000E-12	NaN
	17/05/2023 11:04:12	18.817000E-3	2.700000E-9	876.000000E-12	4.996000E-9	1.116000E-6	387.510000E-3	0.000000E+0	28.170000E+0	158.810000E+0	9.295000E-6	6.850000E-6	-25.927000E-12	NaN
	17/05/2023 11:04:21	19.532000E-3	2.680000E-9	879.000000E-12	4.996000E-9	1.113000E-6	387.500000E-3	0.000000E+0	28.058000E+0	159.034000E+0	9.183000E-6	6.850000E-6	-48.194000E-12	NaN
	17/05/2023 11:04:30	18.522000E-3	2.690000E-9	866.000000E-12	4.996000E-9	1.111000E-6	387.470000E-3	0.000000E+0	28.058000E+0	158.922000E+0	8.847000E-6	6.840000E-6	-40.007000E-12	NaN
	17/05/2023 11:04:38	18.448000E-3	2.670000E-9	874.000000E-12	4.996000E-9	1.110000E-6	387.470000E-3	0.000000E+0	28.170000E+0	159.034000E+0	9.631000E-6	6.850000E-6	-46.236000E-12	NaN
	17/05/2023 11:04:47	19.017000E-3	2.700000E-9	879.000000E-12	4.996000E-9	1.110000E-6	387.470000E-3	0.000000E+0	28.170000E+0	158.810000E+0	8.847000E-6	6.850000E-6	-23.717000E-12	NaN
	17/05/2023 11:04:55	18.916000E-3	2.710000E-9	864.000000E-12	4.996000E-9	1.110000E-6	387.470000E-3	0.000000E+0	28.170000E+0	158.810000E+0	9.743000E-6	6.850000E-6	-40.353000E-12	NaN
	17/05/2023 11:05:04	18.373000E-3	2.690000E-9	876.000000E-12	4.996000E-9	1.157000E-6	387.490000E-3	0.000000E+0	28.170000E+0	158.697000E+0	10.191000E-6	6.850000E-6	-29.101000E-12	NaN
	17/05/2023 11:05:12	19.017000E-3	2.680000E-9	874.000000E-12	4.996000E-9	1.143000E-6	387.500000E-3	0.000000E+0	28.058000E+0	158.810000E+0	9.407000E-6	6.850000E-6	-41.884000E-12	NaN
	17/05/2023 11:05:21	18.746000E-3	2.690000E-9	867.000000E-12	4.996000E-9	1.133000E-6	387.490000E-3	0.000000E+0	28.058000E+0	158.922000E+0	9.407000E-6	6.850000E-6	-16.669400E-12	NaN
	17/05/2023 11:05:29	18.671000E-3	2.670000E-9	871.000000E-12	4.996000E-9	1.132000E-6	387.490000E-3	0.000000E+0	27.946000E+0	158.697000E+0	10.191000E-6	6.850000E-6	-42.078000E-12	NaN
	17/05/2023 11:05:38	18.942000E-3	2.690000E-9	874.000000E-12	4.996000E-9	1.133000E-6	387.500000E-3	0.000000E+0	28.058000E+0	158.810000E+0	9.183000E-6	6.840000E-6	-47.370000E-12	NaN
	17/05/2023 11:05:47	18.817000E-3	2.690000E-9	876.000000E-12	4.996000E-9	1.132000E-6	387.500000E-3	0.000000E+0	27.946000E+0	158.810000E+0	9.631000E-6	6.840000E-6	-31.248000E-12	NaN
	17/05/2023 11:05:55	19.261000E-3	2.670000E-9	870.000000E-12	4.996000E-9	1.132000E-6	387.500000E-3	0.000000E+0	28.283000E+0	158.810000E+0	9.631000E-6	6.850000E-6	-45.585000E-12	NaN
	17/05/2023 11:06:04	18.302000E-3	2.690000E-9	865.000000E-12	4.996000E-9	1.131000E-6	387.470000E-3	0.000000E+0	27.946000E+0	158.585000E+0	9.519000E-6	6.850000E-6	-56.621000E-12	NaN
	17/05/2023 11:06:12	18.400000E-3	2.680000E-9	866.000000E-12	4.996000E-9	1.122000E-6	387.500000E-3	0.000000E+0	28.170000E+0	158.697000E+0	8.959000E-6	6.850000E-6	-60.011000E-12	NaN
