Time	Full_Range_Turbo	Pirani_1	Penning_1	Penning_2	Injection	XHVTrap	I_Em	Live comments
10/10/2022 09:58:55	-1.000000E+0	0.000000E+0	0.000000E+0	380.000000E-12	14.229000E+0	-1.386900E+0	99.100000E+36	
10/10/2022 09:58:56	-1.000000E+0	800.000000E-6	280.000000E-12	380.000000E-12	14.197000E+0	-1.386900E+0	99.100000E+36	
10/10/2022 09:59:02	-1.000000E+0	800.000000E-6	280.000000E-12	380.000000E-12	14.220000E+0	-1.386900E+0	2.393500E-12	
10/10/2022 09:59:03	5.060000E-9	800.000000E-6	270.000000E-12	380.000000E-12	14.210000E+0	-1.386900E+0	4.078400E-12	
10/10/2022 09:59:04	-1.000000E+0	800.000000E-6	280.000000E-12	380.000000E-12	14.192000E+0	-1.386900E+0	743.300000E-15	
10/10/2022 09:59:10	-1.000000E+0	800.000000E-6	270.000000E-12	380.000000E-12	14.193000E+0	-1.391991E+0	1.148700E-12	
10/10/2022 09:59:16	-1.000000E+0	800.000000E-6	280.000000E-12	380.000000E-12	14.229000E+0	-1.391991E+0	4.831000E-12	
10/10/2022 09:59:22	-1.000000E+0	800.000000E-6	280.000000E-12	380.000000E-12	14.231000E+0	-1.386900E+0	1.523700E-12	
10/10/2022 09:59:28	-1.000000E+0	800.000000E-6	280.000000E-12	380.000000E-12	14.187000E+0	-1.386900E+0	260.600000E-15	
10/10/2022 09:59:34	-1.000000E+0	800.000000E-6	280.000000E-12	380.000000E-12	14.168000E+0	-1.386900E+0	200.700000E-15	
10/10/2022 09:59:38	-1.000000E+0	800.000000E-6	280.000000E-12	380.000000E-12	14.233000E+0	-1.386900E+0	2.339500E-12	Grid -500V, EGA bias -2000V, I_Em measured on sample, sample, EGA LV @0V.
10/10/2022 09:59:44	-1.000000E+0	800.000000E-6	280.000000E-12	380.000000E-12	14.229000E+0	-1.386900E+0	5.028600E-12	
10/10/2022 09:59:50	-1.000000E+0	800.000000E-6	280.000000E-12	380.000000E-12	14.193000E+0	-1.391991E+0	1.176400E-12	
10/10/2022 09:59:56	-1.000000E+0	800.000000E-6	270.000000E-12	380.000000E-12	14.172000E+0	-1.386900E+0	2.331500E-12	
10/10/2022 10:00:02	-1.000000E+0	800.000000E-6	280.000000E-12	380.000000E-12	14.187000E+0	-1.391991E+0	2.236100E-12	
10/10/2022 10:00:08	-1.000000E+0	800.000000E-6	270.000000E-12	380.000000E-12	14.176000E+0	-1.386900E+0	5.131400E-12	
10/10/2022 10:00:14	-1.000000E+0	800.000000E-6	280.000000E-12	380.000000E-12	14.228000E+0	-1.386900E+0	1.559400E-12	
10/10/2022 10:00:20	-1.000000E+0	800.000000E-6	280.000000E-12	380.000000E-12	14.187000E+0	-1.386900E+0	366.200000E-15	
10/10/2022 10:00:26	-1.000000E+0	800.000000E-6	280.000000E-12	380.000000E-12	14.229000E+0	-1.391991E+0	601.110000E-12	
10/10/2022 10:00:32	-1.000000E+0	800.000000E-6	280.000000E-12	380.000000E-12	14.220000E+0	-1.386900E+0	5.635900E-12	
10/10/2022 10:00:38	-1.000000E+0	800.000000E-6	280.000000E-12	380.000000E-12	14.229000E+0	-1.386900E+0	66.139000E-12	
10/10/2022 10:00:40	5.060000E-9	800.000000E-6	280.000000E-12	380.000000E-12	14.174000E+0	-1.386900E+0	76.094000E-12	
10/10/2022 10:00:42	-1.000000E+0	800.000000E-6	280.000000E-12	380.000000E-12	14.213000E+0	-1.391991E+0	78.690000E-12	
10/10/2022 10:00:47	-1.000000E+0	800.000000E-6	280.000000E-12	410.000000E-12	14.229000E+0	-1.386900E+0	147.335000E-12	
10/10/2022 10:00:49	-1.000000E+0	800.000000E-6	400.000000E-12	1.000000E-9	14.229000E+0	-1.391991E+0	262.460000E-12	
10/10/2022 10:00:50	-1.000000E+0	800.000000E-6	1.000000E-9	3.100000E-9	14.144000E+0	-1.386900E+0	267.199000E-12	
10/10/2022 10:00:51	5.060000E-9	800.000000E-6	1.800000E-9	4.200000E-9	14.148000E+0	-1.391991E+0	215.400000E-12	
10/10/2022 10:00:52	-1.000000E+0	800.000000E-6	1.900000E-9	4.300000E-9	14.216000E+0	-1.391991E+0	234.330000E-12	
10/10/2022 10:00:58	-1.000000E+0	800.000000E-6	1.900000E-9	4.300000E-9	14.210000E+0	-1.391991E+0	143.620000E-12	
10/10/2022 10:01:04	-1.000000E+0	800.000000E-6	1.900000E-9	4.300000E-9	14.229000E+0	-1.391991E+0	133.640000E-12	
10/10/2022 10:01:10	-1.000000E+0	800.000000E-6	1.900000E-9	4.200000E-9	14.199000E+0	-1.391991E+0	113.931000E-12	
10/10/2022 10:01:16	-1.000000E+0	800.000000E-6	1.900000E-9	4.200000E-9	14.132000E+0	-1.391991E+0	97.566000E-12	
10/10/2022 10:01:22	-1.000000E+0	800.000000E-6	1.900000E-9	4.200000E-9	14.145000E+0	-1.386900E+0	89.979000E-12	
10/10/2022 10:01:28	-1.000000E+0	800.000000E-6	1.900000E-9	4.300000E-9	14.229000E+0	-1.386900E+0	77.785000E-12	
10/10/2022 10:01:34	-1.000000E+0	800.000000E-6	1.900000E-9	4.300000E-9	14.194000E+0	-1.386900E+0	75.085000E-12	
10/10/2022 10:01:39	-1.000000E+0	800.000000E-6	1.900000E-9	4.300000E-9	14.145000E+0	-1.391991E+0	65.861000E-12	
10/10/2022 10:01:45	-1.000000E+0	800.000000E-6	1.900000E-9	4.400000E-9	14.187000E+0	-1.386900E+0	63.378000E-12	
10/10/2022 10:01:51	-1.000000E+0	800.000000E-6	2.000000E-9	4.400000E-9	14.195000E+0	-1.391991E+0	62.731000E-12	
10/10/2022 10:01:54	-1.000000E+0	800.000000E-6	2.000000E-9	4.500000E-9	14.192000E+0	-1.391991E+0	60.138000E-12	
10/10/2022 10:02:00	-1.000000E+0	800.000000E-6	2.000000E-9	4.400000E-9	14.176000E+0	-1.391991E+0	59.619000E-12	
10/10/2022 10:02:05	-1.000000E+0	800.000000E-6	2.000000E-9	4.500000E-9	14.229000E+0	-1.386900E+0	57.464000E-12	
10/10/2022 10:02:11	-1.000000E+0	800.000000E-6	2.000000E-9	4.500000E-9	14.193000E+0	-1.391991E+0	52.491000E-12	
10/10/2022 10:02:13	5.060000E-9	800.000000E-6	2.000000E-9	4.600000E-9	14.176000E+0	-1.391991E+0	51.002000E-12	
10/10/2022 10:02:14	-1.000000E+0	800.000000E-6	2.000000E-9	4.500000E-9	14.221000E+0	-1.391991E+0	51.596000E-12	
10/10/2022 10:02:16	5.060000E-9	800.000000E-6	2.000000E-9	4.500000E-9	14.207000E+0	-1.391991E+0	50.920000E-12	
10/10/2022 10:02:17	-1.000000E+0	800.000000E-6	2.000000E-9	4.500000E-9	14.187000E+0	-1.391991E+0	51.371000E-12	
10/10/2022 10:02:23	-1.000000E+0	800.000000E-6	2.100000E-9	4.600000E-9	14.187000E+0	-1.386900E+0	50.748000E-12	
10/10/2022 10:02:29	-1.000000E+0	800.000000E-6	2.100000E-9	4.600000E-9	14.206000E+0	-1.386900E+0	50.394000E-12	
10/10/2022 10:02:35	-1.000000E+0	800.000000E-6	2.100000E-9	4.600000E-9	14.212000E+0	-1.391991E+0	48.718000E-12	
10/10/2022 10:02:41	-1.000000E+0	800.000000E-6	2.100000E-9	4.600000E-9	14.229000E+0	-1.386900E+0	47.909000E-12	
10/10/2022 10:02:44	-1.000000E+0	800.000000E-6	2.100000E-9	4.700000E-9	14.187000E+0	-1.386900E+0	48.734000E-12	
10/10/2022 10:02:50	5.060000E-9	800.000000E-6	2.100000E-9	4.700000E-9	14.229000E+0	-1.386900E+0	51.787000E-12	
10/10/2022 10:02:51	-1.000000E+0	800.000000E-6	2.100000E-9	4.700000E-9	14.187000E+0	-1.386900E+0	50.677000E-12	
10/10/2022 10:02:57	-1.000000E+0	800.000000E-6	2.100000E-9	4.700000E-9	14.249000E+0	-1.391991E+0	50.458000E-12	
10/10/2022 10:03:03	-1.000000E+0	800.000000E-6	2.100000E-9	4.700000E-9	14.174000E+0	-1.386900E+0	48.050000E-12	
10/10/2022 10:03:09	-1.000000E+0	800.000000E-6	2.100000E-9	4.700000E-9	14.229000E+0	-1.386900E+0	47.007000E-12	
10/10/2022 10:03:15	-1.000000E+0	800.000000E-6	2.100000E-9	4.700000E-9	14.193000E+0	-1.386900E+0	47.422000E-12	
10/10/2022 10:03:21	-1.000000E+0	800.000000E-6	2.100000E-9	4.800000E-9	14.229000E+0	-1.391991E+0	47.843000E-12	
10/10/2022 10:03:27	-1.000000E+0	800.000000E-6	2.200000E-9	4.800000E-9	14.145000E+0	-1.386900E+0	46.962000E-12	
10/10/2022 10:03:33	-1.000000E+0	800.000000E-6	2.200000E-9	4.800000E-9	14.198000E+0	-1.386900E+0	50.453000E-12	
10/10/2022 10:03:39	-1.000000E+0	800.000000E-6	2.200000E-9	4.800000E-9	14.225000E+0	-1.386900E+0	46.072000E-12	
10/10/2022 10:03:45	-1.000000E+0	800.000000E-6	2.200000E-9	4.800000E-9	14.212000E+0	-1.386900E+0	43.387000E-12	
10/10/2022 10:03:51	-1.000000E+0	800.000000E-6	2.200000E-9	4.800000E-9	14.145000E+0	-1.386900E+0	44.384000E-12	
10/10/2022 10:03:57	-1.000000E+0	800.000000E-6	2.200000E-9	4.800000E-9	14.241000E+0	-1.391991E+0	44.562000E-12	
10/10/2022 10:04:02	-1.000000E+0	800.000000E-6	2.200000E-9	4.800000E-9	14.187000E+0	-1.386900E+0	44.947000E-12	
10/10/2022 10:04:04	-1.000000E+0	800.000000E-6	2.200000E-9	4.900000E-9	14.203000E+0	-1.391991E+0	41.912000E-12	
10/10/2022 10:04:09	-1.000000E+0	800.000000E-6	2.200000E-9	4.800000E-9	14.206000E+0	-1.391991E+0	43.622000E-12	
10/10/2022 10:04:15	-1.000000E+0	800.000000E-6	2.200000E-9	4.800000E-9	14.178000E+0	-1.386900E+0	48.034000E-12	
10/10/2022 10:04:21	-1.000000E+0	800.000000E-6	2.200000E-9	4.900000E-9	14.187000E+0	-1.386900E+0	44.405000E-12	
10/10/2022 10:04:27	-1.000000E+0	800.000000E-6	2.200000E-9	4.800000E-9	14.210000E+0	-1.386900E+0	44.536000E-12	
10/10/2022 10:04:33	-1.000000E+0	800.000000E-6	2.200000E-9	4.900000E-9	14.201000E+0	-1.386900E+0	40.572000E-12	
10/10/2022 10:04:39	5.060000E-9	800.000000E-6	2.200000E-9	4.900000E-9	14.199000E+0	-1.386900E+0	43.500000E-12	
10/10/2022 10:04:40	-1.000000E+0	800.000000E-6	2.200000E-9	4.800000E-9	14.229000E+0	-1.386900E+0	41.816000E-12	
10/10/2022 10:04:46	-1.000000E+0	800.000000E-6	2.200000E-9	4.900000E-9	14.207000E+0	-1.391991E+0	43.410000E-12	
10/10/2022 10:04:48	5.060000E-9	800.000000E-6	2.200000E-9	4.900000E-9	14.174000E+0	-1.391991E+0	44.034000E-12	
10/10/2022 10:04:49	-1.000000E+0	800.000000E-6	2.200000E-9	4.900000E-9	14.145000E+0	-1.386900E+0	42.259000E-12	
10/10/2022 10:04:55	-1.000000E+0	800.000000E-6	2.200000E-9	4.900000E-9	14.181000E+0	-1.386900E+0	45.266000E-12	
10/10/2022 10:05:01	-1.000000E+0	800.000000E-6	2.200000E-9	4.900000E-9	14.187000E+0	-1.386900E+0	45.131000E-12	
10/10/2022 10:05:07	-1.000000E+0	800.000000E-6	2.200000E-9	4.900000E-9	14.187000E+0	-1.391991E+0	46.348000E-12	
10/10/2022 10:05:13	-1.000000E+0	800.000000E-6	2.200000E-9	4.900000E-9	14.200000E+0	-1.386900E+0	43.808000E-12	
10/10/2022 10:05:19	-1.000000E+0	800.000000E-6	2.200000E-9	4.900000E-9	14.187000E+0	-1.386900E+0	43.315000E-12	
10/10/2022 10:05:25	-1.000000E+0	800.000000E-6	2.200000E-9	4.900000E-9	14.248000E+0	-1.386900E+0	46.070000E-12	
10/10/2022 10:05:31	-1.000000E+0	800.000000E-6	2.200000E-9	4.900000E-9	14.231000E+0	-1.391991E+0	43.894000E-12	
10/10/2022 10:05:37	-1.000000E+0	800.000000E-6	2.200000E-9	4.900000E-9	14.229000E+0	-1.386900E+0	41.460000E-12	
10/10/2022 10:05:42	-1.000000E+0	800.000000E-6	2.300000E-9	4.900000E-9	14.179000E+0	-1.386900E+0	44.144000E-12	
10/10/2022 10:05:48	-1.000000E+0	800.000000E-6	2.300000E-9	4.900000E-9	14.246000E+0	-1.386900E+0	44.082000E-12	
10/10/2022 10:05:54	-1.000000E+0	800.000000E-6	2.300000E-9	4.900000E-9	14.145000E+0	-1.391991E+0	44.278000E-12	
10/10/2022 10:06:00	-1.000000E+0	800.000000E-6	2.300000E-9	5.000000E-9	14.195000E+0	-1.391991E+0	42.592000E-12	
10/10/2022 10:06:06	-1.000000E+0	800.000000E-6	2.300000E-9	4.900000E-9	14.165000E+0	-1.391991E+0	44.387000E-12	
10/10/2022 10:06:12	-1.000000E+0	800.000000E-6	2.300000E-9	5.000000E-9	14.187000E+0	-1.391991E+0	43.203000E-12	
10/10/2022 10:06:18	-1.000000E+0	800.000000E-6	2.300000E-9	5.000000E-9	14.209000E+0	-1.386900E+0	42.154000E-12	
10/10/2022 10:06:24	-1.000000E+0	800.000000E-6	2.300000E-9	4.900000E-9	14.237000E+0	-1.391991E+0	48.288000E-12	
10/10/2022 10:06:30	-1.000000E+0	800.000000E-6	2.300000E-9	5.000000E-9	14.187000E+0	-1.386900E+0	41.913000E-12	
10/10/2022 10:06:36	-1.000000E+0	800.000000E-6	2.300000E-9	4.900000E-9	14.172000E+0	-1.391991E+0	44.038000E-12	
10/10/2022 10:06:41	-1.000000E+0	800.000000E-6	2.300000E-9	5.000000E-9	14.161000E+0	-1.391991E+0	40.998000E-12	
10/10/2022 10:06:47	-1.000000E+0	800.000000E-6	2.300000E-9	5.000000E-9	14.206000E+0	-1.391991E+0	42.518000E-12	
10/10/2022 10:06:53	-1.000000E+0	800.000000E-6	2.300000E-9	5.000000E-9	14.169000E+0	-1.391991E+0	42.324000E-12	
10/10/2022 10:06:59	-1.000000E+0	800.000000E-6	2.300000E-9	5.000000E-9	14.191000E+0	-1.391991E+0	40.768000E-12	
10/10/2022 10:07:03	5.060000E-9	800.000000E-6	2.300000E-9	5.000000E-9	14.187000E+0	-1.391991E+0	40.301000E-12	
10/10/2022 10:07:04	-1.000000E+0	800.000000E-6	2.300000E-9	5.000000E-9	14.193000E+0	-1.386900E+0	39.498000E-12	
10/10/2022 10:07:10	-1.000000E+0	800.000000E-6	2.300000E-9	4.900000E-9	14.188000E+0	-1.386900E+0	43.640000E-12	
10/10/2022 10:07:16	-1.000000E+0	800.000000E-6	2.300000E-9	5.000000E-9	14.219000E+0	-1.391991E+0	43.595000E-12	
10/10/2022 10:07:22	-1.000000E+0	800.000000E-6	2.300000E-9	5.000000E-9	14.145000E+0	-1.386900E+0	40.631000E-12	
10/10/2022 10:07:28	-1.000000E+0	800.000000E-6	2.300000E-9	4.900000E-9	14.199000E+0	-1.391991E+0	38.380000E-12	
10/10/2022 10:07:34	-1.000000E+0	800.000000E-6	2.300000E-9	4.900000E-9	14.197000E+0	-1.391991E+0	41.056000E-12	
10/10/2022 10:07:39	-1.000000E+0	800.000000E-6	2.300000E-9	4.900000E-9	14.187000E+0	-1.391991E+0	42.489000E-12	
10/10/2022 10:07:45	-1.000000E+0	800.000000E-6	2.300000E-9	5.000000E-9	14.197000E+0	-1.391991E+0	38.072000E-12	
10/10/2022 10:07:51	-1.000000E+0	800.000000E-6	2.300000E-9	4.900000E-9	14.178000E+0	-1.391991E+0	38.370000E-12	
10/10/2022 10:07:57	-1.000000E+0	800.000000E-6	2.300000E-9	5.000000E-9	14.229000E+0	-1.391991E+0	39.524000E-12	
10/10/2022 10:08:03	-1.000000E+0	800.000000E-6	2.300000E-9	5.000000E-9	14.201000E+0	-1.386900E+0	41.576000E-12	
10/10/2022 10:08:09	-1.000000E+0	800.000000E-6	2.300000E-9	4.900000E-9	14.175000E+0	-1.391991E+0	39.330000E-12	
10/10/2022 10:08:15	-1.000000E+0	800.000000E-6	2.300000E-9	5.000000E-9	14.187000E+0	-1.386900E+0	39.957000E-12	
10/10/2022 10:08:18	5.060000E-9	800.000000E-6	2.300000E-9	4.900000E-9	14.187000E+0	-1.391991E+0	41.072000E-12	
10/10/2022 10:08:19	-1.000000E+0	800.000000E-6	2.300000E-9	5.000000E-9	14.240000E+0	-1.386900E+0	42.151000E-12	
10/10/2022 10:08:25	-1.000000E+0	800.000000E-6	2.300000E-9	5.000000E-9	14.187000E+0	-1.391991E+0	39.067000E-12	
10/10/2022 10:08:31	-1.000000E+0	800.000000E-6	2.300000E-9	4.900000E-9	14.229000E+0	-1.391991E+0	40.074000E-12	
10/10/2022 10:08:37	-1.000000E+0	800.000000E-6	2.300000E-9	4.900000E-9	14.186000E+0	-1.386900E+0	39.909000E-12	
10/10/2022 10:08:43	-1.000000E+0	800.000000E-6	2.300000E-9	4.900000E-9	14.187000E+0	-1.386900E+0	41.409000E-12	
10/10/2022 10:08:49	-1.000000E+0	800.000000E-6	2.300000E-9	5.000000E-9	14.223000E+0	-1.391991E+0	39.520000E-12	
10/10/2022 10:08:51	-1.000000E+0	800.000000E-6	2.300000E-9	4.800000E-9	14.181000E+0	-1.391991E+0	41.401000E-12	
10/10/2022 10:08:54	-1.000000E+0	800.000000E-6	2.300000E-9	5.000000E-9	14.204000E+0	-1.391991E+0	41.680000E-12	
10/10/2022 10:08:56	5.060000E-9	800.000000E-6	2.300000E-9	5.000000E-9	14.187000E+0	-1.386900E+0	39.120000E-12	
10/10/2022 10:08:57	-1.000000E+0	800.000000E-6	2.300000E-9	4.900000E-9	14.187000E+0	-1.391991E+0	38.522000E-12	
10/10/2022 10:09:03	-1.000000E+0	800.000000E-6	2.300000E-9	4.900000E-9	14.187000E+0	-1.386900E+0	39.754000E-12	
10/10/2022 10:09:09	-1.000000E+0	800.000000E-6	2.300000E-9	4.900000E-9	14.218000E+0	-1.391991E+0	38.822000E-12	
10/10/2022 10:09:15	-1.000000E+0	800.000000E-6	2.300000E-9	4.900000E-9	14.229000E+0	-1.391991E+0	41.622000E-12	
10/10/2022 10:09:21	-1.000000E+0	800.000000E-6	2.300000E-9	4.900000E-9	14.229000E+0	-1.391991E+0	40.748000E-12	
10/10/2022 10:09:26	-1.000000E+0	800.000000E-6	2.300000E-9	4.900000E-9	14.211000E+0	-1.391991E+0	38.890000E-12	
10/10/2022 10:09:32	-1.000000E+0	800.000000E-6	2.300000E-9	4.900000E-9	14.187000E+0	-1.386900E+0	40.082000E-12	
10/10/2022 10:09:38	-1.000000E+0	800.000000E-6	2.300000E-9	4.900000E-9	14.208000E+0	-1.386900E+0	39.771000E-12	
10/10/2022 10:09:44	-1.000000E+0	800.000000E-6	2.300000E-9	4.900000E-9	14.187000E+0	-1.386900E+0	40.259000E-12	
10/10/2022 10:09:50	-1.000000E+0	800.000000E-6	2.200000E-9	4.900000E-9	14.202000E+0	-1.386900E+0	37.697000E-12	
10/10/2022 10:09:51	5.060000E-9	800.000000E-6	2.300000E-9	4.900000E-9	14.224000E+0	-1.386900E+0	39.736000E-12	
10/10/2022 10:09:52	-1.000000E+0	800.000000E-6	2.200000E-9	4.900000E-9	14.217000E+0	-1.386900E+0	41.007000E-12	
10/10/2022 10:09:58	-1.000000E+0	800.000000E-6	2.200000E-9	4.900000E-9	14.228000E+0	-1.386900E+0	42.069000E-12	
10/10/2022 10:10:04	-1.000000E+0	800.000000E-6	2.200000E-9	4.900000E-9	14.187000E+0	-1.386900E+0	39.057000E-12	
10/10/2022 10:10:10	-1.000000E+0	800.000000E-6	2.200000E-9	5.000000E-9	14.187000E+0	-1.391991E+0	36.856000E-12	
10/10/2022 10:10:16	-1.000000E+0	800.000000E-6	2.200000E-9	4.900000E-9	14.205000E+0	-1.386900E+0	39.120000E-12	
10/10/2022 10:10:22	-1.000000E+0	800.000000E-6	2.200000E-9	4.900000E-9	14.229000E+0	-1.391991E+0	37.204000E-12	
10/10/2022 10:10:27	-1.000000E+0	800.000000E-6	2.200000E-9	4.900000E-9	14.221000E+0	-1.391991E+0	37.887000E-12	
10/10/2022 10:10:33	-1.000000E+0	800.000000E-6	2.200000E-9	4.900000E-9	14.187000E+0	-1.386900E+0	37.183000E-12	
10/10/2022 10:10:39	-1.000000E+0	800.000000E-6	2.200000E-9	4.900000E-9	14.196000E+0	-1.391991E+0	37.686000E-12	
10/10/2022 10:10:45	-1.000000E+0	800.000000E-6	2.200000E-9	4.900000E-9	14.203000E+0	-1.391991E+0	37.401000E-12	
10/10/2022 10:10:51	-1.000000E+0	800.000000E-6	2.200000E-9	4.900000E-9	14.229000E+0	-1.386900E+0	43.686000E-12	
10/10/2022 10:10:55	5.060000E-9	800.000000E-6	2.200000E-9	4.800000E-9	14.226000E+0	-1.386900E+0	39.996000E-12	
10/10/2022 10:10:56	-1.000000E+0	800.000000E-6	2.200000E-9	4.900000E-9	14.209000E+0	-1.386900E+0	40.354000E-12	
10/10/2022 10:11:02	5.060000E-9	800.000000E-6	2.200000E-9	4.900000E-9	14.229000E+0	-1.386900E+0	39.402000E-12	
10/10/2022 10:11:03	-1.000000E+0	800.000000E-6	2.200000E-9	4.900000E-9	14.208000E+0	-1.386900E+0	40.806000E-12	
10/10/2022 10:11:09	-1.000000E+0	800.000000E-6	2.200000E-9	4.800000E-9	14.229000E+0	-1.386900E+0	39.248000E-12	
10/10/2022 10:11:15	-1.000000E+0	800.000000E-6	2.200000E-9	4.800000E-9	14.191000E+0	-1.386900E+0	37.886000E-12	
10/10/2022 10:11:20	-1.000000E+0	800.000000E-6	2.200000E-9	4.900000E-9	14.229000E+0	-1.386900E+0	38.536000E-12	
10/10/2022 10:11:26	5.060000E-9	800.000000E-6	2.200000E-9	4.900000E-9	14.247000E+0	-1.391991E+0	39.403000E-12	
10/10/2022 10:11:27	-1.000000E+0	800.000000E-6	2.200000E-9	4.800000E-9	14.199000E+0	-1.391991E+0	38.712000E-12	
10/10/2022 10:11:33	-1.000000E+0	800.000000E-6	2.200000E-9	4.900000E-9	14.198000E+0	-1.386900E+0	38.777000E-12	
10/10/2022 10:11:39	-1.000000E+0	800.000000E-6	2.200000E-9	4.900000E-9	14.271000E+0	-1.391991E+0	34.284000E-12	
10/10/2022 10:11:45	-1.000000E+0	800.000000E-6	2.200000E-9	4.900000E-9	14.187000E+0	-1.391991E+0	39.364000E-12	
10/10/2022 10:11:51	-1.000000E+0	800.000000E-6	2.200000E-9	4.900000E-9	14.208000E+0	-1.391991E+0	38.988000E-12	
10/10/2022 10:11:57	-1.000000E+0	800.000000E-6	2.200000E-9	4.900000E-9	14.145000E+0	-1.391991E+0	39.823000E-12	
10/10/2022 10:12:03	-1.000000E+0	800.000000E-6	2.200000E-9	4.900000E-9	14.195000E+0	-1.391991E+0	39.967000E-12	
10/10/2022 10:12:09	-1.000000E+0	800.000000E-6	2.200000E-9	4.900000E-9	14.145000E+0	-1.391991E+0	39.131000E-12	
10/10/2022 10:12:15	-1.000000E+0	800.000000E-6	2.200000E-9	4.800000E-9	14.187000E+0	-1.386900E+0	37.952000E-12	
10/10/2022 10:12:21	-1.000000E+0	800.000000E-6	2.200000E-9	4.900000E-9	14.215000E+0	-1.391991E+0	40.098000E-12	
10/10/2022 10:12:26	-1.000000E+0	800.000000E-6	2.200000E-9	4.900000E-9	14.188000E+0	-1.391991E+0	39.170000E-12	
10/10/2022 10:12:32	-1.000000E+0	800.000000E-6	2.200000E-9	4.900000E-9	14.187000E+0	-1.386900E+0	40.658000E-12	
10/10/2022 10:12:38	-1.000000E+0	800.000000E-6	2.200000E-9	4.900000E-9	14.178000E+0	-1.386900E+0	37.868000E-12	
10/10/2022 10:12:44	-1.000000E+0	800.000000E-6	2.200000E-9	4.900000E-9	14.176000E+0	-1.391991E+0	37.802000E-12	
10/10/2022 10:12:50	-1.000000E+0	800.000000E-6	2.200000E-9	4.800000E-9	14.187000E+0	-1.391991E+0	33.700000E-12	
10/10/2022 10:12:56	-1.000000E+0	800.000000E-6	2.200000E-9	4.800000E-9	14.224000E+0	-1.391991E+0	34.996000E-12	
10/10/2022 10:13:02	-1.000000E+0	800.000000E-6	2.200000E-9	4.900000E-9	14.145000E+0	-1.397083E+0	35.451000E-12	
10/10/2022 10:13:08	-1.000000E+0	800.000000E-6	2.200000E-9	4.900000E-9	14.197000E+0	-1.397083E+0	35.383000E-12	
10/10/2022 10:13:14	-1.000000E+0	800.000000E-6	2.200000E-9	4.900000E-9	14.213000E+0	-1.397083E+0	35.509000E-12	
10/10/2022 10:13:20	-1.000000E+0	800.000000E-6	2.200000E-9	4.800000E-9	14.229000E+0	-1.397083E+0	32.318000E-12	
10/10/2022 10:13:22	5.060000E-9	800.000000E-6	2.200000E-9	4.900000E-9	14.167000E+0	-1.391991E+0	33.944000E-12	
10/10/2022 10:13:23	-1.000000E+0	800.000000E-6	2.200000E-9	4.800000E-9	14.229000E+0	-1.391991E+0	33.991000E-12	
10/10/2022 10:13:29	-1.000000E+0	800.000000E-6	2.200000E-9	4.900000E-9	14.185000E+0	-1.391991E+0	31.964000E-12	
10/10/2022 10:13:35	-1.000000E+0	800.000000E-6	2.200000E-9	4.800000E-9	14.229000E+0	-1.397083E+0	32.922000E-12	
10/10/2022 10:13:41	-1.000000E+0	800.000000E-6	2.200000E-9	4.900000E-9	14.218000E+0	-1.391991E+0	34.664000E-12	
10/10/2022 10:13:47	-1.000000E+0	800.000000E-6	2.200000E-9	4.800000E-9	14.229000E+0	-1.391991E+0	35.221000E-12	
10/10/2022 10:13:53	-1.000000E+0	800.000000E-6	2.200000E-9	4.800000E-9	14.194000E+0	-1.391991E+0	35.661000E-12	
10/10/2022 10:13:58	-1.000000E+0	800.000000E-6	2.200000E-9	4.800000E-9	14.199000E+0	-1.397083E+0	32.857000E-12	
10/10/2022 10:14:04	-1.000000E+0	800.000000E-6	2.200000E-9	4.800000E-9	14.229000E+0	-1.391991E+0	36.149000E-12	
10/10/2022 10:14:10	-1.000000E+0	800.000000E-6	2.200000E-9	4.800000E-9	14.229000E+0	-1.391991E+0	35.725000E-12	
10/10/2022 10:14:13	5.060000E-9	800.000000E-6	2.200000E-9	4.800000E-9	14.187000E+0	-1.397083E+0	31.506000E-12	
10/10/2022 10:14:14	-1.000000E+0	800.000000E-6	2.200000E-9	4.800000E-9	14.197000E+0	-1.391991E+0	32.644000E-12	
10/10/2022 10:14:16	5.060000E-9	800.000000E-6	2.200000E-9	4.800000E-9	14.201000E+0	-1.397083E+0	31.267000E-12	
10/10/2022 10:14:17	-1.000000E+0	800.000000E-6	2.200000E-9	4.800000E-9	14.226000E+0	-1.397083E+0	32.003000E-12	
10/10/2022 10:14:23	-1.000000E+0	800.000000E-6	2.200000E-9	4.800000E-9	14.218000E+0	-1.391991E+0	33.580000E-12	
10/10/2022 10:14:29	-1.000000E+0	800.000000E-6	2.200000E-9	4.800000E-9	14.229000E+0	-1.397083E+0	32.495000E-12	
10/10/2022 10:14:35	-1.000000E+0	800.000000E-6	2.200000E-9	4.800000E-9	14.243000E+0	-1.397083E+0	31.930000E-12	
10/10/2022 10:14:38	5.060000E-9	800.000000E-6	2.200000E-9	4.800000E-9	14.145000E+0	-1.397083E+0	36.163000E-12	
10/10/2022 10:14:39	-1.000000E+0	800.000000E-6	2.200000E-9	4.700000E-9	14.187000E+0	-1.397083E+0	34.023000E-12	
10/10/2022 10:14:41	5.060000E-9	800.000000E-6	2.200000E-9	4.800000E-9	14.243000E+0	-1.397083E+0	34.023000E-12	
10/10/2022 10:14:42	-1.000000E+0	800.000000E-6	2.200000E-9	4.800000E-9	14.219000E+0	-1.397083E+0	34.181000E-12	
10/10/2022 10:14:48	-1.000000E+0	800.000000E-6	2.200000E-9	4.800000E-9	14.229000E+0	-1.397083E+0	33.981000E-12	
10/10/2022 10:14:54	-1.000000E+0	800.000000E-6	2.200000E-9	4.800000E-9	14.185000E+0	-1.397083E+0	34.807000E-12	
10/10/2022 10:15:00	-1.000000E+0	800.000000E-6	2.200000E-9	4.800000E-9	14.234000E+0	-1.397083E+0	36.523000E-12	
10/10/2022 10:15:06	-1.000000E+0	800.000000E-6	2.200000E-9	4.800000E-9	14.229000E+0	-1.397083E+0	33.166000E-12	
10/10/2022 10:15:12	-1.000000E+0	800.000000E-6	2.200000E-9	4.800000E-9	14.190000E+0	-1.391991E+0	35.251000E-12	
10/10/2022 10:15:18	-1.000000E+0	800.000000E-6	2.200000E-9	4.800000E-9	14.242000E+0	-1.397083E+0	35.420000E-12	
10/10/2022 10:15:23	-1.000000E+0	800.000000E-6	2.200000E-9	4.800000E-9	14.213000E+0	-1.391991E+0	36.463000E-12	
10/10/2022 10:15:29	-1.000000E+0	800.000000E-6	2.200000E-9	4.800000E-9	14.251000E+0	-1.391991E+0	34.885000E-12	
10/10/2022 10:15:33	-1.000000E+0	800.000000E-6	2.100000E-9	4.400000E-9	14.187000E+0	-1.391991E+0	10.684600E-12	
10/10/2022 10:15:34	-1.000000E+0	800.000000E-6	1.700000E-9	3.600000E-9	14.229000E+0	-1.391991E+0	22.006000E-12	
10/10/2022 10:15:35	-1.000000E+0	800.000000E-6	1.400000E-9	2.900000E-9	14.229000E+0	-1.391991E+0	68.423000E-12	
10/10/2022 10:15:36	-1.000000E+0	800.000000E-6	1.100000E-9	2.200000E-9	14.246000E+0	-1.391991E+0	75.402000E-12	
10/10/2022 10:15:38	-1.000000E+0	800.000000E-6	960.000000E-12	1.800000E-9	14.191000E+0	-1.391991E+0	73.898000E-12	
10/10/2022 10:15:39	-1.000000E+0	800.000000E-6	840.000000E-12	1.600000E-9	14.212000E+0	-1.391991E+0	77.319000E-12	
10/10/2022 10:15:40	-1.000000E+0	800.000000E-6	760.000000E-12	1.400000E-9	14.226000E+0	-1.391991E+0	77.025000E-12	
10/10/2022 10:15:41	-1.000000E+0	800.000000E-6	720.000000E-12	1.300000E-9	14.187000E+0	-1.391991E+0	68.332000E-12	
10/10/2022 10:15:42	-1.000000E+0	800.000000E-6	690.000000E-12	1.200000E-9	14.229000E+0	-1.391991E+0	32.829000E-12	
10/10/2022 10:15:44	-1.000000E+0	800.000000E-6	670.000000E-12	1.200000E-9	14.187000E+0	-1.391991E+0	52.226000E-12	
10/10/2022 10:15:46	-1.000000E+0	800.000000E-6	640.000000E-12	1.100000E-9	14.223000E+0	-1.391991E+0	4.228200E-12	
10/10/2022 10:15:49	-1.000000E+0	800.000000E-6	610.000000E-12	1.100000E-9	14.271000E+0	-1.397083E+0	2.458100E-12	
10/10/2022 10:15:54	-1.000000E+0	800.000000E-6	580.000000E-12	1.000000E-9	14.214000E+0	-1.391991E+0	4.183400E-12	
10/10/2022 10:16:00	-1.000000E+0	800.000000E-6	550.000000E-12	990.000000E-12	14.243000E+0	-1.391991E+0	74.000000E-15	
10/10/2022 10:16:01	-1.000000E+0	800.000000E-6	550.000000E-12	970.000000E-12	14.271000E+0	-1.391991E+0	60.000000E-15	
10/10/2022 10:16:06	5.060000E-9	800.000000E-6	530.000000E-12	930.000000E-12	14.248000E+0	-1.391991E+0	608.430000E-12	
10/10/2022 10:16:07	-1.000000E+0	800.000000E-6	530.000000E-12	930.000000E-12	14.229000E+0	-1.391991E+0	336.200000E-12	
10/10/2022 10:16:11	-1.000000E+0	800.000000E-6	510.000000E-12	910.000000E-12	14.208000E+0	-1.391991E+0	8.333200E-12	
10/10/2022 10:16:17	-1.000000E+0	800.000000E-6	510.000000E-12	880.000000E-12	14.217000E+0	-1.391991E+0	6.026800E-12	
10/10/2022 10:16:22	-1.000000E+0	800.000000E-6	490.000000E-12	860.000000E-12	14.245000E+0	-1.397083E+0	7.997300E-12	
10/10/2022 10:16:25	-1.000000E+0	800.000000E-6	490.000000E-12	840.000000E-12	14.247000E+0	-1.391991E+0	4.536000E-12	
10/10/2022 10:16:31	-1.000000E+0	800.000000E-6	480.000000E-12	820.000000E-12	14.224000E+0	-1.391991E+0	4.256000E-12	
10/10/2022 10:16:35	5.060000E-9	800.000000E-6	470.000000E-12	800.000000E-12	14.229000E+0	-1.391991E+0	4.996700E-12	
10/10/2022 10:16:37	-1.000000E+0	800.000000E-6	470.000000E-12	800.000000E-12	14.229000E+0	-1.391991E+0	6.430600E-12	
10/10/2022 10:16:42	-1.000000E+0	800.000000E-6	460.000000E-12	790.000000E-12	14.214000E+0	-1.391991E+0	5.017300E-12	
10/10/2022 10:16:45	-1.000000E+0	800.000000E-6	460.000000E-12	780.000000E-12	14.187000E+0	-1.391991E+0	6.724600E-12	
10/10/2022 10:16:51	-1.000000E+0	800.000000E-6	450.000000E-12	760.000000E-12	14.214000E+0	-1.397083E+0	6.657500E-12	
10/10/2022 10:16:57	-1.000000E+0	800.000000E-6	440.000000E-12	750.000000E-12	14.248000E+0	-1.391991E+0	5.821300E-12	
10/10/2022 10:17:02	-1.000000E+0	800.000000E-6	440.000000E-12	740.000000E-12	14.223000E+0	-1.397083E+0	6.317400E-12	
10/10/2022 10:17:04	-1.000000E+0	800.000000E-6	430.000000E-12	730.000000E-12	14.187000E+0	-1.397083E+0	4.679700E-12	
10/10/2022 10:17:10	-1.000000E+0	800.000000E-6	430.000000E-12	730.000000E-12	14.183000E+0	-1.391991E+0	2.860500E-12	
10/10/2022 10:17:16	-1.000000E+0	800.000000E-6	430.000000E-12	710.000000E-12	14.237000E+0	-1.397083E+0	8.624600E-12	
10/10/2022 10:17:20	-1.000000E+0	800.000000E-6	420.000000E-12	700.000000E-12	14.229000E+0	-1.397083E+0	9.689000E-12	
10/10/2022 10:17:26	-1.000000E+0	800.000000E-6	420.000000E-12	700.000000E-12	14.241000E+0	-1.397083E+0	4.253200E-12	
10/10/2022 10:17:32	-1.000000E+0	800.000000E-6	420.000000E-12	690.000000E-12	14.258000E+0	-1.397083E+0	5.462200E-12	
10/10/2022 10:17:33	5.060000E-9	800.000000E-6	420.000000E-12	680.000000E-12	14.233000E+0	-1.397083E+0	4.960800E-12	
10/10/2022 10:17:35	-1.000000E+0	800.000000E-6	420.000000E-12	680.000000E-12	14.213000E+0	-1.391991E+0	3.050200E-12	
10/10/2022 10:17:40	-1.000000E+0	800.000000E-6	410.000000E-12	670.000000E-12	14.229000E+0	-1.391991E+0	5.481800E-12	
10/10/2022 10:17:46	-1.000000E+0	800.000000E-6	410.000000E-12	670.000000E-12	14.271000E+0	-1.391991E+0	1.635000E-12	
10/10/2022 10:17:51	-1.000000E+0	800.000000E-6	400.000000E-12	660.000000E-12	14.239000E+0	-1.397083E+0	4.475900E-12	
10/10/2022 10:17:56	5.060000E-9	800.000000E-6	400.000000E-12	650.000000E-12	14.187000E+0	-1.391991E+0	3.928500E-12	
10/10/2022 10:17:57	-1.000000E+0	800.000000E-6	400.000000E-12	660.000000E-12	14.229000E+0	-1.391991E+0	2.248700E-12	
10/10/2022 10:18:03	-1.000000E+0	800.000000E-6	400.000000E-12	650.000000E-12	14.230000E+0	-1.391991E+0	219.600000E-15	
10/10/2022 10:18:05	-1.000000E+0	800.000000E-6	400.000000E-12	640.000000E-12	14.229000E+0	-1.391991E+0	217.800000E-15	
10/10/2022 10:18:11	-1.000000E+0	800.000000E-6	390.000000E-12	640.000000E-12	14.218000E+0	-1.391991E+0	4.042200E-12	
10/10/2022 10:18:17	-1.000000E+0	800.000000E-6	390.000000E-12	640.000000E-12	14.219000E+0	-1.391991E+0	1.026400E-12	
10/10/2022 10:18:23	-1.000000E+0	800.000000E-6	390.000000E-12	630.000000E-12	14.271000E+0	-1.391991E+0	2.941900E-12	
10/10/2022 10:18:29	-1.000000E+0	800.000000E-6	390.000000E-12	630.000000E-12	14.242000E+0	-1.391991E+0	2.153500E-12	
10/10/2022 10:18:35	-1.000000E+0	800.000000E-6	390.000000E-12	620.000000E-12	14.194000E+0	-1.391991E+0	1.189000E-12	
10/10/2022 10:18:37	-1.000000E+0	800.000000E-6	380.000000E-12	620.000000E-12	14.221000E+0	-1.391991E+0	4.516200E-12	
10/10/2022 10:18:42	5.060000E-9	800.000000E-6	380.000000E-12	620.000000E-12	14.313000E+0	-1.391991E+0	3.098900E-12	
10/10/2022 10:18:43	-1.000000E+0	800.000000E-6	380.000000E-12	620.000000E-12	14.271000E+0	-1.391991E+0	1.304000E-12	
10/10/2022 10:18:49	-1.000000E+0	800.000000E-6	380.000000E-12	610.000000E-12	14.217000E+0	-1.391991E+0	3.222300E-12	
10/10/2022 10:18:55	-1.000000E+0	800.000000E-6	380.000000E-12	610.000000E-12	14.187000E+0	-1.391991E+0	7.902800E-12	
10/10/2022 10:18:56	-1.000000E+0	800.000000E-6	380.000000E-12	600.000000E-12	14.242000E+0	-1.391991E+0	4.723800E-12	
10/10/2022 10:19:01	-1.000000E+0	800.000000E-6	380.000000E-12	600.000000E-12	14.228000E+0	-1.397083E+0	5.502300E-12	
10/10/2022 10:19:07	-1.000000E+0	800.000000E-6	380.000000E-12	600.000000E-12	14.221000E+0	-1.391991E+0	3.529000E-12	
10/10/2022 10:19:13	-1.000000E+0	800.000000E-6	370.000000E-12	590.000000E-12	14.187000E+0	-1.391991E+0	3.577900E-12	
10/10/2022 10:19:19	-1.000000E+0	800.000000E-6	370.000000E-12	590.000000E-12	14.227000E+0	-1.391991E+0	1.731000E-12	
10/10/2022 10:19:25	-1.000000E+0	800.000000E-6	370.000000E-12	590.000000E-12	14.226000E+0	-1.397083E+0	1.352200E-12	
10/10/2022 10:19:31	-1.000000E+0	800.000000E-6	370.000000E-12	580.000000E-12	14.271000E+0	-1.391991E+0	5.082600E-12	
10/10/2022 10:19:37	-1.000000E+0	800.000000E-6	370.000000E-12	580.000000E-12	14.253000E+0	-1.391991E+0	7.754200E-12	
10/10/2022 10:19:43	-1.000000E+0	800.000000E-6	370.000000E-12	580.000000E-12	14.253000E+0	-1.397083E+0	4.540900E-12	
10/10/2022 10:19:45	5.060000E-9	800.000000E-6	370.000000E-12	580.000000E-12	14.235000E+0	-1.397083E+0	6.002000E-12	
10/10/2022 10:19:46	-1.000000E+0	800.000000E-6	370.000000E-12	580.000000E-12	14.214000E+0	-1.397083E+0	4.505500E-12	
10/10/2022 10:19:52	-1.000000E+0	800.000000E-6	370.000000E-12	570.000000E-12	14.271000E+0	-1.391991E+0	5.231700E-12	
10/10/2022 10:19:58	-1.000000E+0	800.000000E-6	360.000000E-12	570.000000E-12	14.251000E+0	-1.397083E+0	5.371400E-12	
10/10/2022 10:20:04	-1.000000E+0	800.000000E-6	360.000000E-12	570.000000E-12	14.245000E+0	-1.391991E+0	3.398400E-12	
10/10/2022 10:20:10	-1.000000E+0	800.000000E-6	360.000000E-12	570.000000E-12	14.271000E+0	-1.391991E+0	4.180100E-12	
10/10/2022 10:20:16	-1.000000E+0	800.000000E-6	360.000000E-12	570.000000E-12	14.226000E+0	-1.391991E+0	4.277400E-12	
10/10/2022 10:20:22	-1.000000E+0	800.000000E-6	360.000000E-12	560.000000E-12	14.221000E+0	-1.397083E+0	4.964200E-12	
10/10/2022 10:20:28	-1.000000E+0	800.000000E-6	360.000000E-12	560.000000E-12	14.187000E+0	-1.391991E+0	76.000000E-15	
10/10/2022 10:20:33	-1.000000E+0	800.000000E-6	360.000000E-12	560.000000E-12	14.267000E+0	-1.391991E+0	4.914900E-12	
10/10/2022 10:20:38	-1.000000E+0	800.000000E-6	360.000000E-12	550.000000E-12	14.253000E+0	-1.397083E+0	2.630200E-12	
10/10/2022 10:20:44	-1.000000E+0	800.000000E-6	360.000000E-12	550.000000E-12	14.229000E+0	-1.397083E+0	3.123800E-12	
10/10/2022 10:20:50	-1.000000E+0	800.000000E-6	350.000000E-12	550.000000E-12	14.270000E+0	-1.397083E+0	5.605400E-12	
10/10/2022 10:20:56	-1.000000E+0	800.000000E-6	350.000000E-12	550.000000E-12	14.255000E+0	-1.391991E+0	4.456600E-12	
10/10/2022 10:21:02	-1.000000E+0	800.000000E-6	350.000000E-12	540.000000E-12	14.229000E+0	-1.391991E+0	377.300000E-15	
10/10/2022 10:21:08	-1.000000E+0	800.000000E-6	350.000000E-12	540.000000E-12	14.281000E+0	-1.397083E+0	2.524000E-12	
10/10/2022 10:21:14	-1.000000E+0	800.000000E-6	350.000000E-12	540.000000E-12	14.225000E+0	-1.397083E+0	2.887200E-12	
10/10/2022 10:21:20	-1.000000E+0	800.000000E-6	350.000000E-12	540.000000E-12	14.271000E+0	-1.397083E+0	6.742900E-12	
10/10/2022 10:21:26	-1.000000E+0	800.000000E-6	350.000000E-12	540.000000E-12	14.187000E+0	-1.397083E+0	8.500000E-12	
10/10/2022 10:21:31	-1.000000E+0	800.000000E-6	350.000000E-12	540.000000E-12	14.248000E+0	-1.391991E+0	4.842700E-12	
10/10/2022 10:21:37	-1.000000E+0	800.000000E-6	350.000000E-12	530.000000E-12	14.221000E+0	-1.391991E+0	1.993800E-12	
10/10/2022 10:21:43	-1.000000E+0	800.000000E-6	340.000000E-12	530.000000E-12	14.271000E+0	-1.391991E+0	3.514900E-12	
10/10/2022 10:21:49	-1.000000E+0	800.000000E-6	340.000000E-12	530.000000E-12	14.243000E+0	-1.391991E+0	2.166700E-12	
10/10/2022 10:21:52	5.060000E-9	800.000000E-6	340.000000E-12	530.000000E-12	14.178000E+0	-1.391991E+0	2.581700E-12	
10/10/2022 10:21:53	-1.000000E+0	800.000000E-6	340.000000E-12	530.000000E-12	14.271000E+0	-1.391991E+0	2.740600E-12	
10/10/2022 10:21:59	-1.000000E+0	800.000000E-6	340.000000E-12	530.000000E-12	14.273000E+0	-1.391991E+0	1.136500E-12	
10/10/2022 10:22:04	-1.000000E+0	800.000000E-6	340.000000E-12	530.000000E-12	14.229000E+0	-1.391991E+0	2.167500E-12	
10/10/2022 10:22:10	-1.000000E+0	800.000000E-6	340.000000E-12	530.000000E-12	14.229000E+0	-1.391991E+0	3.651000E-12	
10/10/2022 10:22:16	-1.000000E+0	800.000000E-6	340.000000E-12	520.000000E-12	14.261000E+0	-1.391991E+0	492.000000E-15	
10/10/2022 10:22:22	-1.000000E+0	800.000000E-6	340.000000E-12	520.000000E-12	14.229000E+0	-1.397083E+0	2.424900E-12	
10/10/2022 10:22:28	-1.000000E+0	800.000000E-6	340.000000E-12	520.000000E-12	14.233000E+0	-1.397083E+0	2.498800E-12	
10/10/2022 10:22:34	-1.000000E+0	800.000000E-6	340.000000E-12	520.000000E-12	14.276000E+0	-1.397083E+0	533.600000E-15	
10/10/2022 10:22:40	-1.000000E+0	800.000000E-6	340.000000E-12	520.000000E-12	14.229000E+0	-1.397083E+0	7.121600E-12	
10/10/2022 10:22:46	-1.000000E+0	800.000000E-6	340.000000E-12	520.000000E-12	14.233000E+0	-1.391991E+0	2.608100E-12	
10/10/2022 10:22:52	-1.000000E+0	800.000000E-6	340.000000E-12	520.000000E-12	14.269000E+0	-1.391991E+0	782.900000E-15	
10/10/2022 10:22:58	-1.000000E+0	800.000000E-6	340.000000E-12	520.000000E-12	14.313000E+0	-1.391991E+0	2.090700E-12	
10/10/2022 10:23:04	-1.000000E+0	800.000000E-6	340.000000E-12	520.000000E-12	14.271000E+0	-1.391991E+0	2.444500E-12	
10/10/2022 10:23:09	-1.000000E+0	800.000000E-6	340.000000E-12	520.000000E-12	14.235000E+0	-1.391991E+0	471.700000E-15	
10/10/2022 10:23:11	-1.000000E+0	800.000000E-6	340.000000E-12	510.000000E-12	14.247000E+0	-1.391991E+0	1.380600E-12	
10/10/2022 10:23:17	-1.000000E+0	800.000000E-6	340.000000E-12	510.000000E-12	14.187000E+0	-1.397083E+0	863.600000E-15	
10/10/2022 10:23:22	-1.000000E+0	800.000000E-6	340.000000E-12	510.000000E-12	14.201000E+0	-1.391991E+0	6.070700E-12	
10/10/2022 10:23:28	-1.000000E+0	800.000000E-6	340.000000E-12	510.000000E-12	14.279000E+0	-1.397083E+0	6.711900E-12	
10/10/2022 10:23:34	-1.000000E+0	800.000000E-6	340.000000E-12	510.000000E-12	14.313000E+0	-1.391991E+0	12.800000E-15	
10/10/2022 10:23:40	5.060000E-9	800.000000E-6	330.000000E-12	510.000000E-12	14.259000E+0	-1.391991E+0	1.379700E-12	
10/10/2022 10:23:41	-1.000000E+0	800.000000E-6	330.000000E-12	510.000000E-12	14.222000E+0	-1.391991E+0	5.282000E-12	
10/10/2022 10:23:47	-1.000000E+0	800.000000E-6	330.000000E-12	510.000000E-12	14.232000E+0	-1.397083E+0	3.368800E-12	
10/10/2022 10:23:53	-1.000000E+0	800.000000E-6	330.000000E-12	510.000000E-12	14.271000E+0	-1.397083E+0	723.000000E-15	
10/10/2022 10:23:59	-1.000000E+0	800.000000E-6	330.000000E-12	510.000000E-12	14.233000E+0	-1.397083E+0	3.877900E-12	
10/10/2022 10:24:05	-1.000000E+0	800.000000E-6	330.000000E-12	500.000000E-12	14.245000E+0	-1.391991E+0	6.183200E-12	
10/10/2022 10:24:08	5.060000E-9	800.000000E-6	330.000000E-12	500.000000E-12	14.229000E+0	-1.391991E+0	4.571400E-12	
10/10/2022 10:24:10	-1.000000E+0	800.000000E-6	330.000000E-12	500.000000E-12	14.229000E+0	-1.391991E+0	4.598400E-12	
10/10/2022 10:24:16	-1.000000E+0	800.000000E-6	330.000000E-12	500.000000E-12	14.256000E+0	-1.391991E+0	5.114100E-12	
10/10/2022 10:24:21	-1.000000E+0	800.000000E-6	330.000000E-12	500.000000E-12	14.288000E+0	-1.391991E+0	1.728400E-12	
10/10/2022 10:24:27	-1.000000E+0	800.000000E-6	330.000000E-12	500.000000E-12	14.229000E+0	-1.397083E+0	2.956200E-12	
10/10/2022 10:24:33	-1.000000E+0	800.000000E-6	330.000000E-12	500.000000E-12	14.249000E+0	-1.407265E+0	3.350100E-12	
10/10/2022 10:24:39	-1.000000E+0	800.000000E-6	330.000000E-12	500.000000E-12	14.281000E+0	-1.407265E+0	531.600000E-15	
10/10/2022 10:24:45	-1.000000E+0	800.000000E-6	330.000000E-12	500.000000E-12	14.271000E+0	-1.402174E+0	3.609200E-12	
10/10/2022 10:24:49	5.060000E-9	800.000000E-6	330.000000E-12	500.000000E-12	14.253000E+0	-1.402174E+0	4.636100E-12	
10/10/2022 10:24:50	-1.000000E+0	800.000000E-6	330.000000E-12	500.000000E-12	14.277000E+0	-1.407265E+0	3.210300E-12	
10/10/2022 10:24:56	-1.000000E+0	800.000000E-6	330.000000E-12	500.000000E-12	14.271000E+0	-1.402174E+0	1.911300E-12	
10/10/2022 10:24:59	5.060000E-9	800.000000E-6	330.000000E-12	500.000000E-12	14.271000E+0	-1.407265E+0	3.289000E-12	
10/10/2022 10:25:00	-1.000000E+0	800.000000E-6	330.000000E-12	500.000000E-12	14.229000E+0	-1.402174E+0	4.487000E-12	
10/10/2022 10:25:06	-1.000000E+0	800.000000E-6	330.000000E-12	500.000000E-12	14.270000E+0	-1.397083E+0	3.172000E-12	
10/10/2022 10:25:12	-1.000000E+0	800.000000E-6	330.000000E-12	500.000000E-12	14.271000E+0	-1.397083E+0	4.119500E-12	
10/10/2022 10:25:18	-1.000000E+0	800.000000E-6	330.000000E-12	490.000000E-12	14.247000E+0	-1.397083E+0	3.155800E-12	
10/10/2022 10:25:24	-1.000000E+0	800.000000E-6	320.000000E-12	490.000000E-12	14.271000E+0	-1.402174E+0	2.610300E-12	
10/10/2022 10:25:30	-1.000000E+0	800.000000E-6	330.000000E-12	490.000000E-12	14.251000E+0	-1.397083E+0	158.200000E-15	
10/10/2022 10:25:36	-1.000000E+0	800.000000E-6	330.000000E-12	490.000000E-12	14.276000E+0	-1.402174E+0	4.095100E-12	
10/10/2022 10:25:41	-1.000000E+0	800.000000E-6	330.000000E-12	490.000000E-12	14.229000E+0	-1.397083E+0	504.700000E-15	
10/10/2022 10:25:47	-1.000000E+0	800.000000E-6	320.000000E-12	490.000000E-12	14.246000E+0	-1.397083E+0	1.388600E-12	
10/10/2022 10:25:53	-1.000000E+0	800.000000E-6	320.000000E-12	490.000000E-12	14.273000E+0	-1.397083E+0	3.767600E-12	
10/10/2022 10:25:56	5.060000E-9	800.000000E-6	330.000000E-12	490.000000E-12	14.285000E+0	-1.397083E+0	117.000000E-15	
10/10/2022 10:25:57	-1.000000E+0	800.000000E-6	320.000000E-12	490.000000E-12	14.278000E+0	-1.397083E+0	1.057100E-12	
10/10/2022 10:26:03	-1.000000E+0	800.000000E-6	320.000000E-12	490.000000E-12	14.275000E+0	-1.397083E+0	4.594500E-12	
10/10/2022 10:26:09	-1.000000E+0	800.000000E-6	320.000000E-12	490.000000E-12	14.271000E+0	-1.397083E+0	156.900000E-15	
10/10/2022 10:26:15	-1.000000E+0	800.000000E-6	320.000000E-12	490.000000E-12	14.253000E+0	-1.397083E+0	3.795300E-12	
10/10/2022 10:26:20	-1.000000E+0	800.000000E-6	320.000000E-12	490.000000E-12	14.221000E+0	-1.397083E+0	1.642300E-12	
10/10/2022 10:26:25	5.060000E-9	800.000000E-6	320.000000E-12	480.000000E-12	14.271000E+0	-1.397083E+0	3.831300E-12	
10/10/2022 10:26:26	-1.000000E+0	800.000000E-6	320.000000E-12	480.000000E-12	14.271000E+0	-1.397083E+0	5.239900E-12	
10/10/2022 10:26:32	-1.000000E+0	800.000000E-6	320.000000E-12	480.000000E-12	14.248000E+0	-1.397083E+0	3.039200E-12	
10/10/2022 10:26:38	-1.000000E+0	800.000000E-6	320.000000E-12	480.000000E-12	14.313000E+0	-1.397083E+0	833.000000E-15	
10/10/2022 10:26:44	-1.000000E+0	800.000000E-6	320.000000E-12	480.000000E-12	14.280000E+0	-1.397083E+0	2.985400E-12	
10/10/2022 10:26:50	-1.000000E+0	800.000000E-6	320.000000E-12	480.000000E-12	14.299000E+0	-1.397083E+0	374.600000E-15	
10/10/2022 10:26:56	-1.000000E+0	800.000000E-6	320.000000E-12	480.000000E-12	14.229000E+0	-1.397083E+0	2.499200E-12	
10/10/2022 10:27:02	-1.000000E+0	800.000000E-6	320.000000E-12	480.000000E-12	14.274000E+0	-1.397083E+0	665.700000E-15	
10/10/2022 10:27:07	-1.000000E+0	800.000000E-6	320.000000E-12	480.000000E-12	14.229000E+0	-1.397083E+0	734.800000E-15	
10/10/2022 10:27:13	-1.000000E+0	800.000000E-6	320.000000E-12	480.000000E-12	14.313000E+0	-1.402174E+0	2.843300E-12	
10/10/2022 10:27:19	-1.000000E+0	800.000000E-6	320.000000E-12	480.000000E-12	14.282000E+0	-1.397083E+0	196.500000E-15	
10/10/2022 10:27:25	-1.000000E+0	800.000000E-6	320.000000E-12	480.000000E-12	14.257000E+0	-1.402174E+0	5.014400E-12	
10/10/2022 10:27:31	-1.000000E+0	800.000000E-6	320.000000E-12	480.000000E-12	14.229000E+0	-1.397083E+0	4.955300E-12	
10/10/2022 10:27:37	-1.000000E+0	800.000000E-6	320.000000E-12	480.000000E-12	14.244000E+0	-1.397083E+0	5.799200E-12	
10/10/2022 10:27:43	-1.000000E+0	800.000000E-6	320.000000E-12	480.000000E-12	14.290000E+0	-1.397083E+0	5.088900E-12	
10/10/2022 10:27:49	-1.000000E+0	800.000000E-6	320.000000E-12	480.000000E-12	14.271000E+0	-1.397083E+0	4.268000E-12	
10/10/2022 10:27:55	-1.000000E+0	800.000000E-6	320.000000E-12	480.000000E-12	14.244000E+0	-1.397083E+0	2.559900E-12	
10/10/2022 10:28:00	-1.000000E+0	800.000000E-6	320.000000E-12	480.000000E-12	14.313000E+0	-1.397083E+0	717.200000E-15	
10/10/2022 10:28:06	-1.000000E+0	800.000000E-6	320.000000E-12	480.000000E-12	14.265000E+0	-1.391991E+0	745.100000E-15	
10/10/2022 10:28:12	-1.000000E+0	800.000000E-6	320.000000E-12	480.000000E-12	14.240000E+0	-1.391991E+0	3.303500E-12	
10/10/2022 10:28:15	5.060000E-9	800.000000E-6	320.000000E-12	480.000000E-12	14.280000E+0	-1.397083E+0	2.586900E-12	
10/10/2022 10:28:16	-1.000000E+0	800.000000E-6	320.000000E-12	480.000000E-12	14.271000E+0	-1.391991E+0	2.493600E-12	
10/10/2022 10:28:22	-1.000000E+0	800.000000E-6	320.000000E-12	480.000000E-12	14.249000E+0	-1.397083E+0	1.022800E-12	
10/10/2022 10:28:28	-1.000000E+0	800.000000E-6	320.000000E-12	480.000000E-12	14.229000E+0	-1.397083E+0	308.000000E-15	
10/10/2022 10:28:34	-1.000000E+0	800.000000E-6	320.000000E-12	470.000000E-12	14.255000E+0	-1.397083E+0	1.661700E-12	
10/10/2022 10:28:40	-1.000000E+0	800.000000E-6	320.000000E-12	480.000000E-12	14.266000E+0	-1.397083E+0	573.900000E-15	
10/10/2022 10:28:45	-1.000000E+0	800.000000E-6	320.000000E-12	470.000000E-12	14.271000E+0	-1.397083E+0	2.155300E-12	
10/10/2022 10:28:51	-1.000000E+0	800.000000E-6	320.000000E-12	470.000000E-12	14.229000E+0	-1.397083E+0	3.577300E-12	
10/10/2022 10:28:57	-1.000000E+0	800.000000E-6	320.000000E-12	470.000000E-12	14.251000E+0	-1.397083E+0	3.664600E-12	
10/10/2022 10:29:01	5.060000E-9	800.000000E-6	320.000000E-12	470.000000E-12	14.271000E+0	-1.397083E+0	388.000000E-15	
10/10/2022 10:29:02	-1.000000E+0	800.000000E-6	320.000000E-12	470.000000E-12	14.313000E+0	-1.397083E+0	895.300000E-15	
10/10/2022 10:29:08	-1.000000E+0	800.000000E-6	320.000000E-12	470.000000E-12	14.287000E+0	-1.391991E+0	4.354300E-12	
10/10/2022 10:29:14	-1.000000E+0	800.000000E-6	320.000000E-12	470.000000E-12	14.280000E+0	-1.397083E+0	1.721500E-12	
10/10/2022 10:29:20	-1.000000E+0	800.000000E-6	320.000000E-12	470.000000E-12	14.313000E+0	-1.397083E+0	1.978400E-12	
10/10/2022 10:29:26	-1.000000E+0	800.000000E-6	320.000000E-12	470.000000E-12	14.280000E+0	-1.397083E+0	3.551000E-12	
10/10/2022 10:29:31	-1.000000E+0	800.000000E-6	320.000000E-12	470.000000E-12	14.287000E+0	-1.397083E+0	932.100000E-15	
10/10/2022 10:29:37	-1.000000E+0	800.000000E-6	310.000000E-12	470.000000E-12	14.229000E+0	-1.397083E+0	2.351100E-12	
10/10/2022 10:29:43	-1.000000E+0	800.000000E-6	320.000000E-12	470.000000E-12	14.260000E+0	-1.397083E+0	4.038600E-12	
10/10/2022 10:29:49	-1.000000E+0	800.000000E-6	320.000000E-12	470.000000E-12	14.276000E+0	-1.397083E+0	503.100000E-15	
10/10/2022 10:29:55	-1.000000E+0	800.000000E-6	310.000000E-12	470.000000E-12	14.252000E+0	-1.391991E+0	622.800000E-15	
10/10/2022 10:30:01	-1.000000E+0	800.000000E-6	310.000000E-12	470.000000E-12	14.285000E+0	-1.391991E+0	2.633100E-12	
10/10/2022 10:30:07	-1.000000E+0	800.000000E-6	310.000000E-12	470.000000E-12	14.313000E+0	-1.391991E+0	1.549800E-12	
10/10/2022 10:30:13	-1.000000E+0	800.000000E-6	310.000000E-12	460.000000E-12	14.254000E+0	-1.391991E+0	754.800000E-15	
10/10/2022 10:30:19	-1.000000E+0	800.000000E-6	310.000000E-12	470.000000E-12	14.260000E+0	-1.391991E+0	4.442600E-12	
10/10/2022 10:30:24	-1.000000E+0	800.000000E-6	310.000000E-12	460.000000E-12	14.355000E+0	-1.391991E+0	772.100000E-15	
10/10/2022 10:30:30	-1.000000E+0	800.000000E-6	320.000000E-12	460.000000E-12	14.296000E+0	-1.391991E+0	343.400000E-15	
10/10/2022 10:30:36	-1.000000E+0	800.000000E-6	310.000000E-12	460.000000E-12	14.290000E+0	-1.391991E+0	1.776600E-12	
10/10/2022 10:30:42	-1.000000E+0	800.000000E-6	310.000000E-12	460.000000E-12	14.271000E+0	-1.397083E+0	7.066200E-12	
10/10/2022 10:30:48	-1.000000E+0	800.000000E-6	310.000000E-12	460.000000E-12	14.271000E+0	-1.397083E+0	6.288700E-12	
10/10/2022 10:30:54	-1.000000E+0	800.000000E-6	310.000000E-12	460.000000E-12	14.278000E+0	-1.397083E+0	4.474500E-12	
10/10/2022 10:31:00	-1.000000E+0	800.000000E-6	310.000000E-12	460.000000E-12	14.271000E+0	-1.397083E+0	4.732200E-12	
10/10/2022 10:31:06	-1.000000E+0	800.000000E-6	310.000000E-12	460.000000E-12	14.275000E+0	-1.397083E+0	4.151300E-12	
10/10/2022 10:31:12	-1.000000E+0	800.000000E-6	310.000000E-12	460.000000E-12	14.271000E+0	-1.397083E+0	1.611600E-12	
10/10/2022 10:31:18	-1.000000E+0	800.000000E-6	310.000000E-12	460.000000E-12	14.275000E+0	-1.397083E+0	4.503900E-12	
10/10/2022 10:31:20	5.060000E-9	800.000000E-6	310.000000E-12	460.000000E-12	14.282000E+0	-1.397083E+0	2.025800E-12	
10/10/2022 10:31:21	-1.000000E+0	800.000000E-6	310.000000E-12	460.000000E-12	14.249000E+0	-1.397083E+0	790.000000E-15	
10/10/2022 10:31:27	-1.000000E+0	800.000000E-6	310.000000E-12	460.000000E-12	14.313000E+0	-1.397083E+0	5.464800E-12	
10/10/2022 10:31:33	-1.000000E+0	800.000000E-6	310.000000E-12	460.000000E-12	14.311000E+0	-1.397083E+0	581.100000E-15	
10/10/2022 10:31:39	-1.000000E+0	800.000000E-6	310.000000E-12	460.000000E-12	14.262000E+0	-1.397083E+0	2.647600E-12	
10/10/2022 10:31:45	-1.000000E+0	800.000000E-6	310.000000E-12	460.000000E-12	14.229000E+0	-1.397083E+0	1.675600E-12	
10/10/2022 10:31:51	-1.000000E+0	800.000000E-6	310.000000E-12	460.000000E-12	14.276000E+0	-1.397083E+0	8.375700E-12	
10/10/2022 10:31:57	-1.000000E+0	800.000000E-6	310.000000E-12	460.000000E-12	14.264000E+0	-1.397083E+0	3.513500E-12	
10/10/2022 10:32:03	-1.000000E+0	800.000000E-6	310.000000E-12	460.000000E-12	14.271000E+0	-1.391991E+0	3.326800E-12	
10/10/2022 10:32:09	-1.000000E+0	800.000000E-6	310.000000E-12	460.000000E-12	14.271000E+0	-1.391991E+0	3.663500E-12	
10/10/2022 10:32:14	5.060000E-9	800.000000E-6	310.000000E-12	460.000000E-12	14.290000E+0	-1.397083E+0	3.018000E-12	
10/10/2022 10:32:16	-1.000000E+0	800.000000E-6	310.000000E-12	460.000000E-12	14.313000E+0	-1.397083E+0	1.217000E-12	
10/10/2022 10:32:21	-1.000000E+0	800.000000E-6	310.000000E-12	460.000000E-12	14.325000E+0	-1.391991E+0	344.000000E-15	
10/10/2022 10:32:27	-1.000000E+0	800.000000E-6	310.000000E-12	460.000000E-12	14.229000E+0	-1.397083E+0	2.201200E-12	
10/10/2022 10:32:33	-1.000000E+0	800.000000E-6	310.000000E-12	460.000000E-12	14.269000E+0	-1.391991E+0	318.100000E-15	
10/10/2022 10:32:39	-1.000000E+0	800.000000E-6	310.000000E-12	460.000000E-12	14.307000E+0	-1.397083E+0	819.600000E-15	
10/10/2022 10:32:45	-1.000000E+0	800.000000E-6	310.000000E-12	460.000000E-12	14.313000E+0	-1.397083E+0	2.923900E-12	
10/10/2022 10:32:51	-1.000000E+0	800.000000E-6	310.000000E-12	460.000000E-12	14.279000E+0	-1.391991E+0	1.077100E-12	
10/10/2022 10:32:57	-1.000000E+0	800.000000E-6	310.000000E-12	460.000000E-12	14.271000E+0	-1.391991E+0	3.704300E-12	
10/10/2022 10:33:03	-1.000000E+0	800.000000E-6	310.000000E-12	460.000000E-12	14.302000E+0	-1.397083E+0	4.409700E-12	
10/10/2022 10:33:09	-1.000000E+0	800.000000E-6	310.000000E-12	460.000000E-12	14.275000E+0	-1.397083E+0	3.239500E-12	
10/10/2022 10:33:15	-1.000000E+0	800.000000E-6	310.000000E-12	460.000000E-12	14.355000E+0	-1.397083E+0	1.706100E-12	
10/10/2022 10:33:20	-1.000000E+0	800.000000E-6	310.000000E-12	460.000000E-12	14.283000E+0	-1.397083E+0	927.800000E-15	
10/10/2022 10:33:26	-1.000000E+0	800.000000E-6	310.000000E-12	460.000000E-12	14.248000E+0	-1.397083E+0	3.084700E-12	
10/10/2022 10:33:32	-1.000000E+0	800.000000E-6	310.000000E-12	450.000000E-12	14.307000E+0	-1.391991E+0	1.422200E-12	
10/10/2022 10:33:38	-1.000000E+0	800.000000E-6	310.000000E-12	460.000000E-12	14.229000E+0	-1.397083E+0	3.338900E-12	
10/10/2022 10:33:44	-1.000000E+0	800.000000E-6	310.000000E-12	460.000000E-12	14.260000E+0	-1.391991E+0	954.300000E-15	
10/10/2022 10:33:50	-1.000000E+0	800.000000E-6	310.000000E-12	450.000000E-12	14.271000E+0	-1.391991E+0	1.610100E-12	
10/10/2022 10:33:56	-1.000000E+0	800.000000E-6	310.000000E-12	450.000000E-12	14.271000E+0	-1.391991E+0	2.229200E-12	
10/10/2022 10:34:02	-1.000000E+0	800.000000E-6	310.000000E-12	450.000000E-12	14.245000E+0	-1.391991E+0	528.200000E-15	
10/10/2022 10:34:08	-1.000000E+0	800.000000E-6	310.000000E-12	450.000000E-12	14.271000E+0	-1.397083E+0	8.000000E-15	
10/10/2022 10:34:14	-1.000000E+0	800.000000E-6	310.000000E-12	450.000000E-12	14.244000E+0	-1.397083E+0	3.538100E-12	
10/10/2022 10:34:17	5.060000E-9	800.000000E-6	310.000000E-12	450.000000E-12	14.313000E+0	-1.397083E+0	4.185500E-12	
10/10/2022 10:34:18	-1.000000E+0	800.000000E-6	310.000000E-12	450.000000E-12	14.313000E+0	-1.397083E+0	2.982600E-12	
10/10/2022 10:34:21	5.060000E-9	800.000000E-6	310.000000E-12	450.000000E-12	14.336000E+0	-1.397083E+0	3.370500E-12	
10/10/2022 10:34:22	-1.000000E+0	800.000000E-6	310.000000E-12	450.000000E-12	14.254000E+0	-1.397083E+0	1.458600E-12	
10/10/2022 10:34:28	-1.000000E+0	800.000000E-6	310.000000E-12	450.000000E-12	14.330000E+0	-1.397083E+0	1.536400E-12	
10/10/2022 10:34:34	-1.000000E+0	800.000000E-6	310.000000E-12	450.000000E-12	14.187000E+0	-1.397083E+0	874.600000E-15	
10/10/2022 10:34:40	-1.000000E+0	800.000000E-6	310.000000E-12	450.000000E-12	14.254000E+0	-1.391991E+0	1.181300E-12	
10/10/2022 10:34:45	-1.000000E+0	800.000000E-6	310.000000E-12	450.000000E-12	14.278000E+0	-1.391991E+0	4.166800E-12	
10/10/2022 10:34:50	5.060000E-9	800.000000E-6	310.000000E-12	450.000000E-12	14.271000E+0	-1.391991E+0	5.351100E-12	
10/10/2022 10:34:51	-1.000000E+0	800.000000E-6	310.000000E-12	450.000000E-12	14.187000E+0	-1.397083E+0	929.000000E-15	
10/10/2022 10:34:57	-1.000000E+0	800.000000E-6	310.000000E-12	450.000000E-12	14.226000E+0	-1.397083E+0	1.979800E-12	
10/10/2022 10:35:03	-1.000000E+0	800.000000E-6	310.000000E-12	450.000000E-12	14.244000E+0	-1.391991E+0	1.165400E-12	
10/10/2022 10:35:09	-1.000000E+0	800.000000E-6	310.000000E-12	450.000000E-12	14.271000E+0	-1.391991E+0	1.278300E-12	
10/10/2022 10:35:15	-1.000000E+0	800.000000E-6	310.000000E-12	450.000000E-12	14.273000E+0	-1.391991E+0	3.005400E-12	
10/10/2022 10:35:21	-1.000000E+0	800.000000E-6	310.000000E-12	450.000000E-12	14.278000E+0	-1.397083E+0	3.591000E-12	
10/10/2022 10:35:27	-1.000000E+0	800.000000E-6	310.000000E-12	450.000000E-12	14.313000E+0	-1.402174E+0	6.506400E-12	
10/10/2022 10:35:33	-1.000000E+0	800.000000E-6	310.000000E-12	450.000000E-12	14.298000E+0	-1.397083E+0	1.386200E-12	
10/10/2022 10:35:39	5.060000E-9	800.000000E-6	310.000000E-12	450.000000E-12	14.284000E+0	-1.397083E+0	291.600000E-15	
10/10/2022 10:35:40	-1.000000E+0	800.000000E-6	310.000000E-12	450.000000E-12	14.282000E+0	-1.397083E+0	1.505200E-12	
10/10/2022 10:35:41	5.060000E-9	800.000000E-6	310.000000E-12	450.000000E-12	14.245000E+0	-1.397083E+0	2.871400E-12	
10/10/2022 10:35:42	-1.000000E+0	800.000000E-6	310.000000E-12	450.000000E-12	14.283000E+0	-1.397083E+0	395.400000E-15	
10/10/2022 10:35:48	-1.000000E+0	800.000000E-6	310.000000E-12	450.000000E-12	14.248000E+0	-1.391991E+0	812.600000E-15	
10/10/2022 10:35:54	-1.000000E+0	800.000000E-6	310.000000E-12	450.000000E-12	14.271000E+0	-1.397083E+0	1.985500E-12	
10/10/2022 10:36:00	-1.000000E+0	800.000000E-6	310.000000E-12	450.000000E-12	14.209000E+0	-1.397083E+0	302.900000E-15	
10/10/2022 10:36:06	-1.000000E+0	800.000000E-6	310.000000E-12	450.000000E-12	14.247000E+0	-1.397083E+0	3.899300E-12	
10/10/2022 10:36:12	-1.000000E+0	800.000000E-6	310.000000E-12	450.000000E-12	14.271000E+0	-1.397083E+0	1.152400E-12	
10/10/2022 10:36:18	-1.000000E+0	800.000000E-6	310.000000E-12	450.000000E-12	14.229000E+0	-1.397083E+0	2.734500E-12	
10/10/2022 10:36:24	-1.000000E+0	800.000000E-6	310.000000E-12	450.000000E-12	14.285000E+0	-1.391991E+0	2.051500E-12	
10/10/2022 10:36:30	-1.000000E+0	800.000000E-6	310.000000E-12	450.000000E-12	14.271000E+0	-1.397083E+0	1.854300E-12	
10/10/2022 10:36:35	-1.000000E+0	800.000000E-6	310.000000E-12	450.000000E-12	14.273000E+0	-1.397083E+0	3.056300E-12	
10/10/2022 10:36:41	-1.000000E+0	800.000000E-6	310.000000E-12	450.000000E-12	14.293000E+0	-1.402174E+0	2.336400E-12	
10/10/2022 10:36:47	-1.000000E+0	800.000000E-6	310.000000E-12	450.000000E-12	14.271000E+0	-1.402174E+0	4.084800E-12	
10/10/2022 10:36:53	-1.000000E+0	800.000000E-6	310.000000E-12	450.000000E-12	14.281000E+0	-1.402174E+0	1.971500E-12	
10/10/2022 10:36:59	-1.000000E+0	800.000000E-6	310.000000E-12	440.000000E-12	14.252000E+0	-1.397083E+0	660.600000E-15	
10/10/2022 10:37:05	-1.000000E+0	800.000000E-6	300.000000E-12	440.000000E-12	14.271000E+0	-1.397083E+0	3.243600E-12	
10/10/2022 10:37:11	-1.000000E+0	800.000000E-6	310.000000E-12	440.000000E-12	14.298000E+0	-1.391991E+0	1.847700E-12	
10/10/2022 10:37:12	5.060000E-9	800.000000E-6	300.000000E-12	440.000000E-12	14.250000E+0	-1.391991E+0	134.300000E-15	
10/10/2022 10:37:13	-1.000000E+0	800.000000E-6	310.000000E-12	440.000000E-12	14.313000E+0	-1.391991E+0	525.600000E-15	
10/10/2022 10:37:19	-1.000000E+0	800.000000E-6	300.000000E-12	440.000000E-12	14.278000E+0	-1.391991E+0	564.300000E-15	
10/10/2022 10:37:25	-1.000000E+0	800.000000E-6	300.000000E-12	440.000000E-12	14.292000E+0	-1.397083E+0	573.700000E-15	
10/10/2022 10:37:31	-1.000000E+0	800.000000E-6	300.000000E-12	440.000000E-12	14.271000E+0	-1.391991E+0	817.500000E-15	
10/10/2022 10:37:37	-1.000000E+0	800.000000E-6	310.000000E-12	440.000000E-12	14.243000E+0	-1.391991E+0	2.568700E-12	
10/10/2022 10:37:43	-1.000000E+0	800.000000E-6	310.000000E-12	440.000000E-12	14.243000E+0	-1.391991E+0	4.043400E-12	
10/10/2022 10:37:49	-1.000000E+0	800.000000E-6	300.000000E-12	440.000000E-12	14.271000E+0	-1.391991E+0	110.100000E-15	
10/10/2022 10:37:55	-1.000000E+0	800.000000E-6	300.000000E-12	440.000000E-12	14.271000E+0	-1.391991E+0	1.490300E-12	
10/10/2022 10:38:01	-1.000000E+0	800.000000E-6	310.000000E-12	440.000000E-12	14.280000E+0	-1.397083E+0	3.779000E-12	
10/10/2022 10:38:06	-1.000000E+0	800.000000E-6	300.000000E-12	440.000000E-12	14.229000E+0	-1.397083E+0	276.900000E-15	
10/10/2022 10:38:12	-1.000000E+0	800.000000E-6	300.000000E-12	440.000000E-12	14.229000E+0	-1.397083E+0	3.566200E-12	
10/10/2022 10:38:18	-1.000000E+0	800.000000E-6	300.000000E-12	440.000000E-12	14.283000E+0	-1.397083E+0	2.687300E-12	
10/10/2022 10:38:24	-1.000000E+0	800.000000E-6	300.000000E-12	440.000000E-12	14.232000E+0	-1.397083E+0	3.170700E-12	
10/10/2022 10:38:30	-1.000000E+0	800.000000E-6	300.000000E-12	440.000000E-12	14.337000E+0	-1.397083E+0	983.500000E-15	
10/10/2022 10:38:36	-1.000000E+0	800.000000E-6	300.000000E-12	440.000000E-12	14.241000E+0	-1.397083E+0	473.100000E-15	
10/10/2022 10:38:38	5.060000E-9	800.000000E-6	300.000000E-12	440.000000E-12	14.257000E+0	-1.397083E+0	992.800000E-15	
10/10/2022 10:38:39	-1.000000E+0	800.000000E-6	300.000000E-12	440.000000E-12	14.313000E+0	-1.391991E+0	1.828500E-12	
10/10/2022 10:38:45	-1.000000E+0	800.000000E-6	300.000000E-12	440.000000E-12	14.229000E+0	-1.397083E+0	274.900000E-15	
10/10/2022 10:38:51	-1.000000E+0	800.000000E-6	300.000000E-12	440.000000E-12	14.241000E+0	-1.397083E+0	1.849500E-12	
10/10/2022 10:38:56	-1.000000E+0	800.000000E-6	300.000000E-12	440.000000E-12	14.273000E+0	-1.397083E+0	2.807700E-12	
10/10/2022 10:39:02	-1.000000E+0	800.000000E-6	300.000000E-12	440.000000E-12	14.259000E+0	-1.397083E+0	3.796400E-12	
10/10/2022 10:39:07	-1.000000E+0	800.000000E-6	300.000000E-12	440.000000E-12	14.271000E+0	-1.391991E+0	2.054500E-12	
10/10/2022 10:39:12	-1.000000E+0	800.000000E-6	300.000000E-12	440.000000E-12	14.280000E+0	-1.397083E+0	948.900000E-15	
10/10/2022 10:39:18	-1.000000E+0	800.000000E-6	300.000000E-12	440.000000E-12	14.229000E+0	-1.391991E+0	694.300000E-15	
10/10/2022 10:39:23	-1.000000E+0	800.000000E-6	300.000000E-12	440.000000E-12	14.271000E+0	-1.391991E+0	2.278700E-12	
10/10/2022 10:39:28	-1.000000E+0	800.000000E-6	300.000000E-12	440.000000E-12	14.229000E+0	-1.386900E+0	1.305600E-12	
10/10/2022 10:39:34	-1.000000E+0	800.000000E-6	300.000000E-12	440.000000E-12	14.271000E+0	-1.386900E+0	2.570000E-12	
10/10/2022 10:39:39	-1.000000E+0	800.000000E-6	300.000000E-12	440.000000E-12	14.248000E+0	-1.386900E+0	3.364000E-12	
10/10/2022 10:39:43	5.060000E-9	800.000000E-6	300.000000E-12	440.000000E-12	14.187000E+0	-1.386900E+0	46.800000E-15	
10/10/2022 10:39:45	-1.000000E+0	800.000000E-6	300.000000E-12	440.000000E-12	14.224000E+0	-1.386900E+0	1.448100E-12	
10/10/2022 10:39:50	-1.000000E+0	800.000000E-6	300.000000E-12	440.000000E-12	14.229000E+0	-1.381809E+0	1.295700E-12	
10/10/2022 10:39:55	-1.000000E+0	800.000000E-6	300.000000E-12	440.000000E-12	14.269000E+0	-1.386900E+0	280.600000E-15	
10/10/2022 10:40:01	-1.000000E+0	800.000000E-6	300.000000E-12	440.000000E-12	14.273000E+0	-1.391991E+0	1.607400E-12	
10/10/2022 10:40:07	-1.000000E+0	800.000000E-6	300.000000E-12	440.000000E-12	14.256000E+0	-1.391991E+0	2.771400E-12	
10/10/2022 10:40:13	-1.000000E+0	800.000000E-6	300.000000E-12	440.000000E-12	14.238000E+0	-1.391991E+0	692.500000E-15	
10/10/2022 10:40:19	-1.000000E+0	800.000000E-6	300.000000E-12	440.000000E-12	14.187000E+0	-1.391991E+0	2.356500E-12	
10/10/2022 10:40:25	-1.000000E+0	800.000000E-6	300.000000E-12	440.000000E-12	14.214000E+0	-1.391991E+0	1.338600E-12	
10/10/2022 10:40:31	-1.000000E+0	800.000000E-6	300.000000E-12	440.000000E-12	14.245000E+0	-1.397083E+0	293.100000E-15	
10/10/2022 10:40:36	-1.000000E+0	800.000000E-6	300.000000E-12	440.000000E-12	14.271000E+0	-1.397083E+0	810.300000E-15	
10/10/2022 10:40:42	-1.000000E+0	800.000000E-6	300.000000E-12	440.000000E-12	14.229000E+0	-1.402174E+0	412.100000E-15	
10/10/2022 10:40:48	-1.000000E+0	800.000000E-6	300.000000E-12	440.000000E-12	14.240000E+0	-1.397083E+0	1.780400E-12	
10/10/2022 10:40:54	-1.000000E+0	800.000000E-6	300.000000E-12	440.000000E-12	14.296000E+0	-1.391991E+0	1.121400E-12	
10/10/2022 10:41:00	-1.000000E+0	800.000000E-6	300.000000E-12	440.000000E-12	14.313000E+0	-1.397083E+0	2.508000E-12	
10/10/2022 10:41:05	-1.000000E+0	800.000000E-6	300.000000E-12	440.000000E-12	14.260000E+0	-1.397083E+0	1.349900E-12	
10/10/2022 10:41:11	-1.000000E+0	800.000000E-6	300.000000E-12	430.000000E-12	14.271000E+0	-1.391991E+0	2.032100E-12	
10/10/2022 10:41:17	-1.000000E+0	800.000000E-6	300.000000E-12	440.000000E-12	14.229000E+0	-1.391991E+0	900.800000E-15	
10/10/2022 10:41:23	-1.000000E+0	800.000000E-6	300.000000E-12	440.000000E-12	14.268000E+0	-1.391991E+0	3.791300E-12	
10/10/2022 10:41:29	-1.000000E+0	800.000000E-6	300.000000E-12	440.000000E-12	14.262000E+0	-1.391991E+0	613.500000E-15	
10/10/2022 10:41:35	-1.000000E+0	800.000000E-6	300.000000E-12	440.000000E-12	14.262000E+0	-1.391991E+0	2.174400E-12	
10/10/2022 10:41:41	-1.000000E+0	800.000000E-6	300.000000E-12	440.000000E-12	14.238000E+0	-1.391991E+0	709.100000E-15	
10/10/2022 10:41:47	-1.000000E+0	800.000000E-6	300.000000E-12	440.000000E-12	14.229000E+0	-1.391991E+0	945.700000E-15	
10/10/2022 10:41:53	-1.000000E+0	800.000000E-6	300.000000E-12	440.000000E-12	14.231000E+0	-1.397083E+0	1.095000E-12	
10/10/2022 10:41:59	-1.000000E+0	800.000000E-6	300.000000E-12	430.000000E-12	14.254000E+0	-1.397083E+0	491.600000E-15	
10/10/2022 10:42:00	5.060000E-9	800.000000E-6	300.000000E-12	440.000000E-12	14.245000E+0	-1.397083E+0	1.366700E-12	
10/10/2022 10:42:01	-1.000000E+0	800.000000E-6	300.000000E-12	440.000000E-12	14.277000E+0	-1.397083E+0	1.940100E-12	
10/10/2022 10:42:07	-1.000000E+0	800.000000E-6	300.000000E-12	430.000000E-12	14.207000E+0	-1.397083E+0	2.646600E-12	
10/10/2022 10:42:13	-1.000000E+0	800.000000E-6	300.000000E-12	430.000000E-12	14.238000E+0	-1.397083E+0	3.930600E-12	
10/10/2022 10:42:19	-1.000000E+0	800.000000E-6	300.000000E-12	430.000000E-12	14.229000E+0	-1.391991E+0	786.000000E-15	
10/10/2022 10:42:25	-1.000000E+0	800.000000E-6	300.000000E-12	440.000000E-12	14.243000E+0	-1.397083E+0	58.400000E-15	
10/10/2022 10:42:31	-1.000000E+0	800.000000E-6	300.000000E-12	440.000000E-12	14.276000E+0	-1.391991E+0	963.400000E-15	
10/10/2022 10:42:36	-1.000000E+0	800.000000E-6	300.000000E-12	430.000000E-12	14.216000E+0	-1.391991E+0	773.300000E-15	
10/10/2022 10:42:42	-1.000000E+0	800.000000E-6	300.000000E-12	430.000000E-12	14.278000E+0	-1.386900E+0	654.700000E-15	
10/10/2022 10:42:48	-1.000000E+0	800.000000E-6	300.000000E-12	430.000000E-12	14.271000E+0	-1.391991E+0	1.238300E-12	
10/10/2022 10:42:54	-1.000000E+0	800.000000E-6	300.000000E-12	430.000000E-12	14.229000E+0	-1.386900E+0	3.109000E-12	
10/10/2022 10:43:00	-1.000000E+0	800.000000E-6	300.000000E-12	430.000000E-12	14.228000E+0	-1.391991E+0	607.300000E-15	
10/10/2022 10:43:06	-1.000000E+0	800.000000E-6	300.000000E-12	430.000000E-12	14.187000E+0	-1.391991E+0	179.400000E-15	
10/10/2022 10:43:07	5.060000E-9	800.000000E-6	300.000000E-12	430.000000E-12	14.172000E+0	-1.391991E+0	2.041800E-12	
10/10/2022 10:43:08	-1.000000E+0	800.000000E-6	300.000000E-12	430.000000E-12	14.246000E+0	-1.391991E+0	46.300000E-15	
10/10/2022 10:43:15	-1.000000E+0	800.000000E-6	300.000000E-12	430.000000E-12	14.213000E+0	-1.391991E+0	1.574400E-12	
10/10/2022 10:43:20	-1.000000E+0	800.000000E-6	300.000000E-12	430.000000E-12	14.271000E+0	-1.391991E+0	976.700000E-15	
10/10/2022 10:43:26	-1.000000E+0	800.000000E-6	300.000000E-12	430.000000E-12	14.187000E+0	-1.386900E+0	147.200000E-15	
10/10/2022 10:43:32	-1.000000E+0	800.000000E-6	300.000000E-12	430.000000E-12	14.234000E+0	-1.386900E+0	578.800000E-15	
10/10/2022 10:43:37	-1.000000E+0	800.000000E-6	300.000000E-12	430.000000E-12	14.187000E+0	-1.391991E+0	26.000000E-15	
10/10/2022 10:43:43	-1.000000E+0	800.000000E-6	300.000000E-12	430.000000E-12	14.248000E+0	-1.397083E+0	1.115500E-12	
10/10/2022 10:43:49	-1.000000E+0	800.000000E-6	300.000000E-12	430.000000E-12	14.271000E+0	-1.397083E+0	1.048800E-12	
10/10/2022 10:43:54	5.060000E-9	800.000000E-6	300.000000E-12	430.000000E-12	14.240000E+0	-1.397083E+0	746.500000E-15	
10/10/2022 10:43:55	-1.000000E+0	800.000000E-6	300.000000E-12	430.000000E-12	14.229000E+0	-1.397083E+0	370.600000E-15	
10/10/2022 10:44:01	-1.000000E+0	800.000000E-6	300.000000E-12	430.000000E-12	14.271000E+0	-1.397083E+0	2.187700E-12	
10/10/2022 10:44:06	-1.000000E+0	800.000000E-6	300.000000E-12	430.000000E-12	14.271000E+0	-1.397083E+0	2.653600E-12	
10/10/2022 10:44:12	-1.000000E+0	800.000000E-6	300.000000E-12	430.000000E-12	14.271000E+0	-1.391991E+0	2.190200E-12	
10/10/2022 10:44:18	-1.000000E+0	800.000000E-6	300.000000E-12	430.000000E-12	14.282000E+0	-1.391991E+0	670.800000E-15	
10/10/2022 10:44:24	-1.000000E+0	800.000000E-6	300.000000E-12	430.000000E-12	14.271000E+0	-1.391991E+0	2.250300E-12	
10/10/2022 10:44:30	-1.000000E+0	800.000000E-6	300.000000E-12	430.000000E-12	14.232000E+0	-1.391991E+0	1.872500E-12	
10/10/2022 10:44:36	-1.000000E+0	800.000000E-6	300.000000E-12	430.000000E-12	14.187000E+0	-1.397083E+0	456.500000E-15	
10/10/2022 10:44:42	-1.000000E+0	800.000000E-6	300.000000E-12	430.000000E-12	14.229000E+0	-1.391991E+0	2.808900E-12	
10/10/2022 10:44:48	-1.000000E+0	800.000000E-6	300.000000E-12	430.000000E-12	14.234000E+0	-1.391991E+0	1.725000E-12	
10/10/2022 10:44:54	-1.000000E+0	800.000000E-6	300.000000E-12	430.000000E-12	14.262000E+0	-1.391991E+0	1.913300E-12	
10/10/2022 10:44:59	-1.000000E+0	800.000000E-6	300.000000E-12	430.000000E-12	14.271000E+0	-1.391991E+0	3.513700E-12	
10/10/2022 10:45:05	-1.000000E+0	800.000000E-6	300.000000E-12	430.000000E-12	14.235000E+0	-1.397083E+0	2.504700E-12	
10/10/2022 10:45:11	-1.000000E+0	800.000000E-6	300.000000E-12	440.000000E-12	14.238000E+0	-1.397083E+0	82.600000E-15	
10/10/2022 10:45:17	-1.000000E+0	800.000000E-6	300.000000E-12	430.000000E-12	14.271000E+0	-1.397083E+0	1.495200E-12	
10/10/2022 10:45:23	-1.000000E+0	800.000000E-6	300.000000E-12	430.000000E-12	14.229000E+0	-1.391991E+0	695.100000E-15	
10/10/2022 10:45:29	-1.000000E+0	800.000000E-6	300.000000E-12	430.000000E-12	14.205000E+0	-1.391991E+0	1.162200E-12	
10/10/2022 10:45:35	-1.000000E+0	800.000000E-6	300.000000E-12	430.000000E-12	14.229000E+0	-1.391991E+0	4.438400E-12	
10/10/2022 10:45:41	-1.000000E+0	800.000000E-6	300.000000E-12	430.000000E-12	14.240000E+0	-1.391991E+0	2.310900E-12	
10/10/2022 10:45:47	-1.000000E+0	800.000000E-6	300.000000E-12	430.000000E-12	14.181000E+0	-1.391991E+0	396.400000E-15	
10/10/2022 10:45:53	-1.000000E+0	800.000000E-6	300.000000E-12	430.000000E-12	14.229000E+0	-1.397083E+0	1.412600E-12	
10/10/2022 10:45:58	-1.000000E+0	800.000000E-6	300.000000E-12	430.000000E-12	14.237000E+0	-1.397083E+0	3.129400E-12	
10/10/2022 10:46:00	5.060000E-9	800.000000E-6	300.000000E-12	430.000000E-12	14.218000E+0	-1.397083E+0	2.016700E-12	
10/10/2022 10:46:01	-1.000000E+0	800.000000E-6	300.000000E-12	430.000000E-12	14.214000E+0	-1.397083E+0	877.800000E-15	
10/10/2022 10:46:07	-1.000000E+0	800.000000E-6	300.000000E-12	430.000000E-12	14.218000E+0	-1.402174E+0	3.244500E-12	
10/10/2022 10:46:13	-1.000000E+0	800.000000E-6	300.000000E-12	430.000000E-12	14.229000E+0	-1.397083E+0	2.676100E-12	
10/10/2022 10:46:19	-1.000000E+0	800.000000E-6	300.000000E-12	430.000000E-12	14.248000E+0	-1.391991E+0	4.676400E-12	
10/10/2022 10:46:21	5.060000E-9	800.000000E-6	300.000000E-12	430.000000E-12	14.229000E+0	-1.391991E+0	3.917300E-12	
10/10/2022 10:46:22	-1.000000E+0	800.000000E-6	300.000000E-12	430.000000E-12	14.271000E+0	-1.397083E+0	4.612900E-12	
10/10/2022 10:46:28	-1.000000E+0	800.000000E-6	300.000000E-12	430.000000E-12	14.229000E+0	-1.391991E+0	467.000000E-15	
10/10/2022 10:46:29	5.060000E-9	800.000000E-6	300.000000E-12	430.000000E-12	14.229000E+0	-1.391991E+0	1.342300E-12	
10/10/2022 10:46:30	-1.000000E+0	800.000000E-6	300.000000E-12	430.000000E-12	14.187000E+0	-1.391991E+0	2.173800E-12	
10/10/2022 10:46:36	-1.000000E+0	800.000000E-6	300.000000E-12	430.000000E-12	14.271000E+0	-1.386900E+0	3.805100E-12	
10/10/2022 10:46:41	5.060000E-9	800.000000E-6	300.000000E-12	430.000000E-12	14.271000E+0	-1.391991E+0	619.500000E-15	
10/10/2022 10:46:43	-1.000000E+0	800.000000E-6	300.000000E-12	430.000000E-12	14.187000E+0	-1.391991E+0	2.190600E-12	
10/10/2022 10:46:48	-1.000000E+0	800.000000E-6	300.000000E-12	430.000000E-12	14.235000E+0	-1.391991E+0	2.456200E-12	
10/10/2022 10:46:54	-1.000000E+0	800.000000E-6	300.000000E-12	430.000000E-12	14.213000E+0	-1.397083E+0	4.548300E-12	
10/10/2022 10:47:00	-1.000000E+0	800.000000E-6	300.000000E-12	430.000000E-12	14.229000E+0	-1.391991E+0	3.242000E-12	
10/10/2022 10:47:06	-1.000000E+0	800.000000E-6	300.000000E-12	430.000000E-12	14.187000E+0	-1.397083E+0	364.800000E-15	
10/10/2022 10:47:12	-1.000000E+0	800.000000E-6	300.000000E-12	430.000000E-12	14.213000E+0	-1.391991E+0	2.629900E-12	
10/10/2022 10:47:18	-1.000000E+0	800.000000E-6	300.000000E-12	430.000000E-12	14.229000E+0	-1.391991E+0	1.396000E-12	
10/10/2022 10:47:24	-1.000000E+0	800.000000E-6	300.000000E-12	430.000000E-12	14.199000E+0	-1.391991E+0	930.000000E-15	
10/10/2022 10:47:30	-1.000000E+0	800.000000E-6	300.000000E-12	430.000000E-12	14.187000E+0	-1.397083E+0	1.268400E-12	
10/10/2022 10:47:36	-1.000000E+0	800.000000E-6	300.000000E-12	430.000000E-12	14.187000E+0	-1.397083E+0	1.321700E-12	
10/10/2022 10:47:41	-1.000000E+0	800.000000E-6	300.000000E-12	430.000000E-12	14.236000E+0	-1.391991E+0	4.249100E-12	
10/10/2022 10:47:47	-1.000000E+0	800.000000E-6	300.000000E-12	430.000000E-12	14.229000E+0	-1.391991E+0	2.098200E-12	
10/10/2022 10:47:53	-1.000000E+0	800.000000E-6	300.000000E-12	430.000000E-12	14.229000E+0	-1.391991E+0	1.460100E-12	
10/10/2022 10:47:58	-1.000000E+0	800.000000E-6	300.000000E-12	430.000000E-12	14.187000E+0	-1.386900E+0	1.456600E-12	
10/10/2022 10:48:04	-1.000000E+0	800.000000E-6	300.000000E-12	430.000000E-12	14.187000E+0	-1.391991E+0	114.300000E-15	
10/10/2022 10:48:10	-1.000000E+0	800.000000E-6	300.000000E-12	430.000000E-12	14.243000E+0	-1.391991E+0	2.793100E-12	
10/10/2022 10:48:16	-1.000000E+0	800.000000E-6	300.000000E-12	430.000000E-12	14.175000E+0	-1.391991E+0	424.200000E-15	
10/10/2022 10:48:22	5.060000E-9	800.000000E-6	300.000000E-12	430.000000E-12	14.187000E+0	-1.391991E+0	2.229500E-12	
10/10/2022 10:48:23	-1.000000E+0	800.000000E-6	300.000000E-12	430.000000E-12	14.145000E+0	-1.391991E+0	2.458400E-12	
10/10/2022 10:48:29	-1.000000E+0	800.000000E-6	300.000000E-12	430.000000E-12	14.221000E+0	-1.391991E+0	1.311200E-12	
10/10/2022 10:48:32	5.060000E-9	800.000000E-6	300.000000E-12	430.000000E-12	14.187000E+0	-1.397083E+0	3.216600E-12	
10/10/2022 10:48:33	-1.000000E+0	800.000000E-6	300.000000E-12	430.000000E-12	14.269000E+0	-1.397083E+0	415.200000E-15	
10/10/2022 10:48:39	-1.000000E+0	800.000000E-6	300.000000E-12	420.000000E-12	14.271000E+0	-1.397083E+0	3.072400E-12	
10/10/2022 10:48:45	-1.000000E+0	800.000000E-6	300.000000E-12	430.000000E-12	14.205000E+0	-1.397083E+0	3.831000E-12	
10/10/2022 10:48:51	-1.000000E+0	800.000000E-6	300.000000E-12	430.000000E-12	14.278000E+0	-1.397083E+0	3.780600E-12	
10/10/2022 10:48:57	-1.000000E+0	800.000000E-6	300.000000E-12	420.000000E-12	14.187000E+0	-1.397083E+0	4.983000E-12	
10/10/2022 10:49:02	-1.000000E+0	800.000000E-6	300.000000E-12	420.000000E-12	14.220000E+0	-1.397083E+0	2.084600E-12	
10/10/2022 10:49:08	-1.000000E+0	800.000000E-6	300.000000E-12	430.000000E-12	14.229000E+0	-1.397083E+0	4.599300E-12	
10/10/2022 10:49:14	-1.000000E+0	800.000000E-6	300.000000E-12	420.000000E-12	14.176000E+0	-1.397083E+0	5.679100E-12	
10/10/2022 10:49:19	-1.000000E+0	800.000000E-6	300.000000E-12	420.000000E-12	14.166000E+0	-1.391991E+0	3.288900E-12	
10/10/2022 10:49:25	-1.000000E+0	800.000000E-6	300.000000E-12	430.000000E-12	14.187000E+0	-1.397083E+0	1.643900E-12	
10/10/2022 10:49:31	-1.000000E+0	800.000000E-6	300.000000E-12	430.000000E-12	14.229000E+0	-1.397083E+0	8.900000E-15	
10/10/2022 10:49:37	-1.000000E+0	800.000000E-6	300.000000E-12	420.000000E-12	14.193000E+0	-1.397083E+0	1.669200E-12	
10/10/2022 10:49:38	5.060000E-9	800.000000E-6	300.000000E-12	420.000000E-12	14.259000E+0	-1.397083E+0	542.300000E-15	
10/10/2022 10:49:40	-1.000000E+0	800.000000E-6	300.000000E-12	420.000000E-12	14.271000E+0	-1.397083E+0	2.301600E-12	
10/10/2022 10:49:45	-1.000000E+0	800.000000E-6	300.000000E-12	430.000000E-12	14.300000E+0	-1.397083E+0	41.900000E-15	
10/10/2022 10:49:51	-1.000000E+0	800.000000E-6	300.000000E-12	420.000000E-12	14.187000E+0	-1.397083E+0	895.100000E-15	
10/10/2022 10:49:57	-1.000000E+0	800.000000E-6	300.000000E-12	420.000000E-12	14.209000E+0	-1.397083E+0	407.200000E-15	
10/10/2022 10:50:03	-1.000000E+0	800.000000E-6	300.000000E-12	420.000000E-12	14.229000E+0	-1.397083E+0	1.116800E-12	
10/10/2022 10:50:09	-1.000000E+0	800.000000E-6	300.000000E-12	420.000000E-12	14.229000E+0	-1.397083E+0	1.424000E-12	
10/10/2022 10:50:14	-1.000000E+0	800.000000E-6	300.000000E-12	420.000000E-12	14.230000E+0	-1.397083E+0	3.369300E-12	
10/10/2022 10:50:20	-1.000000E+0	800.000000E-6	300.000000E-12	420.000000E-12	14.187000E+0	-1.397083E+0	367.900000E-15	
10/10/2022 10:50:26	-1.000000E+0	800.000000E-6	300.000000E-12	420.000000E-12	14.210000E+0	-1.391991E+0	887.800000E-15	
10/10/2022 10:50:32	-1.000000E+0	800.000000E-6	290.000000E-12	420.000000E-12	14.229000E+0	-1.386900E+0	4.403600E-12	
10/10/2022 10:50:38	-1.000000E+0	800.000000E-6	300.000000E-12	420.000000E-12	14.180000E+0	-1.391991E+0	1.398600E-12	
10/10/2022 10:50:44	-1.000000E+0	800.000000E-6	300.000000E-12	420.000000E-12	14.258000E+0	-1.391991E+0	3.910500E-12	
10/10/2022 10:50:50	-1.000000E+0	800.000000E-6	300.000000E-12	420.000000E-12	14.187000E+0	-1.391991E+0	865.000000E-15	
10/10/2022 10:50:56	-1.000000E+0	800.000000E-6	300.000000E-12	420.000000E-12	14.229000E+0	-1.391991E+0	1.502600E-12	
10/10/2022 10:51:01	-1.000000E+0	800.000000E-6	300.000000E-12	420.000000E-12	14.213000E+0	-1.391991E+0	1.772200E-12	
10/10/2022 10:51:07	-1.000000E+0	800.000000E-6	300.000000E-12	420.000000E-12	14.228000E+0	-1.391991E+0	499.300000E-15	
10/10/2022 10:51:13	-1.000000E+0	800.000000E-6	290.000000E-12	420.000000E-12	14.145000E+0	-1.391991E+0	766.200000E-15	
10/10/2022 10:51:19	-1.000000E+0	800.000000E-6	290.000000E-12	420.000000E-12	14.213000E+0	-1.391991E+0	168.600000E-15	
10/10/2022 10:51:25	-1.000000E+0	800.000000E-6	300.000000E-12	420.000000E-12	14.214000E+0	-1.397083E+0	318.500000E-15	
10/10/2022 10:51:31	-1.000000E+0	800.000000E-6	290.000000E-12	420.000000E-12	14.145000E+0	-1.397083E+0	3.276700E-12	
10/10/2022 10:51:32	5.060000E-9	800.000000E-6	290.000000E-12	420.000000E-12	14.187000E+0	-1.391991E+0	212.400000E-15	
10/10/2022 10:51:33	-1.000000E+0	800.000000E-6	290.000000E-12	420.000000E-12	14.209000E+0	-1.391991E+0	3.319000E-12	
10/10/2022 10:51:39	-1.000000E+0	800.000000E-6	300.000000E-12	420.000000E-12	14.229000E+0	-1.391991E+0	597.300000E-15	
10/10/2022 10:51:41	5.060000E-9	800.000000E-6	290.000000E-12	420.000000E-12	14.313000E+0	-1.391991E+0	837.600000E-15	
10/10/2022 10:51:42	-1.000000E+0	800.000000E-6	300.000000E-12	420.000000E-12	14.253000E+0	-1.391991E+0	2.310400E-12	
10/10/2022 10:51:44	5.060000E-9	800.000000E-6	300.000000E-12	420.000000E-12	14.239000E+0	-1.386900E+0	4.250600E-12	
10/10/2022 10:51:45	-1.000000E+0	800.000000E-6	300.000000E-12	420.000000E-12	14.145000E+0	-1.391991E+0	2.734000E-12	
10/10/2022 10:51:51	-1.000000E+0	800.000000E-6	300.000000E-12	420.000000E-12	14.203000E+0	-1.391991E+0	1.216400E-12	
10/10/2022 10:51:57	-1.000000E+0	800.000000E-6	290.000000E-12	420.000000E-12	14.229000E+0	-1.391991E+0	4.161900E-12	
10/10/2022 10:52:02	-1.000000E+0	800.000000E-6	300.000000E-12	420.000000E-12	14.242000E+0	-1.391991E+0	510.800000E-15	
10/10/2022 10:52:08	-1.000000E+0	800.000000E-6	300.000000E-12	420.000000E-12	14.174000E+0	-1.391991E+0	1.893800E-12	
10/10/2022 10:52:14	-1.000000E+0	800.000000E-6	290.000000E-12	420.000000E-12	14.145000E+0	-1.391991E+0	2.717000E-12	
10/10/2022 10:52:19	5.060000E-9	800.000000E-6	290.000000E-12	420.000000E-12	14.251000E+0	-1.386900E+0	127.600000E-15	
10/10/2022 10:52:20	-1.000000E+0	800.000000E-6	290.000000E-12	420.000000E-12	14.187000E+0	-1.386900E+0	933.200000E-15	
10/10/2022 10:52:23	5.060000E-9	800.000000E-6	300.000000E-12	420.000000E-12	14.229000E+0	-1.391991E+0	469.100000E-15	
10/10/2022 10:52:24	-1.000000E+0	800.000000E-6	290.000000E-12	420.000000E-12	14.205000E+0	-1.386900E+0	1.587900E-12	
10/10/2022 10:52:30	-1.000000E+0	800.000000E-6	290.000000E-12	420.000000E-12	14.187000E+0	-1.386900E+0	3.333900E-12	
10/10/2022 10:52:36	-1.000000E+0	800.000000E-6	290.000000E-12	420.000000E-12	14.202000E+0	-1.386900E+0	1.238300E-12	
10/10/2022 10:52:42	-1.000000E+0	800.000000E-6	290.000000E-12	420.000000E-12	14.193000E+0	-1.391991E+0	3.588800E-12	
10/10/2022 10:52:48	-1.000000E+0	800.000000E-6	290.000000E-12	420.000000E-12	14.187000E+0	-1.391991E+0	1.733200E-12	
10/10/2022 10:52:53	-1.000000E+0	800.000000E-6	290.000000E-12	420.000000E-12	14.229000E+0	-1.391991E+0	336.400000E-15	
10/10/2022 10:52:59	-1.000000E+0	800.000000E-6	290.000000E-12	420.000000E-12	14.204000E+0	-1.391991E+0	2.539200E-12	
10/10/2022 10:53:05	-1.000000E+0	800.000000E-6	290.000000E-12	420.000000E-12	14.229000E+0	-1.402174E+0	983.300000E-15	
10/10/2022 10:53:11	-1.000000E+0	800.000000E-6	290.000000E-12	420.000000E-12	14.248000E+0	-1.397083E+0	4.719700E-12	
10/10/2022 10:53:18	-1.000000E+0	800.000000E-6	290.000000E-12	420.000000E-12	14.230000E+0	-1.397083E+0	4.250500E-12	
10/10/2022 10:53:23	-1.000000E+0	800.000000E-6	290.000000E-12	420.000000E-12	14.271000E+0	-1.397083E+0	1.292200E-12	
10/10/2022 10:53:29	-1.000000E+0	800.000000E-6	290.000000E-12	420.000000E-12	14.210000E+0	-1.397083E+0	233.200000E-15	
10/10/2022 10:53:35	-1.000000E+0	800.000000E-6	300.000000E-12	420.000000E-12	14.209000E+0	-1.397083E+0	925.200000E-15	
10/10/2022 10:53:39	5.060000E-9	800.000000E-6	300.000000E-12	420.000000E-12	14.200000E+0	-1.397083E+0	2.902200E-12	
10/10/2022 10:53:40	-1.000000E+0	800.000000E-6	300.000000E-12	420.000000E-12	14.229000E+0	-1.397083E+0	5.119000E-12	
10/10/2022 10:53:46	-1.000000E+0	800.000000E-6	290.000000E-12	420.000000E-12	14.224000E+0	-1.397083E+0	3.018900E-12	
10/10/2022 10:53:52	-1.000000E+0	800.000000E-6	290.000000E-12	420.000000E-12	14.266000E+0	-1.397083E+0	608.200000E-15	
10/10/2022 10:53:55	5.060000E-9	800.000000E-6	290.000000E-12	420.000000E-12	14.209000E+0	-1.397083E+0	1.915500E-12	
10/10/2022 10:53:57	-1.000000E+0	800.000000E-6	290.000000E-12	420.000000E-12	14.229000E+0	-1.391991E+0	1.972900E-12	
10/10/2022 10:54:03	-1.000000E+0	800.000000E-6	290.000000E-12	420.000000E-12	14.230000E+0	-1.391991E+0	44.900000E-15	
10/10/2022 10:54:08	-1.000000E+0	800.000000E-6	290.000000E-12	420.000000E-12	14.247000E+0	-1.397083E+0	25.800000E-15	
10/10/2022 10:54:15	-1.000000E+0	800.000000E-6	290.000000E-12	420.000000E-12	14.274000E+0	-1.397083E+0	2.073300E-12	
10/10/2022 10:54:21	-1.000000E+0	800.000000E-6	300.000000E-12	420.000000E-12	14.216000E+0	-1.397083E+0	1.643600E-12	
10/10/2022 10:54:27	-1.000000E+0	800.000000E-6	290.000000E-12	420.000000E-12	14.271000E+0	-1.391991E+0	3.915300E-12	
10/10/2022 10:54:32	-1.000000E+0	800.000000E-6	290.000000E-12	420.000000E-12	14.244000E+0	-1.391991E+0	127.100000E-15	
10/10/2022 10:54:38	-1.000000E+0	800.000000E-6	290.000000E-12	420.000000E-12	14.187000E+0	-1.391991E+0	1.584700E-12	
10/10/2022 10:54:44	-1.000000E+0	800.000000E-6	290.000000E-12	420.000000E-12	14.313000E+0	-1.391991E+0	714.100000E-15	
10/10/2022 10:54:50	5.060000E-9	800.000000E-6	290.000000E-12	420.000000E-12	14.178000E+0	-1.397083E+0	1.058800E-12	
10/10/2022 10:54:51	-1.000000E+0	800.000000E-6	290.000000E-12	420.000000E-12	14.187000E+0	-1.391991E+0	1.093500E-12	
10/10/2022 10:54:57	-1.000000E+0	800.000000E-6	290.000000E-12	420.000000E-12	14.213000E+0	-1.391991E+0	3.649400E-12	
10/10/2022 10:55:03	-1.000000E+0	800.000000E-6	290.000000E-12	420.000000E-12	14.229000E+0	-1.397083E+0	3.810800E-12	
10/10/2022 10:55:09	-1.000000E+0	800.000000E-6	290.000000E-12	420.000000E-12	14.229000E+0	-1.391991E+0	3.016400E-12	
10/10/2022 10:55:12	5.060000E-9	800.000000E-6	290.000000E-12	420.000000E-12	14.145000E+0	-1.391991E+0	2.363000E-12	
10/10/2022 10:55:13	-1.000000E+0	800.000000E-6	290.000000E-12	420.000000E-12	14.255000E+0	-1.391991E+0	524.600000E-15	
10/10/2022 10:55:19	-1.000000E+0	800.000000E-6	290.000000E-12	420.000000E-12	14.229000E+0	-1.391991E+0	4.803900E-12	
10/10/2022 10:55:25	-1.000000E+0	800.000000E-6	290.000000E-12	420.000000E-12	14.271000E+0	-1.391991E+0	942.900000E-15	
10/10/2022 10:55:27	5.060000E-9	800.000000E-6	290.000000E-12	420.000000E-12	14.229000E+0	-1.391991E+0	2.012700E-12	
10/10/2022 10:55:29	-1.000000E+0	800.000000E-6	290.000000E-12	420.000000E-12	14.229000E+0	-1.391991E+0	445.000000E-15	
10/10/2022 10:55:35	-1.000000E+0	800.000000E-6	290.000000E-12	420.000000E-12	14.225000E+0	-1.391991E+0	1.780700E-12	
10/10/2022 10:55:40	-1.000000E+0	800.000000E-6	290.000000E-12	420.000000E-12	14.180000E+0	-1.391991E+0	3.603400E-12	
10/10/2022 10:55:46	-1.000000E+0	800.000000E-6	290.000000E-12	420.000000E-12	14.229000E+0	-1.391991E+0	1.144100E-12	
10/10/2022 10:55:52	-1.000000E+0	800.000000E-6	290.000000E-12	420.000000E-12	14.187000E+0	-1.391991E+0	738.900000E-15	
10/10/2022 10:55:58	-1.000000E+0	800.000000E-6	290.000000E-12	420.000000E-12	14.212000E+0	-1.391991E+0	1.011400E-12	
10/10/2022 10:56:04	-1.000000E+0	800.000000E-6	290.000000E-12	420.000000E-12	14.216000E+0	-1.391991E+0	282.400000E-15	
10/10/2022 10:56:07	5.060000E-9	800.000000E-6	290.000000E-12	420.000000E-12	14.198000E+0	-1.391991E+0	2.556000E-12	
10/10/2022 10:56:08	-1.000000E+0	800.000000E-6	290.000000E-12	420.000000E-12	14.204000E+0	-1.391991E+0	4.247400E-12	
10/10/2022 10:56:14	-1.000000E+0	800.000000E-6	290.000000E-12	420.000000E-12	14.227000E+0	-1.386900E+0	2.855400E-12	
10/10/2022 10:56:19	-1.000000E+0	800.000000E-6	290.000000E-12	420.000000E-12	14.163000E+0	-1.391991E+0	560.300000E-15	
10/10/2022 10:56:25	-1.000000E+0	800.000000E-6	290.000000E-12	420.000000E-12	14.201000E+0	-1.391991E+0	1.587200E-12	
10/10/2022 10:56:28	5.060000E-9	800.000000E-6	290.000000E-12	420.000000E-12	14.174000E+0	-1.391991E+0	1.480100E-12	
10/10/2022 10:56:29	-1.000000E+0	800.000000E-6	290.000000E-12	420.000000E-12	14.187000E+0	-1.397083E+0	1.528400E-12	
10/10/2022 10:56:35	-1.000000E+0	800.000000E-6	290.000000E-12	420.000000E-12	14.242000E+0	-1.391991E+0	2.105400E-12	
10/10/2022 10:56:41	-1.000000E+0	800.000000E-6	290.000000E-12	420.000000E-12	14.166000E+0	-1.391991E+0	1.343300E-12	
10/10/2022 10:56:47	-1.000000E+0	800.000000E-6	290.000000E-12	420.000000E-12	14.271000E+0	-1.391991E+0	438.800000E-15	
10/10/2022 10:56:52	-1.000000E+0	800.000000E-6	290.000000E-12	420.000000E-12	14.177000E+0	-1.391991E+0	98.000000E-15	
10/10/2022 10:56:58	-1.000000E+0	800.000000E-6	290.000000E-12	420.000000E-12	14.196000E+0	-1.397083E+0	938.000000E-15	
10/10/2022 10:57:04	-1.000000E+0	800.000000E-6	290.000000E-12	420.000000E-12	14.229000E+0	-1.391991E+0	877.400000E-15	
10/10/2022 10:57:05	5.060000E-9	800.000000E-6	290.000000E-12	420.000000E-12	14.229000E+0	-1.391991E+0	1.419300E-12	
10/10/2022 10:57:06	-1.000000E+0	800.000000E-6	290.000000E-12	420.000000E-12	14.168000E+0	-1.391991E+0	2.297200E-12	
10/10/2022 10:57:12	-1.000000E+0	800.000000E-6	290.000000E-12	420.000000E-12	14.229000E+0	-1.391991E+0	2.275200E-12	
10/10/2022 10:57:18	-1.000000E+0	800.000000E-6	290.000000E-12	420.000000E-12	14.218000E+0	-1.391991E+0	453.800000E-15	
10/10/2022 10:57:24	-1.000000E+0	800.000000E-6	290.000000E-12	420.000000E-12	14.249000E+0	-1.391991E+0	940.700000E-15	
10/10/2022 10:57:26	5.060000E-9	800.000000E-6	290.000000E-12	420.000000E-12	14.199000E+0	-1.391991E+0	1.572200E-12	
10/10/2022 10:57:28	-1.000000E+0	800.000000E-6	290.000000E-12	420.000000E-12	14.229000E+0	-1.391991E+0	305.700000E-15	
10/10/2022 10:57:34	-1.000000E+0	800.000000E-6	290.000000E-12	420.000000E-12	14.245000E+0	-1.391991E+0	4.100300E-12	
10/10/2022 10:57:39	-1.000000E+0	800.000000E-6	290.000000E-12	420.000000E-12	14.224000E+0	-1.397083E+0	2.388300E-12	
10/10/2022 10:57:45	-1.000000E+0	800.000000E-6	290.000000E-12	420.000000E-12	14.187000E+0	-1.391991E+0	628.500000E-15	
10/10/2022 10:57:51	-1.000000E+0	800.000000E-6	290.000000E-12	420.000000E-12	14.212000E+0	-1.391991E+0	881.000000E-15	
10/10/2022 10:57:57	-1.000000E+0	800.000000E-6	290.000000E-12	420.000000E-12	14.271000E+0	-1.386900E+0	602.800000E-15	
10/10/2022 10:58:02	-1.000000E+0	800.000000E-6	290.000000E-12	420.000000E-12	14.187000E+0	-1.391991E+0	2.066300E-12	
10/10/2022 10:58:08	-1.000000E+0	800.000000E-6	290.000000E-12	420.000000E-12	14.171000E+0	-1.391991E+0	148.300000E-15	
10/10/2022 10:58:12	5.060000E-9	800.000000E-6	290.000000E-12	420.000000E-12	14.145000E+0	-1.391991E+0	848.900000E-15	
10/10/2022 10:58:13	-1.000000E+0	800.000000E-6	290.000000E-12	420.000000E-12	14.271000E+0	-1.391991E+0	61.600000E-15	
10/10/2022 10:58:19	-1.000000E+0	800.000000E-6	290.000000E-12	420.000000E-12	14.229000E+0	-1.391991E+0	1.562400E-12	
10/10/2022 10:58:25	-1.000000E+0	800.000000E-6	290.000000E-12	420.000000E-12	14.195000E+0	-1.391991E+0	1.387300E-12	
10/10/2022 10:58:30	-1.000000E+0	800.000000E-6	290.000000E-12	420.000000E-12	14.229000E+0	-1.397083E+0	613.600000E-15	
10/10/2022 10:58:36	-1.000000E+0	800.000000E-6	290.000000E-12	420.000000E-12	14.208000E+0	-1.391991E+0	1.400900E-12	
10/10/2022 10:58:42	-1.000000E+0	800.000000E-6	290.000000E-12	420.000000E-12	14.145000E+0	-1.391991E+0	509.700000E-15	
10/10/2022 10:58:48	-1.000000E+0	800.000000E-6	290.000000E-12	420.000000E-12	14.168000E+0	-1.391991E+0	974.400000E-15	
10/10/2022 10:58:54	-1.000000E+0	800.000000E-6	290.000000E-12	420.000000E-12	14.187000E+0	-1.397083E+0	4.167100E-12	
10/10/2022 10:59:00	-1.000000E+0	800.000000E-6	290.000000E-12	420.000000E-12	14.187000E+0	-1.391991E+0	1.526100E-12	
10/10/2022 10:59:05	-1.000000E+0	800.000000E-6	290.000000E-12	420.000000E-12	14.178000E+0	-1.391991E+0	3.881600E-12	
10/10/2022 10:59:11	-1.000000E+0	800.000000E-6	290.000000E-12	420.000000E-12	14.205000E+0	-1.391991E+0	3.001700E-12	
10/10/2022 10:59:17	-1.000000E+0	800.000000E-6	290.000000E-12	420.000000E-12	14.229000E+0	-1.391991E+0	3.385500E-12	
10/10/2022 10:59:23	-1.000000E+0	800.000000E-6	290.000000E-12	420.000000E-12	14.220000E+0	-1.391991E+0	387.900000E-15	
10/10/2022 10:59:29	-1.000000E+0	800.000000E-6	290.000000E-12	420.000000E-12	14.177000E+0	-1.391991E+0	864.100000E-15	
10/10/2022 10:59:33	5.060000E-9	800.000000E-6	290.000000E-12	420.000000E-12	14.229000E+0	-1.391991E+0	3.742900E-12	
10/10/2022 10:59:34	-1.000000E+0	800.000000E-6	290.000000E-12	420.000000E-12	14.187000E+0	-1.391991E+0	3.677700E-12	
10/10/2022 10:59:40	-1.000000E+0	800.000000E-6	290.000000E-12	420.000000E-12	14.176000E+0	-1.391991E+0	4.558000E-12	
10/10/2022 10:59:46	-1.000000E+0	800.000000E-6	290.000000E-12	420.000000E-12	14.183000E+0	-1.397083E+0	2.152500E-12	
10/10/2022 10:59:52	-1.000000E+0	800.000000E-6	290.000000E-12	420.000000E-12	14.187000E+0	-1.397083E+0	3.355100E-12	
10/10/2022 10:59:58	-1.000000E+0	800.000000E-6	290.000000E-12	420.000000E-12	14.208000E+0	-1.391991E+0	675.500000E-15	
10/10/2022 11:00:04	-1.000000E+0	800.000000E-6	290.000000E-12	420.000000E-12	14.229000E+0	-1.391991E+0	5.218200E-12	
10/10/2022 11:00:10	-1.000000E+0	800.000000E-6	290.000000E-12	420.000000E-12	14.229000E+0	-1.391991E+0	662.000000E-15	
10/10/2022 11:00:16	-1.000000E+0	800.000000E-6	290.000000E-12	420.000000E-12	14.206000E+0	-1.391991E+0	6.490500E-12	
10/10/2022 11:00:22	-1.000000E+0	800.000000E-6	290.000000E-12	420.000000E-12	14.236000E+0	-1.397083E+0	166.700000E-15	
10/10/2022 11:00:23	5.060000E-9	800.000000E-6	290.000000E-12	420.000000E-12	14.198000E+0	-1.397083E+0	116.800000E-15	
10/10/2022 11:00:24	-1.000000E+0	800.000000E-6	290.000000E-12	420.000000E-12	14.221000E+0	-1.397083E+0	537.300000E-15	
10/10/2022 11:00:30	-1.000000E+0	800.000000E-6	290.000000E-12	420.000000E-12	14.237000E+0	-1.397083E+0	2.828000E-12	
10/10/2022 11:00:36	-1.000000E+0	800.000000E-6	290.000000E-12	420.000000E-12	14.187000E+0	-1.391991E+0	5.044100E-12	
10/10/2022 11:00:42	-1.000000E+0	800.000000E-6	290.000000E-12	420.000000E-12	14.200000E+0	-1.391991E+0	3.120000E-12	
10/10/2022 11:00:48	-1.000000E+0	800.000000E-6	290.000000E-12	410.000000E-12	14.174000E+0	-1.391991E+0	584.900000E-15	
10/10/2022 11:00:54	-1.000000E+0	800.000000E-6	290.000000E-12	420.000000E-12	14.187000E+0	-1.391991E+0	2.540800E-12	
10/10/2022 11:01:00	-1.000000E+0	800.000000E-6	290.000000E-12	410.000000E-12	14.210000E+0	-1.386900E+0	829.900000E-15	
10/10/2022 11:01:06	-1.000000E+0	800.000000E-6	290.000000E-12	420.000000E-12	14.180000E+0	-1.391991E+0	3.557300E-12	
10/10/2022 11:01:11	-1.000000E+0	800.000000E-6	290.000000E-12	420.000000E-12	14.187000E+0	-1.391991E+0	2.381200E-12	
10/10/2022 11:01:17	-1.000000E+0	800.000000E-6	290.000000E-12	420.000000E-12	14.231000E+0	-1.391991E+0	1.531500E-12	
10/10/2022 11:01:23	-1.000000E+0	800.000000E-6	290.000000E-12	420.000000E-12	14.216000E+0	-1.391991E+0	195.700000E-15	
10/10/2022 11:01:26	5.060000E-9	800.000000E-6	290.000000E-12	420.000000E-12	14.232000E+0	-1.391991E+0	2.536400E-12	
10/10/2022 11:01:27	-1.000000E+0	800.000000E-6	290.000000E-12	420.000000E-12	14.187000E+0	-1.391991E+0	966.500000E-15	
10/10/2022 11:01:33	-1.000000E+0	800.000000E-6	290.000000E-12	420.000000E-12	14.253000E+0	-1.391991E+0	2.426900E-12	
10/10/2022 11:01:39	-1.000000E+0	800.000000E-6	290.000000E-12	410.000000E-12	14.178000E+0	-1.391991E+0	1.133300E-12	
10/10/2022 11:01:45	-1.000000E+0	800.000000E-6	290.000000E-12	410.000000E-12	14.192000E+0	-1.397083E+0	195.800000E-15	
10/10/2022 11:01:51	-1.000000E+0	800.000000E-6	290.000000E-12	420.000000E-12	14.193000E+0	-1.391991E+0	5.213200E-12	
10/10/2022 11:01:56	-1.000000E+0	800.000000E-6	290.000000E-12	420.000000E-12	14.271000E+0	-1.391991E+0	1.899300E-12	
10/10/2022 11:02:02	-1.000000E+0	800.000000E-6	290.000000E-12	420.000000E-12	14.187000E+0	-1.397083E+0	3.601600E-12	
10/10/2022 11:02:08	-1.000000E+0	800.000000E-6	290.000000E-12	420.000000E-12	14.170000E+0	-1.397083E+0	1.122600E-12	
10/10/2022 11:02:13	5.060000E-9	800.000000E-6	290.000000E-12	420.000000E-12	14.229000E+0	-1.391991E+0	2.776600E-12	
10/10/2022 11:02:14	-1.000000E+0	800.000000E-6	290.000000E-12	420.000000E-12	14.271000E+0	-1.391991E+0	1.115000E-12	
10/10/2022 11:02:20	-1.000000E+0	800.000000E-6	290.000000E-12	420.000000E-12	14.180000E+0	-1.397083E+0	31.500000E-15	
10/10/2022 11:02:26	-1.000000E+0	800.000000E-6	290.000000E-12	420.000000E-12	14.204000E+0	-1.391991E+0	557.700000E-15	
10/10/2022 11:02:32	-1.000000E+0	800.000000E-6	290.000000E-12	410.000000E-12	14.145000E+0	-1.391991E+0	1.217300E-12	
10/10/2022 11:02:33	5.060000E-9	800.000000E-6	290.000000E-12	410.000000E-12	14.229000E+0	-1.391991E+0	2.241800E-12	
10/10/2022 11:02:34	-1.000000E+0	800.000000E-6	290.000000E-12	410.000000E-12	14.203000E+0	-1.391991E+0	902.300000E-15	
10/10/2022 11:02:40	-1.000000E+0	800.000000E-6	290.000000E-12	410.000000E-12	14.229000E+0	-1.391991E+0	655.000000E-15	
10/10/2022 11:02:46	-1.000000E+0	800.000000E-6	290.000000E-12	420.000000E-12	14.218000E+0	-1.386900E+0	1.056800E-12	
10/10/2022 11:02:52	-1.000000E+0	800.000000E-6	290.000000E-12	410.000000E-12	14.250000E+0	-1.391991E+0	4.967300E-12	
10/10/2022 11:02:58	-1.000000E+0	800.000000E-6	290.000000E-12	410.000000E-12	14.229000E+0	-1.391991E+0	2.253600E-12	
10/10/2022 11:03:04	-1.000000E+0	800.000000E-6	290.000000E-12	420.000000E-12	14.187000E+0	-1.391991E+0	1.364600E-12	
10/10/2022 11:03:10	-1.000000E+0	800.000000E-6	290.000000E-12	410.000000E-12	14.221000E+0	-1.391991E+0	306.900000E-15	
10/10/2022 11:03:16	5.060000E-9	800.000000E-6	290.000000E-12	410.000000E-12	14.183000E+0	-1.391991E+0	1.072000E-12	
10/10/2022 11:03:17	-1.000000E+0	800.000000E-6	290.000000E-12	410.000000E-12	14.205000E+0	-1.391991E+0	275.400000E-15	
10/10/2022 11:03:19	5.060000E-9	800.000000E-6	290.000000E-12	410.000000E-12	14.178000E+0	-1.391991E+0	390.300000E-15	
10/10/2022 11:03:20	-1.000000E+0	800.000000E-6	290.000000E-12	410.000000E-12	14.187000E+0	-1.391991E+0	1.116300E-12	
10/10/2022 11:03:26	-1.000000E+0	800.000000E-6	290.000000E-12	410.000000E-12	14.204000E+0	-1.397083E+0	374.000000E-15	
10/10/2022 11:03:31	-1.000000E+0	800.000000E-6	290.000000E-12	410.000000E-12	14.229000E+0	-1.391991E+0	691.300000E-15	
10/10/2022 11:03:33	5.060000E-9	800.000000E-6	290.000000E-12	410.000000E-12	14.145000E+0	-1.391991E+0	1.360600E-12	
10/10/2022 11:03:34	-1.000000E+0	800.000000E-6	290.000000E-12	410.000000E-12	14.187000E+0	-1.391991E+0	45.400000E-15	
10/10/2022 11:03:40	-1.000000E+0	800.000000E-6	290.000000E-12	410.000000E-12	14.229000E+0	-1.391991E+0	1.198000E-12	
10/10/2022 11:03:46	-1.000000E+0	800.000000E-6	290.000000E-12	410.000000E-12	14.198000E+0	-1.391991E+0	117.700000E-15	
10/10/2022 11:03:52	-1.000000E+0	800.000000E-6	290.000000E-12	410.000000E-12	14.208000E+0	-1.397083E+0	1.055200E-12	
10/10/2022 11:03:57	-1.000000E+0	800.000000E-6	290.000000E-12	420.000000E-12	14.187000E+0	-1.391991E+0	558.600000E-15	
10/10/2022 11:04:02	5.060000E-9	800.000000E-6	290.000000E-12	420.000000E-12	14.205000E+0	-1.391991E+0	3.458300E-12	
10/10/2022 11:04:03	-1.000000E+0	800.000000E-6	290.000000E-12	420.000000E-12	14.205000E+0	-1.391991E+0	1.447700E-12	
10/10/2022 11:04:09	-1.000000E+0	800.000000E-6	290.000000E-12	410.000000E-12	14.199000E+0	-1.391991E+0	2.705500E-12	
10/10/2022 11:04:15	-1.000000E+0	800.000000E-6	290.000000E-12	410.000000E-12	14.271000E+0	-1.386900E+0	4.500900E-12	
10/10/2022 11:04:22	-1.000000E+0	800.000000E-6	290.000000E-12	410.000000E-12	14.133000E+0	-1.386900E+0	849.000000E-15	
10/10/2022 11:04:28	-1.000000E+0	800.000000E-6	290.000000E-12	410.000000E-12	14.229000E+0	-1.391991E+0	423.800000E-15	
10/10/2022 11:04:33	-1.000000E+0	800.000000E-6	290.000000E-12	410.000000E-12	14.229000E+0	-1.391991E+0	963.900000E-15	
10/10/2022 11:04:39	-1.000000E+0	800.000000E-6	290.000000E-12	410.000000E-12	14.193000E+0	-1.391991E+0	2.483600E-12	
10/10/2022 11:04:45	-1.000000E+0	800.000000E-6	290.000000E-12	410.000000E-12	14.187000E+0	-1.397083E+0	3.228700E-12	
10/10/2022 11:04:51	-1.000000E+0	800.000000E-6	290.000000E-12	410.000000E-12	14.229000E+0	-1.391991E+0	5.673900E-12	
10/10/2022 11:04:57	-1.000000E+0	800.000000E-6	290.000000E-12	410.000000E-12	14.186000E+0	-1.391991E+0	1.511400E-12	
10/10/2022 11:05:03	-1.000000E+0	800.000000E-6	290.000000E-12	410.000000E-12	14.187000E+0	-1.391991E+0	526.900000E-15	
10/10/2022 11:05:09	-1.000000E+0	800.000000E-6	290.000000E-12	410.000000E-12	14.145000E+0	-1.391991E+0	425.200000E-15	
10/10/2022 11:05:15	-1.000000E+0	800.000000E-6	290.000000E-12	410.000000E-12	14.208000E+0	-1.397083E+0	1.348000E-12	
10/10/2022 11:05:21	-1.000000E+0	800.000000E-6	290.000000E-12	410.000000E-12	14.209000E+0	-1.397083E+0	4.165200E-12	
10/10/2022 11:05:27	-1.000000E+0	800.000000E-6	290.000000E-12	410.000000E-12	14.187000E+0	-1.397083E+0	1.957800E-12	
10/10/2022 11:05:33	-1.000000E+0	800.000000E-6	290.000000E-12	410.000000E-12	14.181000E+0	-1.397083E+0	4.628400E-12	
10/10/2022 11:05:39	-1.000000E+0	800.000000E-6	290.000000E-12	410.000000E-12	14.185000E+0	-1.391991E+0	2.798000E-12	
10/10/2022 11:05:44	-1.000000E+0	800.000000E-6	290.000000E-12	410.000000E-12	14.103000E+0	-1.397083E+0	421.600000E-15	
10/10/2022 11:05:50	-1.000000E+0	800.000000E-6	290.000000E-12	410.000000E-12	14.189000E+0	-1.391991E+0	3.713400E-12	
10/10/2022 11:05:55	-1.000000E+0	800.000000E-6	290.000000E-12	410.000000E-12	14.271000E+0	-1.391991E+0	4.487500E-12	
10/10/2022 11:06:01	-1.000000E+0	800.000000E-6	290.000000E-12	410.000000E-12	14.203000E+0	-1.391991E+0	1.277300E-12	
10/10/2022 11:06:07	-1.000000E+0	800.000000E-6	290.000000E-12	410.000000E-12	14.262000E+0	-1.386900E+0	2.776200E-12	
10/10/2022 11:06:13	-1.000000E+0	800.000000E-6	290.000000E-12	410.000000E-12	14.197000E+0	-1.386900E+0	911.100000E-15	
10/10/2022 11:06:19	-1.000000E+0	800.000000E-6	290.000000E-12	410.000000E-12	14.229000E+0	-1.386900E+0	1.040600E-12	
10/10/2022 11:06:25	-1.000000E+0	800.000000E-6	290.000000E-12	410.000000E-12	14.238000E+0	-1.386900E+0	1.465700E-12	
10/10/2022 11:06:30	-1.000000E+0	800.000000E-6	290.000000E-12	410.000000E-12	14.185000E+0	-1.391991E+0	2.576100E-12	
10/10/2022 11:06:36	-1.000000E+0	800.000000E-6	290.000000E-12	410.000000E-12	14.185000E+0	-1.397083E+0	7.906400E-12	
