Time	Full_Range_Turbo	Pirani_1	Penning_1	Penning_2	Injection	XHVTrap	I_Em	Live comments
10/10/2022 11:07:55	-1.000000E+0	800.000000E-6	290.000000E-12	410.000000E-12	14.119000E+0	-1.386900E+0	0.000000E+0	
10/10/2022 11:08:01	-1.000000E+0	800.000000E-6	290.000000E-12	410.000000E-12	14.155000E+0	-1.386900E+0	2.311000E-12	
10/10/2022 11:08:04	5.060000E-9	800.000000E-6	290.000000E-12	410.000000E-12	14.173000E+0	-1.386900E+0	2.449200E-12	
10/10/2022 11:08:05	-1.000000E+0	800.000000E-6	290.000000E-12	410.000000E-12	14.145000E+0	-1.386900E+0	1.493200E-12	
10/10/2022 11:08:06	-1.000000E+0	800.000000E-6	290.000000E-12	410.000000E-12	14.229000E+0	-1.386900E+0	2.024800E-12	Grid 0V, EGA bias -2000V, I_Em measured on sample, sample, EGA LV @0V.
10/10/2022 11:08:12	-1.000000E+0	800.000000E-6	290.000000E-12	410.000000E-12	14.205000E+0	-1.386900E+0	3.542700E-12	
10/10/2022 11:08:18	-1.000000E+0	800.000000E-6	290.000000E-12	410.000000E-12	14.216000E+0	-1.386900E+0	4.951000E-12	
10/10/2022 11:08:24	-1.000000E+0	800.000000E-6	290.000000E-12	410.000000E-12	14.229000E+0	-1.391991E+0	1.226100E-12	
10/10/2022 11:08:30	-1.000000E+0	800.000000E-6	290.000000E-12	410.000000E-12	14.239000E+0	-1.391991E+0	33.688000E-12	
10/10/2022 11:08:36	-1.000000E+0	800.000000E-6	290.000000E-12	410.000000E-12	14.271000E+0	-1.391991E+0	7.722900E-9	
10/10/2022 11:08:37	-1.000000E+0	800.000000E-6	300.000000E-12	450.000000E-12	14.178000E+0	-1.391991E+0	54.513000E-9	
10/10/2022 11:08:38	-1.000000E+0	800.000000E-6	350.000000E-12	670.000000E-12	14.245000E+0	-1.391991E+0	160.930000E-9	
10/10/2022 11:08:39	-1.000000E+0	800.000000E-6	700.000000E-12	2.100000E-9	14.215000E+0	-1.397083E+0	685.020000E-9	
10/10/2022 11:08:40	-1.000000E+0	800.000000E-6	1.700000E-9	4.400000E-9	14.187000E+0	-1.397083E+0	951.500000E-9	
10/10/2022 11:08:42	-1.000000E+0	800.000000E-6	2.200000E-9	5.000000E-9	14.145000E+0	-1.391991E+0	946.560000E-9	
10/10/2022 11:08:48	-1.000000E+0	800.000000E-6	2.300000E-9	5.100000E-9	14.213000E+0	-1.391991E+0	915.210000E-9	
10/10/2022 11:08:54	-1.000000E+0	800.000000E-6	2.300000E-9	5.100000E-9	14.188000E+0	-1.391991E+0	900.500000E-9	
10/10/2022 11:08:59	-1.000000E+0	800.000000E-6	2.300000E-9	5.100000E-9	14.229000E+0	-1.391991E+0	854.420000E-9	
10/10/2022 11:09:02	-1.000000E+0	800.000000E-6	2.300000E-9	5.200000E-9	14.179000E+0	-1.391991E+0	854.700000E-9	
10/10/2022 11:09:08	-1.000000E+0	800.000000E-6	2.400000E-9	5.200000E-9	14.189000E+0	-1.391991E+0	887.840000E-9	
10/10/2022 11:09:13	-1.000000E+0	800.000000E-6	2.400000E-9	5.300000E-9	14.225000E+0	-1.391991E+0	891.600000E-9	
10/10/2022 11:09:19	-1.000000E+0	800.000000E-6	2.400000E-9	5.300000E-9	14.145000E+0	-1.391991E+0	897.090000E-9	
10/10/2022 11:09:24	-1.000000E+0	800.000000E-6	2.500000E-9	5.300000E-9	14.201000E+0	-1.391991E+0	901.250000E-9	
10/10/2022 11:09:30	-1.000000E+0	800.000000E-6	2.500000E-9	5.300000E-9	14.187000E+0	-1.391991E+0	907.110000E-9	
10/10/2022 11:09:32	5.060000E-9	800.000000E-6	2.500000E-9	5.400000E-9	14.208000E+0	-1.386900E+0	909.470000E-9	
10/10/2022 11:09:33	-1.000000E+0	800.000000E-6	2.500000E-9	5.300000E-9	14.208000E+0	-1.391991E+0	909.840000E-9	
10/10/2022 11:09:39	-1.000000E+0	800.000000E-6	2.500000E-9	5.400000E-9	14.195000E+0	-1.391991E+0	915.270000E-9	
10/10/2022 11:09:45	-1.000000E+0	800.000000E-6	2.500000E-9	5.400000E-9	14.229000E+0	-1.391991E+0	919.860000E-9	
10/10/2022 11:09:51	-1.000000E+0	800.000000E-6	2.600000E-9	5.300000E-9	14.258000E+0	-1.391991E+0	923.760000E-9	
10/10/2022 11:09:57	-1.000000E+0	800.000000E-6	2.600000E-9	5.400000E-9	14.224000E+0	-1.391991E+0	927.660000E-9	
10/10/2022 11:10:03	-1.000000E+0	800.000000E-6	2.600000E-9	5.500000E-9	14.145000E+0	-1.391991E+0	932.230000E-9	
10/10/2022 11:10:09	-1.000000E+0	800.000000E-6	2.600000E-9	5.400000E-9	14.204000E+0	-1.391991E+0	935.100000E-9	
10/10/2022 11:10:15	-1.000000E+0	800.000000E-6	2.600000E-9	5.500000E-9	14.187000E+0	-1.391991E+0	938.790000E-9	
10/10/2022 11:10:17	-1.000000E+0	800.000000E-6	2.600000E-9	5.700000E-9	14.189000E+0	-1.391991E+0	939.150000E-9	
10/10/2022 11:10:18	-1.000000E+0	800.000000E-6	2.600000E-9	5.500000E-9	14.186000E+0	-1.391991E+0	940.180000E-9	
10/10/2022 11:10:24	-1.000000E+0	800.000000E-6	2.700000E-9	5.500000E-9	14.187000E+0	-1.391991E+0	942.160000E-9	
10/10/2022 11:10:30	-1.000000E+0	800.000000E-6	2.700000E-9	5.600000E-9	14.194000E+0	-1.391991E+0	945.450000E-9	
10/10/2022 11:10:36	-1.000000E+0	800.000000E-6	2.700000E-9	5.600000E-9	14.187000E+0	-1.391991E+0	946.380000E-9	
10/10/2022 11:10:41	-1.000000E+0	800.000000E-6	2.700000E-9	5.600000E-9	14.159000E+0	-1.391991E+0	949.790000E-9	
10/10/2022 11:10:47	-1.000000E+0	800.000000E-6	2.700000E-9	5.600000E-9	14.195000E+0	-1.391991E+0	950.880000E-9	
10/10/2022 11:10:53	-1.000000E+0	800.000000E-6	2.700000E-9	5.600000E-9	14.229000E+0	-1.391991E+0	951.800000E-9	
10/10/2022 11:10:59	-1.000000E+0	800.000000E-6	2.800000E-9	5.600000E-9	14.181000E+0	-1.391991E+0	953.860000E-9	
10/10/2022 11:11:05	-1.000000E+0	800.000000E-6	2.800000E-9	5.700000E-9	14.242000E+0	-1.391991E+0	955.180000E-9	
10/10/2022 11:11:11	-1.000000E+0	800.000000E-6	2.800000E-9	5.700000E-9	14.210000E+0	-1.391991E+0	955.160000E-9	
10/10/2022 11:11:17	-1.000000E+0	800.000000E-6	2.800000E-9	5.700000E-9	14.181000E+0	-1.391991E+0	957.590000E-9	
10/10/2022 11:11:23	-1.000000E+0	800.000000E-6	2.800000E-9	5.700000E-9	14.145000E+0	-1.391991E+0	957.890000E-9	
10/10/2022 11:11:29	-1.000000E+0	800.000000E-6	2.800000E-9	5.700000E-9	14.214000E+0	-1.391991E+0	959.270000E-9	
10/10/2022 11:11:34	-1.000000E+0	800.000000E-6	2.800000E-9	5.700000E-9	14.168000E+0	-1.391991E+0	959.810000E-9	
10/10/2022 11:11:40	-1.000000E+0	800.000000E-6	2.800000E-9	5.800000E-9	14.187000E+0	-1.391991E+0	959.260000E-9	
10/10/2022 11:11:46	-1.000000E+0	800.000000E-6	2.800000E-9	5.700000E-9	14.209000E+0	-1.391991E+0	961.020000E-9	
10/10/2022 11:11:52	-1.000000E+0	800.000000E-6	2.800000E-9	5.800000E-9	14.212000E+0	-1.397083E+0	962.150000E-9	
10/10/2022 11:11:58	-1.000000E+0	800.000000E-6	2.800000E-9	5.800000E-9	14.187000E+0	-1.397083E+0	963.570000E-9	
10/10/2022 11:12:04	-1.000000E+0	800.000000E-6	2.800000E-9	5.800000E-9	14.210000E+0	-1.391991E+0	964.400000E-9	
10/10/2022 11:12:10	-1.000000E+0	800.000000E-6	2.800000E-9	5.800000E-9	14.229000E+0	-1.391991E+0	965.330000E-9	
10/10/2022 11:12:16	-1.000000E+0	800.000000E-6	2.800000E-9	5.800000E-9	14.187000E+0	-1.391991E+0	965.630000E-9	
10/10/2022 11:12:20	5.060000E-9	800.000000E-6	2.800000E-9	5.800000E-9	14.185000E+0	-1.391991E+0	965.650000E-9	
10/10/2022 11:12:22	-1.000000E+0	800.000000E-6	2.800000E-9	5.800000E-9	14.271000E+0	-1.391991E+0	965.760000E-9	
10/10/2022 11:12:27	-1.000000E+0	800.000000E-6	2.800000E-9	5.800000E-9	14.145000E+0	-1.397083E+0	966.470000E-9	
10/10/2022 11:12:33	-1.000000E+0	800.000000E-6	2.800000E-9	5.800000E-9	14.241000E+0	-1.397083E+0	966.630000E-9	
10/10/2022 11:12:39	-1.000000E+0	800.000000E-6	2.800000E-9	5.800000E-9	14.229000E+0	-1.391991E+0	967.310000E-9	
10/10/2022 11:12:45	-1.000000E+0	800.000000E-6	2.800000E-9	5.800000E-9	14.206000E+0	-1.397083E+0	967.990000E-9	
10/10/2022 11:12:50	5.060000E-9	800.000000E-6	2.800000E-9	5.800000E-9	14.271000E+0	-1.391991E+0	967.250000E-9	
10/10/2022 11:12:51	-1.000000E+0	800.000000E-6	2.800000E-9	5.800000E-9	14.187000E+0	-1.391991E+0	967.510000E-9	
10/10/2022 11:12:57	-1.000000E+0	800.000000E-6	2.900000E-9	5.800000E-9	14.187000E+0	-1.397083E+0	967.650000E-9	
10/10/2022 11:13:03	-1.000000E+0	800.000000E-6	2.900000E-9	5.800000E-9	14.212000E+0	-1.397083E+0	968.710000E-9	
10/10/2022 11:13:09	-1.000000E+0	800.000000E-6	2.900000E-9	5.800000E-9	14.196000E+0	-1.397083E+0	968.260000E-9	
10/10/2022 11:13:15	-1.000000E+0	800.000000E-6	2.900000E-9	5.800000E-9	14.187000E+0	-1.391991E+0	968.140000E-9	
10/10/2022 11:13:21	-1.000000E+0	800.000000E-6	2.900000E-9	5.800000E-9	14.232000E+0	-1.397083E+0	968.680000E-9	
10/10/2022 11:13:26	-1.000000E+0	800.000000E-6	2.900000E-9	5.800000E-9	14.170000E+0	-1.391991E+0	968.430000E-9	
10/10/2022 11:13:32	-1.000000E+0	800.000000E-6	2.900000E-9	5.800000E-9	14.187000E+0	-1.391991E+0	969.770000E-9	
10/10/2022 11:13:36	5.060000E-9	800.000000E-6	2.900000E-9	5.800000E-9	14.201000E+0	-1.391991E+0	970.290000E-9	
10/10/2022 11:13:37	-1.000000E+0	800.000000E-6	2.900000E-9	5.800000E-9	14.164000E+0	-1.391991E+0	970.700000E-9	
10/10/2022 11:13:43	-1.000000E+0	800.000000E-6	2.900000E-9	5.900000E-9	14.207000E+0	-1.391991E+0	970.310000E-9	
10/10/2022 11:13:49	-1.000000E+0	800.000000E-6	2.900000E-9	5.800000E-9	14.103000E+0	-1.397083E+0	970.150000E-9	
10/10/2022 11:13:55	-1.000000E+0	800.000000E-6	2.900000E-9	5.900000E-9	14.174000E+0	-1.397083E+0	970.710000E-9	
10/10/2022 11:14:01	-1.000000E+0	800.000000E-6	2.900000E-9	5.800000E-9	14.187000E+0	-1.391991E+0	969.970000E-9	
10/10/2022 11:14:06	-1.000000E+0	800.000000E-6	2.900000E-9	5.800000E-9	14.225000E+0	-1.391991E+0	970.190000E-9	
10/10/2022 11:14:12	-1.000000E+0	800.000000E-6	2.900000E-9	5.900000E-9	14.187000E+0	-1.391991E+0	969.550000E-9	
10/10/2022 11:14:13	5.060000E-9	800.000000E-6	2.900000E-9	5.900000E-9	14.159000E+0	-1.391991E+0	970.400000E-9	
10/10/2022 11:14:15	-1.000000E+0	800.000000E-6	2.900000E-9	5.800000E-9	14.205000E+0	-1.391991E+0	969.630000E-9	
10/10/2022 11:14:20	-1.000000E+0	800.000000E-6	2.900000E-9	5.800000E-9	14.229000E+0	-1.391991E+0	969.540000E-9	
10/10/2022 11:14:26	-1.000000E+0	800.000000E-6	2.900000E-9	5.800000E-9	14.204000E+0	-1.391991E+0	969.380000E-9	
10/10/2022 11:14:32	-1.000000E+0	800.000000E-6	2.900000E-9	5.800000E-9	14.191000E+0	-1.391991E+0	969.090000E-9	
10/10/2022 11:14:38	5.060000E-9	800.000000E-6	2.900000E-9	5.900000E-9	14.187000E+0	-1.391991E+0	969.180000E-9	
10/10/2022 11:14:39	-1.000000E+0	800.000000E-6	2.900000E-9	5.900000E-9	14.145000E+0	-1.391991E+0	968.850000E-9	
10/10/2022 11:14:45	-1.000000E+0	800.000000E-6	2.900000E-9	5.800000E-9	14.198000E+0	-1.391991E+0	968.410000E-9	
10/10/2022 11:14:51	-1.000000E+0	800.000000E-6	2.900000E-9	5.800000E-9	14.224000E+0	-1.391991E+0	969.170000E-9	
10/10/2022 11:14:57	-1.000000E+0	800.000000E-6	2.900000E-9	5.800000E-9	14.246000E+0	-1.391991E+0	968.750000E-9	
10/10/2022 11:15:03	-1.000000E+0	800.000000E-6	2.900000E-9	5.900000E-9	14.247000E+0	-1.391991E+0	970.500000E-9	
10/10/2022 11:15:09	-1.000000E+0	800.000000E-6	2.900000E-9	5.900000E-9	14.229000E+0	-1.391991E+0	970.250000E-9	
10/10/2022 11:15:15	-1.000000E+0	800.000000E-6	2.900000E-9	5.800000E-9	14.229000E+0	-1.397083E+0	970.480000E-9	
10/10/2022 11:15:20	5.060000E-9	800.000000E-6	2.900000E-9	5.800000E-9	14.189000E+0	-1.397083E+0	969.060000E-9	
10/10/2022 11:15:22	-1.000000E+0	800.000000E-6	2.900000E-9	5.800000E-9	14.179000E+0	-1.397083E+0	969.860000E-9	
10/10/2022 11:15:28	-1.000000E+0	800.000000E-6	2.900000E-9	5.800000E-9	14.210000E+0	-1.397083E+0	970.430000E-9	
10/10/2022 11:15:33	-1.000000E+0	800.000000E-6	2.900000E-9	5.800000E-9	14.229000E+0	-1.391991E+0	969.870000E-9	
10/10/2022 11:15:39	-1.000000E+0	800.000000E-6	2.900000E-9	5.900000E-9	14.238000E+0	-1.397083E+0	969.340000E-9	
10/10/2022 11:15:45	5.060000E-9	800.000000E-6	2.900000E-9	5.900000E-9	14.203000E+0	-1.397083E+0	969.290000E-9	
10/10/2022 11:15:46	-1.000000E+0	800.000000E-6	2.900000E-9	5.900000E-9	14.195000E+0	-1.397083E+0	969.930000E-9	
10/10/2022 11:15:52	-1.000000E+0	800.000000E-6	2.900000E-9	5.800000E-9	14.145000E+0	-1.391991E+0	969.590000E-9	
10/10/2022 11:15:58	-1.000000E+0	800.000000E-6	2.900000E-9	5.900000E-9	14.197000E+0	-1.391991E+0	969.060000E-9	
10/10/2022 11:16:04	-1.000000E+0	800.000000E-6	2.900000E-9	5.900000E-9	14.181000E+0	-1.391991E+0	968.530000E-9	
10/10/2022 11:16:10	-1.000000E+0	800.000000E-6	2.900000E-9	5.800000E-9	14.145000E+0	-1.391991E+0	970.190000E-9	
10/10/2022 11:16:16	-1.000000E+0	800.000000E-6	2.900000E-9	5.800000E-9	14.187000E+0	-1.397083E+0	969.730000E-9	
10/10/2022 11:16:22	-1.000000E+0	800.000000E-6	2.900000E-9	5.900000E-9	14.183000E+0	-1.391991E+0	969.520000E-9	
10/10/2022 11:16:28	-1.000000E+0	800.000000E-6	2.900000E-9	5.900000E-9	14.187000E+0	-1.391991E+0	968.830000E-9	
10/10/2022 11:16:34	-1.000000E+0	800.000000E-6	2.900000E-9	5.800000E-9	14.205000E+0	-1.391991E+0	968.570000E-9	
10/10/2022 11:16:40	-1.000000E+0	800.000000E-6	2.900000E-9	5.800000E-9	14.166000E+0	-1.391991E+0	968.410000E-9	
10/10/2022 11:16:41	5.060000E-9	800.000000E-6	2.900000E-9	5.900000E-9	14.216000E+0	-1.391991E+0	968.500000E-9	
10/10/2022 11:16:42	-1.000000E+0	800.000000E-6	2.900000E-9	5.800000E-9	14.160000E+0	-1.391991E+0	967.190000E-9	
10/10/2022 11:16:48	-1.000000E+0	800.000000E-6	2.900000E-9	5.800000E-9	14.187000E+0	-1.397083E+0	968.340000E-9	
10/10/2022 11:16:54	-1.000000E+0	800.000000E-6	2.900000E-9	5.900000E-9	14.197000E+0	-1.397083E+0	968.660000E-9	
10/10/2022 11:17:00	-1.000000E+0	800.000000E-6	2.900000E-9	5.800000E-9	14.137000E+0	-1.397083E+0	967.780000E-9	
10/10/2022 11:17:05	-1.000000E+0	800.000000E-6	2.900000E-9	5.800000E-9	14.145000E+0	-1.397083E+0	967.160000E-9	
10/10/2022 11:17:10	5.060000E-9	800.000000E-6	2.900000E-9	5.800000E-9	14.194000E+0	-1.391991E+0	968.510000E-9	
10/10/2022 11:17:11	-1.000000E+0	800.000000E-6	2.900000E-9	5.800000E-9	14.191000E+0	-1.397083E+0	968.020000E-9	
10/10/2022 11:17:17	-1.000000E+0	800.000000E-6	2.900000E-9	5.800000E-9	14.204000E+0	-1.391991E+0	967.800000E-9	
10/10/2022 11:17:23	-1.000000E+0	800.000000E-6	2.900000E-9	5.800000E-9	14.229000E+0	-1.391991E+0	966.970000E-9	
10/10/2022 11:17:29	-1.000000E+0	800.000000E-6	2.900000E-9	5.800000E-9	14.174000E+0	-1.391991E+0	967.160000E-9	
10/10/2022 11:17:35	5.060000E-9	800.000000E-6	2.900000E-9	5.900000E-9	14.157000E+0	-1.397083E+0	965.800000E-9	
10/10/2022 11:17:36	-1.000000E+0	800.000000E-6	2.900000E-9	5.800000E-9	14.238000E+0	-1.391991E+0	967.360000E-9	
10/10/2022 11:17:42	-1.000000E+0	800.000000E-6	2.900000E-9	5.800000E-9	14.145000E+0	-1.391991E+0	967.800000E-9	
10/10/2022 11:17:48	-1.000000E+0	800.000000E-6	2.900000E-9	5.800000E-9	14.207000E+0	-1.391991E+0	966.930000E-9	
10/10/2022 11:17:53	5.060000E-9	800.000000E-6	2.900000E-9	5.800000E-9	14.165000E+0	-1.391991E+0	967.520000E-9	
10/10/2022 11:17:54	-1.000000E+0	800.000000E-6	2.900000E-9	5.800000E-9	14.182000E+0	-1.386900E+0	967.530000E-9	
10/10/2022 11:18:00	-1.000000E+0	800.000000E-6	2.900000E-9	5.800000E-9	14.145000E+0	-1.391991E+0	966.950000E-9	
10/10/2022 11:18:06	-1.000000E+0	800.000000E-6	2.900000E-9	5.800000E-9	14.190000E+0	-1.391991E+0	967.170000E-9	
10/10/2022 11:18:12	-1.000000E+0	800.000000E-6	2.900000E-9	5.800000E-9	14.202000E+0	-1.391991E+0	965.710000E-9	
10/10/2022 11:18:17	5.060000E-9	800.000000E-6	2.900000E-9	5.900000E-9	14.187000E+0	-1.391991E+0	965.870000E-9	
10/10/2022 11:18:19	-1.000000E+0	800.000000E-6	2.900000E-9	5.800000E-9	14.229000E+0	-1.397083E+0	966.190000E-9	
10/10/2022 11:18:24	-1.000000E+0	800.000000E-6	2.900000E-9	5.800000E-9	14.208000E+0	-1.391991E+0	966.110000E-9	
10/10/2022 11:18:30	-1.000000E+0	800.000000E-6	2.800000E-9	5.800000E-9	14.187000E+0	-1.391991E+0	966.130000E-9	
10/10/2022 11:18:35	5.060000E-9	800.000000E-6	2.900000E-9	5.800000E-9	14.226000E+0	-1.391991E+0	965.940000E-9	
10/10/2022 11:18:36	-1.000000E+0	800.000000E-6	2.900000E-9	5.800000E-9	14.187000E+0	-1.391991E+0	966.080000E-9	
10/10/2022 11:18:42	-1.000000E+0	800.000000E-6	2.900000E-9	5.800000E-9	14.231000E+0	-1.391991E+0	966.120000E-9	
10/10/2022 11:18:48	-1.000000E+0	800.000000E-6	2.800000E-9	5.800000E-9	14.187000E+0	-1.391991E+0	966.240000E-9	
10/10/2022 11:18:54	-1.000000E+0	800.000000E-6	2.800000E-9	5.800000E-9	14.160000E+0	-1.391991E+0	965.100000E-9	
10/10/2022 11:19:00	-1.000000E+0	800.000000E-6	2.800000E-9	5.800000E-9	14.187000E+0	-1.386900E+0	965.050000E-9	
10/10/2022 11:19:05	-1.000000E+0	800.000000E-6	2.900000E-9	5.800000E-9	14.182000E+0	-1.386900E+0	965.240000E-9	
10/10/2022 11:19:11	-1.000000E+0	800.000000E-6	2.800000E-9	5.800000E-9	14.187000E+0	-1.386900E+0	964.630000E-9	
10/10/2022 11:19:17	-1.000000E+0	800.000000E-6	2.900000E-9	5.800000E-9	14.229000E+0	-1.391991E+0	964.590000E-9	
10/10/2022 11:19:23	-1.000000E+0	800.000000E-6	2.800000E-9	5.800000E-9	14.210000E+0	-1.386900E+0	965.240000E-9	
10/10/2022 11:19:29	-1.000000E+0	800.000000E-6	2.800000E-9	5.800000E-9	14.229000E+0	-1.391991E+0	964.250000E-9	
10/10/2022 11:19:35	-1.000000E+0	800.000000E-6	2.800000E-9	5.800000E-9	14.191000E+0	-1.397083E+0	964.600000E-9	
10/10/2022 11:19:41	-1.000000E+0	800.000000E-6	2.800000E-9	5.800000E-9	14.180000E+0	-1.397083E+0	964.460000E-9	
10/10/2022 11:19:47	-1.000000E+0	800.000000E-6	2.800000E-9	5.800000E-9	14.229000E+0	-1.397083E+0	963.640000E-9	
10/10/2022 11:19:52	-1.000000E+0	800.000000E-6	2.800000E-9	5.800000E-9	14.209000E+0	-1.391991E+0	963.640000E-9	
10/10/2022 11:19:58	-1.000000E+0	800.000000E-6	2.800000E-9	5.800000E-9	14.196000E+0	-1.391991E+0	963.620000E-9	
10/10/2022 11:20:04	-1.000000E+0	800.000000E-6	2.800000E-9	5.800000E-9	14.179000E+0	-1.391991E+0	963.790000E-9	
10/10/2022 11:20:10	-1.000000E+0	800.000000E-6	2.800000E-9	5.800000E-9	14.187000E+0	-1.391991E+0	964.010000E-9	
10/10/2022 11:20:16	5.060000E-9	800.000000E-6	2.800000E-9	5.800000E-9	14.187000E+0	-1.391991E+0	964.370000E-9	
10/10/2022 11:20:17	-1.000000E+0	800.000000E-6	2.800000E-9	5.800000E-9	14.187000E+0	-1.391991E+0	963.840000E-9	
10/10/2022 11:20:23	-1.000000E+0	800.000000E-6	2.800000E-9	5.800000E-9	14.193000E+0	-1.386900E+0	964.030000E-9	
10/10/2022 11:20:29	-1.000000E+0	800.000000E-6	2.800000E-9	5.800000E-9	14.145000E+0	-1.386900E+0	962.470000E-9	
10/10/2022 11:20:35	-1.000000E+0	800.000000E-6	2.800000E-9	5.800000E-9	14.145000E+0	-1.386900E+0	962.970000E-9	
10/10/2022 11:20:41	-1.000000E+0	800.000000E-6	2.800000E-9	5.800000E-9	14.172000E+0	-1.386900E+0	963.510000E-9	
10/10/2022 11:20:47	-1.000000E+0	800.000000E-6	2.800000E-9	5.800000E-9	14.187000E+0	-1.386900E+0	962.770000E-9	
10/10/2022 11:20:52	-1.000000E+0	800.000000E-6	2.800000E-9	5.800000E-9	14.194000E+0	-1.391991E+0	964.200000E-9	
10/10/2022 11:20:58	-1.000000E+0	800.000000E-6	2.800000E-9	5.800000E-9	14.168000E+0	-1.391991E+0	961.650000E-9	
10/10/2022 11:21:04	-1.000000E+0	800.000000E-6	2.800000E-9	5.800000E-9	14.229000E+0	-1.391991E+0	961.590000E-9	
10/10/2022 11:21:10	-1.000000E+0	800.000000E-6	2.800000E-9	5.800000E-9	14.225000E+0	-1.391991E+0	961.930000E-9	
10/10/2022 11:21:16	-1.000000E+0	800.000000E-6	2.800000E-9	5.800000E-9	14.187000E+0	-1.397083E+0	961.310000E-9	
10/10/2022 11:21:22	-1.000000E+0	800.000000E-6	2.800000E-9	5.800000E-9	14.204000E+0	-1.391991E+0	961.340000E-9	
10/10/2022 11:21:28	-1.000000E+0	800.000000E-6	2.800000E-9	5.800000E-9	14.154000E+0	-1.391991E+0	962.050000E-9	
10/10/2022 11:21:33	-1.000000E+0	800.000000E-6	2.800000E-9	5.800000E-9	14.187000E+0	-1.397083E+0	962.520000E-9	
10/10/2022 11:21:39	-1.000000E+0	800.000000E-6	2.800000E-9	5.800000E-9	14.144000E+0	-1.391991E+0	961.160000E-9	
10/10/2022 11:21:45	-1.000000E+0	800.000000E-6	2.800000E-9	5.800000E-9	14.187000E+0	-1.391991E+0	961.700000E-9	
10/10/2022 11:21:51	-1.000000E+0	800.000000E-6	2.800000E-9	5.800000E-9	14.178000E+0	-1.391991E+0	961.980000E-9	
10/10/2022 11:21:57	-1.000000E+0	800.000000E-6	2.800000E-9	5.800000E-9	14.176000E+0	-1.391991E+0	961.380000E-9	
10/10/2022 11:22:03	-1.000000E+0	800.000000E-6	2.800000E-9	5.800000E-9	14.145000E+0	-1.391991E+0	961.770000E-9	
10/10/2022 11:22:05	5.060000E-9	800.000000E-6	2.800000E-9	5.800000E-9	14.206000E+0	-1.391991E+0	961.940000E-9	
10/10/2022 11:22:06	-1.000000E+0	800.000000E-6	2.800000E-9	5.800000E-9	14.218000E+0	-1.391991E+0	961.310000E-9	
10/10/2022 11:22:12	-1.000000E+0	800.000000E-6	2.800000E-9	5.800000E-9	14.145000E+0	-1.397083E+0	961.560000E-9	
10/10/2022 11:22:18	-1.000000E+0	800.000000E-6	2.800000E-9	5.800000E-9	14.194000E+0	-1.391991E+0	960.930000E-9	
10/10/2022 11:22:24	-1.000000E+0	800.000000E-6	2.800000E-9	5.800000E-9	14.174000E+0	-1.397083E+0	960.470000E-9	
10/10/2022 11:22:30	-1.000000E+0	800.000000E-6	2.800000E-9	5.700000E-9	14.229000E+0	-1.391991E+0	961.460000E-9	
10/10/2022 11:22:36	-1.000000E+0	800.000000E-6	2.800000E-9	5.800000E-9	14.199000E+0	-1.391991E+0	960.720000E-9	
10/10/2022 11:22:42	-1.000000E+0	800.000000E-6	2.800000E-9	5.800000E-9	14.175000E+0	-1.391991E+0	960.360000E-9	
10/10/2022 11:22:48	-1.000000E+0	800.000000E-6	2.800000E-9	5.800000E-9	14.229000E+0	-1.391991E+0	960.490000E-9	
10/10/2022 11:22:54	-1.000000E+0	800.000000E-6	2.800000E-9	5.800000E-9	14.174000E+0	-1.391991E+0	960.040000E-9	
10/10/2022 11:22:59	-1.000000E+0	800.000000E-6	2.800000E-9	5.800000E-9	14.229000E+0	-1.397083E+0	959.390000E-9	
10/10/2022 11:23:05	-1.000000E+0	800.000000E-6	2.800000E-9	5.700000E-9	14.187000E+0	-1.397083E+0	960.610000E-9	
10/10/2022 11:23:11	-1.000000E+0	800.000000E-6	2.800000E-9	5.700000E-9	14.181000E+0	-1.391991E+0	960.990000E-9	
10/10/2022 11:23:17	-1.000000E+0	800.000000E-6	2.800000E-9	5.700000E-9	14.191000E+0	-1.386900E+0	959.020000E-9	
10/10/2022 11:23:23	-1.000000E+0	800.000000E-6	2.800000E-9	5.800000E-9	14.187000E+0	-1.391991E+0	958.630000E-9	
10/10/2022 11:23:29	-1.000000E+0	800.000000E-6	2.800000E-9	5.800000E-9	14.191000E+0	-1.391991E+0	958.420000E-9	
10/10/2022 11:23:35	-1.000000E+0	800.000000E-6	2.800000E-9	5.700000E-9	14.156000E+0	-1.386900E+0	958.040000E-9	
10/10/2022 11:23:41	-1.000000E+0	800.000000E-6	2.800000E-9	5.800000E-9	14.229000E+0	-1.386900E+0	958.840000E-9	
10/10/2022 11:23:47	-1.000000E+0	800.000000E-6	2.800000E-9	5.700000E-9	14.186000E+0	-1.391991E+0	959.460000E-9	
10/10/2022 11:23:53	-1.000000E+0	800.000000E-6	2.800000E-9	5.700000E-9	14.145000E+0	-1.397083E+0	959.150000E-9	
10/10/2022 11:23:55	5.060000E-9	800.000000E-6	2.800000E-9	5.700000E-9	14.145000E+0	-1.397083E+0	959.900000E-9	
10/10/2022 11:23:56	-1.000000E+0	800.000000E-6	2.800000E-9	5.800000E-9	14.146000E+0	-1.397083E+0	960.150000E-9	
10/10/2022 11:24:02	-1.000000E+0	800.000000E-6	2.800000E-9	5.800000E-9	14.203000E+0	-1.391991E+0	958.980000E-9	
10/10/2022 11:24:08	-1.000000E+0	800.000000E-6	2.800000E-9	5.800000E-9	14.145000E+0	-1.391991E+0	959.580000E-9	
10/10/2022 11:24:12	5.060000E-9	800.000000E-6	2.800000E-9	5.800000E-9	14.212000E+0	-1.391991E+0	959.630000E-9	
10/10/2022 11:24:13	-1.000000E+0	800.000000E-6	2.800000E-9	5.800000E-9	14.183000E+0	-1.391991E+0	959.850000E-9	
10/10/2022 11:24:19	-1.000000E+0	800.000000E-6	2.800000E-9	5.700000E-9	14.187000E+0	-1.402174E+0	959.970000E-9	
10/10/2022 11:24:25	-1.000000E+0	800.000000E-6	2.800000E-9	5.700000E-9	14.145000E+0	-1.407265E+0	959.800000E-9	
10/10/2022 11:24:28	-1.000000E+0	800.000000E-6	2.700000E-9	5.600000E-9	14.182000E+0	-1.397083E+0	787.810000E-9	
10/10/2022 11:24:29	-1.000000E+0	800.000000E-6	2.300000E-9	4.700000E-9	14.149000E+0	-1.397083E+0	560.220000E-9	
10/10/2022 11:24:30	-1.000000E+0	800.000000E-6	1.900000E-9	3.900000E-9	14.147000E+0	-1.397083E+0	342.350000E-9	
10/10/2022 11:24:32	-1.000000E+0	800.000000E-6	1.500000E-9	3.000000E-9	14.143000E+0	-1.397083E+0	169.315000E-9	
10/10/2022 11:24:33	-1.000000E+0	800.000000E-6	1.200000E-9	2.300000E-9	14.187000E+0	-1.397083E+0	58.970000E-9	
10/10/2022 11:24:34	-1.000000E+0	800.000000E-6	1.000000E-9	1.900000E-9	14.187000E+0	-1.397083E+0	15.871800E-9	
10/10/2022 11:24:35	-1.000000E+0	800.000000E-6	940.000000E-12	1.700000E-9	14.187000E+0	-1.397083E+0	3.307800E-9	
10/10/2022 11:24:36	-1.000000E+0	800.000000E-6	870.000000E-12	1.600000E-9	14.145000E+0	-1.397083E+0	468.120000E-12	
10/10/2022 11:24:38	-1.000000E+0	800.000000E-6	840.000000E-12	1.500000E-9	14.125000E+0	-1.391991E+0	62.805700E-12	
10/10/2022 11:24:39	-1.000000E+0	800.000000E-6	810.000000E-12	1.500000E-9	14.145000E+0	-1.391991E+0	34.889000E-12	
10/10/2022 11:24:40	-1.000000E+0	800.000000E-6	790.000000E-12	1.400000E-9	14.148000E+0	-1.391991E+0	41.292000E-12	
10/10/2022 11:24:42	-1.000000E+0	800.000000E-6	760.000000E-12	1.300000E-9	14.224000E+0	-1.391991E+0	5.128600E-12	
10/10/2022 11:24:45	-1.000000E+0	800.000000E-6	730.000000E-12	1.300000E-9	14.187000E+0	-1.391991E+0	3.738400E-12	
10/10/2022 11:24:48	-1.000000E+0	800.000000E-6	700.000000E-12	1.200000E-9	14.179000E+0	-1.391991E+0	2.987800E-12	
10/10/2022 11:24:53	-1.000000E+0	800.000000E-6	670.000000E-12	1.100000E-9	14.103000E+0	-1.391991E+0	4.374600E-12	
10/10/2022 11:24:59	-1.000000E+0	800.000000E-6	640.000000E-12	1.100000E-9	14.187000E+0	-1.386900E+0	2.174900E-12	
10/10/2022 11:25:05	-1.000000E+0	800.000000E-6	620.000000E-12	1.000000E-9	14.174000E+0	-1.386900E+0	2.569800E-12	
10/10/2022 11:25:07	-1.000000E+0	800.000000E-6	610.000000E-12	1.000000E-9	14.183000E+0	-1.386900E+0	949.400000E-15	
10/10/2022 11:25:13	-1.000000E+0	800.000000E-6	590.000000E-12	1.000000E-9	14.142000E+0	-1.386900E+0	7.111500E-12	
10/10/2022 11:25:18	-1.000000E+0	800.000000E-6	580.000000E-12	1.000000E-9	14.197000E+0	-1.386900E+0	4.693000E-12	
10/10/2022 11:25:22	-1.000000E+0	800.000000E-6	570.000000E-12	980.000000E-12	14.199000E+0	-1.386900E+0	1.032800E-12	
10/10/2022 11:25:28	-1.000000E+0	800.000000E-6	560.000000E-12	950.000000E-12	14.172000E+0	-1.386900E+0	2.159800E-12	
10/10/2022 11:25:33	-1.000000E+0	800.000000E-6	550.000000E-12	930.000000E-12	14.197000E+0	-1.386900E+0	3.104500E-12	
10/10/2022 11:25:35	5.060000E-9	800.000000E-6	550.000000E-12	930.000000E-12	14.186000E+0	-1.386900E+0	3.495600E-12	
10/10/2022 11:25:36	-1.000000E+0	800.000000E-6	540.000000E-12	930.000000E-12	14.203000E+0	-1.386900E+0	1.182200E-12	
10/10/2022 11:25:41	-1.000000E+0	800.000000E-6	530.000000E-12	910.000000E-12	14.179000E+0	-1.386900E+0	1.359500E-12	
10/10/2022 11:25:47	-1.000000E+0	800.000000E-6	530.000000E-12	890.000000E-12	14.145000E+0	-1.386900E+0	1.194300E-12	
10/10/2022 11:25:51	-1.000000E+0	800.000000E-6	520.000000E-12	880.000000E-12	14.214000E+0	-1.386900E+0	70.100000E-15	
10/10/2022 11:25:52	5.060000E-9	800.000000E-6	520.000000E-12	880.000000E-12	14.189000E+0	-1.391991E+0	1.147400E-12	
10/10/2022 11:25:53	-1.000000E+0	800.000000E-6	510.000000E-12	870.000000E-12	14.177000E+0	-1.386900E+0	747.500000E-15	
10/10/2022 11:25:59	-1.000000E+0	800.000000E-6	510.000000E-12	860.000000E-12	14.210000E+0	-1.386900E+0	2.674500E-12	
10/10/2022 11:26:02	-1.000000E+0	800.000000E-6	510.000000E-12	850.000000E-12	14.189000E+0	-1.391991E+0	1.921700E-12	
10/10/2022 11:26:08	-1.000000E+0	800.000000E-6	500.000000E-12	840.000000E-12	14.187000E+0	-1.386900E+0	3.059300E-12	
10/10/2022 11:26:09	5.060000E-9	800.000000E-6	500.000000E-12	840.000000E-12	14.145000E+0	-1.386900E+0	2.707600E-12	
10/10/2022 11:26:11	-1.000000E+0	800.000000E-6	500.000000E-12	830.000000E-12	14.207000E+0	-1.391991E+0	1.262700E-12	
10/10/2022 11:26:16	-1.000000E+0	800.000000E-6	490.000000E-12	820.000000E-12	14.187000E+0	-1.386900E+0	3.902100E-12	
10/10/2022 11:26:20	-1.000000E+0	800.000000E-6	490.000000E-12	810.000000E-12	14.131000E+0	-1.386900E+0	910.200000E-15	
10/10/2022 11:26:26	-1.000000E+0	800.000000E-6	480.000000E-12	800.000000E-12	14.157000E+0	-1.386900E+0	4.790700E-12	
10/10/2022 11:26:28	-1.000000E+0	800.000000E-6	480.000000E-12	790.000000E-12	14.229000E+0	-1.386900E+0	3.052500E-12	
10/10/2022 11:26:34	-1.000000E+0	800.000000E-6	480.000000E-12	790.000000E-12	14.185000E+0	-1.386900E+0	144.100000E-15	
10/10/2022 11:26:40	-1.000000E+0	800.000000E-6	470.000000E-12	780.000000E-12	14.167000E+0	-1.391991E+0	1.179800E-12	
10/10/2022 11:26:46	-1.000000E+0	800.000000E-6	470.000000E-12	770.000000E-12	14.145000E+0	-1.391991E+0	557.400000E-15	
10/10/2022 11:26:51	-1.000000E+0	800.000000E-6	460.000000E-12	760.000000E-12	14.212000E+0	-1.391991E+0	2.552500E-12	
