Live comments	Time	100mbar inj	Barion_2	Barion_1	DUAL experiment	DUAL insulation	1mbar inj	helium	T-platinum	T-CERNOX	V_heater	DUAL inj line	I_emission	I_grid
	03/05/2023 16:38:17	-26.152000E-3	1.770000E-9	903.000000E-12	4.996000E-9	499.000000E-9	717.640000E-3	266.000000E+0	-1.796000E+0	4.285505E+3	-1.568309E-3	1.200000E+0	NaN	NaN
	03/05/2023 16:38:26	-25.880000E-3	1.760000E-9	902.000000E-12	4.996000E-9	499.000000E-9	717.640000E-3	266.000000E+0	-1.908000E+0	4.285505E+3	-1.581412E-3	1.200000E+0	NaN	NaN
	03/05/2023 16:38:34	-25.782000E-3	1.760000E-9	908.000000E-12	4.996000E-9	499.000000E-9	717.600000E-3	266.000000E+0	-1.796000E+0	4.285729E+3	-1.391701E-3	1.200000E+0	NaN	NaN
	03/05/2023 16:38:43	-25.657000E-3	1.750000E-9	909.000000E-12	4.996000E-9	497.800000E-9	717.590000E-3	266.000000E+0	-1.796000E+0	4.285729E+3	-1.511530E-3	1.200000E+0	NaN	NaN
	03/05/2023 16:38:51	-25.684000E-3	1.740000E-9	910.000000E-12	4.996000E-9	499.000000E-9	717.550000E-3	266.000000E+0	-1.908000E+0	4.285617E+3	-573.836000E-6	1.200000E+0	NaN	NaN
	03/05/2023 16:39:00	-25.782000E-3	1.760000E-9	905.000000E-12	4.996000E-9	499.000000E-9	717.520000E-3	266.000000E+0	-1.908000E+0	4.285729E+3	-860.867000E-6	1.200000E+0	NaN	NaN
	03/05/2023 16:39:08	-25.880000E-3	1.750000E-9	893.000000E-12	4.996000E-9	499.000000E-9	717.510000E-3	266.000000E+0	-1.908000E+0	4.285505E+3	-923.581000E-6	1.200000E+0	NaN	NaN
	03/05/2023 16:39:17	-25.904000E-3	1.740000E-9	888.000000E-12	4.996000E-9	499.000000E-9	717.480000E-3	266.000000E+0	-1.908000E+0	4.285617E+3	-832.085000E-6	1.200000E+0	NaN	NaN
	03/05/2023 16:39:26	-25.830000E-3	1.750000E-9	890.000000E-12	4.996000E-9	499.000000E-9	717.470000E-3	266.000000E+0	-1.683000E+0	4.286066E+3	-192.399000E-6	1.200000E+0	NaN	NaN
	03/05/2023 16:39:34	-25.928000E-3	1.750000E-9	895.000000E-12	4.996000E-9	499.000000E-9	717.480000E-3	266.000000E+0	-1.908000E+0	4.286178E+3	-633.751000E-6	1.200000E+0	NaN	NaN
	03/05/2023 16:39:43	-25.731000E-3	1.750000E-9	898.000000E-12	4.996000E-9	499.000000E-9	717.440000E-3	266.000000E+0	-1.796000E+0	4.286178E+3	-14.559000E-6	1.200000E+0	NaN	NaN
	03/05/2023 16:39:51	-25.928000E-3	1.740000E-9	899.000000E-12	4.996000E-9	498.400000E-9	717.510000E-3	265.000000E+0	-1.683000E+0	4.285729E+3	-1.523961E-3	1.200000E+0	NaN	NaN
	03/05/2023 16:40:00	-25.928000E-3	1.740000E-9	905.000000E-12	4.996000E-9	499.000000E-9	717.570000E-3	266.000000E+0	-1.908000E+0	4.285729E+3	-1.399540E-3	1.200000E+0	NaN	NaN
	03/05/2023 16:40:08	-25.338000E-3	1.760000E-9	897.000000E-12	4.996000E-9	495.400000E-9	717.620000E-3	266.000000E+0	-1.908000E+0	4.286852E+3	-683.587000E-6	1.200000E+0	NaN	NaN
	03/05/2023 16:40:17	-25.731000E-3	1.740000E-9	887.000000E-12	4.996000E-9	493.600000E-9	717.640000E-3	266.000000E+0	-1.796000E+0	4.287188E+3	-898.047000E-6	1.200000E+0	NaN	NaN
	03/05/2023 16:40:26	-25.758000E-3	1.750000E-9	894.000000E-12	4.996000E-9	491.900000E-9	717.600000E-3	265.000000E+0	-1.796000E+0	4.287862E+3	-197.214000E-6	1.200000E+0	NaN	NaN
	03/05/2023 16:40:34	-25.609000E-3	1.750000E-9	892.000000E-12	4.996000E-9	491.900000E-9	717.590000E-3	266.000000E+0	-1.796000E+0	4.288198E+3	-2.143603E-3	1.200000E+0	NaN	NaN
	03/05/2023 16:40:43	-25.362000E-3	1.750000E-9	895.000000E-12	4.996000E-9	491.300000E-9	717.600000E-3	265.000000E+0	-1.796000E+0	4.288647E+3	-658.837000E-6	1.200000E+0	NaN	NaN
	03/05/2023 16:40:51	-25.928000E-3	1.740000E-9	902.000000E-12	4.996000E-9	491.900000E-9	717.640000E-3	265.000000E+0	-1.683000E+0	4.288984E+3	-993.353000E-6	1.200000E+0	NaN	NaN
	03/05/2023 16:41:00	-26.301000E-3	1.740000E-9	891.000000E-12	4.996000E-9	493.100000E-9	717.630000E-3	265.000000E+0	-1.908000E+0	4.289545E+3	-286.134000E-6	1.200000E+0	NaN	NaN
	03/05/2023 16:41:08	-25.216000E-3	1.760000E-9	888.000000E-12	4.996000E-9	492.400000E-9	717.640000E-3	265.000000E+0	-1.908000E+0	4.289657E+3	-418.394000E-6	1.200000E+0	NaN	NaN
	03/05/2023 16:41:20	-25.585000E-3	1.740000E-9	888.000000E-12	4.996000E-9	492.400000E-9	717.720000E-3	265.000000E+0	-1.683000E+0	4.289882E+3	-639.911000E-6	1.200000E+0	NaN	NaN
	03/05/2023 16:41:31	-25.189000E-3	1.760000E-9	892.000000E-12	4.996000E-9	493.100000E-9	717.750000E-3	264.000000E+0	-1.796000E+0	4.290106E+3	-1.014183E-3	1.200000E+0	NaN	NaN
	03/05/2023 16:41:39	-25.684000E-3	1.740000E-9	901.000000E-12	4.996000E-9	493.600000E-9	717.760000E-3	265.000000E+0	-1.796000E+0	4.290218E+3	-446.728000E-6	1.200000E+0	NaN	NaN
	03/05/2023 16:41:48	-25.386000E-3	1.740000E-9	893.000000E-12	4.996000E-9	493.600000E-9	717.760000E-3	264.000000E+0	-1.796000E+0	4.290667E+3	-1.010375E-3	1.200000E+0	NaN	NaN
	03/05/2023 16:41:59	-25.731000E-3	1.760000E-9	886.000000E-12	4.996000E-9	494.800000E-9	717.720000E-3	264.000000E+0	-1.683000E+0	4.290892E+3	-1.303117E-3	1.200000E+0	NaN	NaN
	03/05/2023 16:42:07	-26.029000E-3	1.740000E-9	885.000000E-12	4.996000E-9	495.400000E-9	717.790000E-3	265.000000E+0	-1.796000E+0	4.290106E+3	-993.017000E-6	1.200000E+0	NaN	NaN
	03/05/2023 16:42:16	-25.287000E-3	1.730000E-9	899.000000E-12	4.996000E-9	495.400000E-9	717.880000E-3	263.000000E+0	-1.796000E+0	4.290331E+3	-381.886000E-6	1.200000E+0	NaN	NaN
	03/05/2023 16:42:24	-26.274000E-3	1.750000E-9	887.000000E-12	4.996000E-9	496.000000E-9	717.840000E-3	265.000000E+0	-1.683000E+0	4.290443E+3	-1.428994E-3	1.200000E+0	NaN	NaN
	03/05/2023 16:42:33	-26.053000E-3	1.740000E-9	885.000000E-12	4.996000E-9	496.000000E-9	717.800000E-3	263.000000E+0	-1.908000E+0	4.290892E+3	-1.568869E-3	1.200000E+0	NaN	NaN
	03/05/2023 16:42:41	-25.585000E-3	1.740000E-9	899.000000E-12	4.996000E-9	496.000000E-9	719.990000E-3	264.000000E+0	-1.796000E+0	4.290892E+3	-1.081713E-3	1.200000E+0	NaN	NaN
	03/05/2023 16:42:50	-25.633000E-3	1.750000E-9	889.000000E-12	4.996000E-9	496.600000E-9	717.920000E-3	263.000000E+0	-1.683000E+0	4.291453E+3	334.066000E-6	1.200000E+0	NaN	NaN
	03/05/2023 16:42:59	-25.731000E-3	1.740000E-9	884.000000E-12	4.996000E-9	496.000000E-9	717.880000E-3	263.000000E+0	-1.796000E+0	4.290780E+3	-1.213973E-3	1.210000E+0	NaN	NaN
	03/05/2023 16:43:07	-25.263000E-3	1.760000E-9	885.000000E-12	4.996000E-9	496.000000E-9	717.880000E-3	263.000000E+0	-1.683000E+0	4.290780E+3	-859.747000E-6	1.210000E+0	NaN	NaN
	03/05/2023 16:43:16	-26.003000E-3	1.740000E-9	895.000000E-12	4.996000E-9	496.000000E-9	717.870000E-3	263.000000E+0	-1.683000E+0	4.291229E+3	-411.227000E-6	1.210000E+0	NaN	NaN
	03/05/2023 16:43:24	-26.053000E-3	1.740000E-9	893.000000E-12	4.996000E-9	496.600000E-9	717.850000E-3	263.000000E+0	-1.908000E+0	4.291004E+3	-196.654000E-6	1.210000E+0	NaN	NaN
	03/05/2023 16:43:33	-25.806000E-3	1.730000E-9	881.000000E-12	4.996000E-9	496.600000E-9	717.840000E-3	263.000000E+0	-1.908000E+0	4.291116E+3	-833.877000E-6	1.210000E+0	NaN	NaN
	03/05/2023 16:43:41	-25.460000E-3	1.740000E-9	888.000000E-12	4.996000E-9	496.600000E-9	717.840000E-3	263.000000E+0	-1.796000E+0	4.291229E+3	-679.107000E-6	1.210000E+0	NaN	NaN
	03/05/2023 16:43:50	-25.904000E-3	1.750000E-9	897.000000E-12	4.996000E-9	496.600000E-9	717.800000E-3	263.000000E+0	-1.683000E+0	4.291116E+3	-477.077000E-6	1.210000E+0	NaN	NaN
	03/05/2023 16:43:59	-25.558000E-3	1.730000E-9	884.000000E-12	4.996000E-9	496.600000E-9	717.800000E-3	262.000000E+0	-1.796000E+0	4.291341E+3	-1.336154E-3	1.210000E+0	NaN	NaN
	03/05/2023 16:44:07	-25.558000E-3	1.730000E-9	884.000000E-12	4.996000E-9	496.600000E-9	717.800000E-3	263.000000E+0	-1.908000E+0	4.291453E+3	-241.338000E-6	1.210000E+0	NaN	NaN
	03/05/2023 16:44:16	-25.782000E-3	1.730000E-9	888.000000E-12	4.996000E-9	496.600000E-9	717.790000E-3	263.000000E+0	-1.908000E+0	4.291004E+3	-1.169737E-3	1.210000E+0	NaN	NaN
	03/05/2023 16:44:24	-25.558000E-3	1.760000E-9	894.000000E-12	4.996000E-9	496.600000E-9	717.760000E-3	262.000000E+0	-1.796000E+0	4.291453E+3	-859.971000E-6	1.210000E+0	NaN	NaN
	03/05/2023 16:44:33	-25.633000E-3	1.740000E-9	893.000000E-12	4.996000E-9	497.200000E-9	717.760000E-3	263.000000E+0	-1.796000E+0	4.291116E+3	-1.238163E-3	1.210000E+0	NaN	NaN
	03/05/2023 16:44:41	-25.928000E-3	1.730000E-9	884.000000E-12	4.996000E-9	497.800000E-9	717.720000E-3	262.000000E+0	-1.908000E+0	4.291004E+3	-1.656333E-3	1.210000E+0	NaN	NaN
	03/05/2023 16:44:50	-25.609000E-3	1.750000E-9	881.000000E-12	4.996000E-9	496.600000E-9	717.720000E-3	262.000000E+0	-1.908000E+0	4.291229E+3	-161.154000E-6	1.210000E+0	NaN	NaN
	03/05/2023 16:44:58	-25.216000E-3	1.730000E-9	881.000000E-12	4.996000E-9	497.800000E-9	717.700000E-3	263.000000E+0	-1.796000E+0	4.291229E+3	-562.189000E-6	1.210000E+0	NaN	NaN
	03/05/2023 16:45:07	-25.585000E-3	1.730000E-9	881.000000E-12	4.996000E-9	497.200000E-9	717.660000E-3	262.000000E+0	-1.796000E+0	4.291229E+3	-1.789489E-3	1.210000E+0	NaN	NaN
	03/05/2023 16:45:16	-25.880000E-3	1.730000E-9	884.000000E-12	4.996000E-9	498.400000E-9	717.640000E-3	262.000000E+0	-1.796000E+0	4.291565E+3	-1.081265E-3	1.210000E+0	NaN	NaN
	03/05/2023 16:45:24	-25.782000E-3	1.730000E-9	884.000000E-12	4.996000E-9	499.000000E-9	717.640000E-3	262.000000E+0	-1.908000E+0	4.291565E+3	-444.152000E-6	1.210000E+0	NaN	NaN
	03/05/2023 16:45:33	-25.091000E-3	1.750000E-9	885.000000E-12	4.996000E-9	499.000000E-9	717.640000E-3	262.000000E+0	-1.796000E+0	4.291678E+3	-635.767000E-6	1.210000E+0	NaN	NaN
	03/05/2023 16:45:41	-25.657000E-3	1.740000E-9	885.000000E-12	4.996000E-9	499.000000E-9	717.630000E-3	262.000000E+0	-1.796000E+0	4.291678E+3	-649.990000E-6	1.210000E+0	NaN	NaN
	03/05/2023 16:45:50	-25.165000E-3	1.740000E-9	882.000000E-12	4.996000E-9	499.000000E-9	717.600000E-3	262.000000E+0	-1.908000E+0	4.291004E+3	-1.459679E-3	1.210000E+0	NaN	NaN
	03/05/2023 16:45:58	-25.955000E-3	1.730000E-9	882.000000E-12	4.996000E-9	498.400000E-9	717.610000E-3	262.000000E+0	-1.571000E+0	4.291565E+3	-992.793000E-6	1.210000E+0	NaN	NaN
	03/05/2023 16:46:07	-25.386000E-3	1.730000E-9	882.000000E-12	4.996000E-9	499.000000E-9	717.560000E-3	262.000000E+0	-1.796000E+0	4.291116E+3	-578.428000E-6	1.210000E+0	NaN	NaN
	03/05/2023 16:46:16	-25.287000E-3	1.730000E-9	882.000000E-12	4.996000E-9	499.000000E-9	717.560000E-3	262.000000E+0	-1.571000E+0	4.291341E+3	-151.970000E-6	1.210000E+0	NaN	NaN
	03/05/2023 16:46:24	-25.979000E-3	1.730000E-9	884.000000E-12	4.996000E-9	497.800000E-9	717.560000E-3	262.000000E+0	-1.796000E+0	4.291229E+3	-1.081713E-3	1.210000E+0	NaN	NaN
	03/05/2023 16:46:33	-25.880000E-3	1.740000E-9	885.000000E-12	4.996000E-9	499.000000E-9	717.560000E-3	261.000000E+0	-1.796000E+0	4.291453E+3	-518.065000E-6	1.210000E+0	NaN	NaN
	03/05/2023 16:46:41	-25.386000E-3	1.730000E-9	886.000000E-12	4.996000E-9	498.400000E-9	717.560000E-3	261.000000E+0	-1.908000E+0	4.291229E+3	-1.135020E-3	1.210000E+0	NaN	NaN
	03/05/2023 16:46:50	-25.314000E-3	1.720000E-9	889.000000E-12	4.996000E-9	499.000000E-9	717.520000E-3	261.000000E+0	-1.683000E+0	4.291341E+3	-462.182000E-6	1.210000E+0	NaN	NaN
	03/05/2023 16:47:03	-25.928000E-3	1.730000E-9	892.000000E-12	4.996000E-9	499.000000E-9	717.520000E-3	262.000000E+0	-1.796000E+0	4.291116E+3	-637.223000E-6	0.000000E+0	NaN	NaN
	03/05/2023 16:47:11	-25.609000E-3	1.730000E-9	891.000000E-12	4.996000E-9	499.000000E-9	717.490000E-3	261.000000E+0	-1.796000E+0	4.291116E+3	-1.154170E-3	1.210000E+0	NaN	NaN
	03/05/2023 16:47:20	-26.399000E-3	1.710000E-9	890.000000E-12	4.996000E-9	499.000000E-9	717.480000E-3	262.000000E+0	-1.796000E+0	4.291341E+3	-1.214421E-3	1.210000E+0	NaN	NaN
	03/05/2023 16:47:28	-25.856000E-3	1.730000E-9	890.000000E-12	4.996000E-9	498.400000E-9	717.480000E-3	261.000000E+0	-1.908000E+0	4.291341E+3	-772.507000E-6	1.210000E+0	NaN	NaN
	03/05/2023 16:47:37	-25.731000E-3	1.730000E-9	885.000000E-12	4.996000E-9	497.200000E-9	717.470000E-3	261.000000E+0	-1.796000E+0	4.291678E+3	-153.314000E-6	1.210000E+0	NaN	NaN
	03/05/2023 16:47:45	-24.843000E-3	1.730000E-9	885.000000E-12	4.996000E-9	496.600000E-9	717.470000E-3	261.000000E+0	-1.908000E+0	4.291565E+3	-483.573000E-6	1.210000E+0	NaN	NaN
	03/05/2023 16:47:54	-25.287000E-3	1.720000E-9	884.000000E-12	4.996000E-9	499.000000E-9	717.440000E-3	261.000000E+0	-1.683000E+0	4.291453E+3	-1.125725E-3	1.210000E+0	NaN	NaN
	03/05/2023 16:48:03	-26.101000E-3	1.730000E-9	883.000000E-12	4.996000E-9	498.400000E-9	717.440000E-3	261.000000E+0	-1.908000E+0	4.291678E+3	-816.855000E-6	1.210000E+0	NaN	NaN
	03/05/2023 16:48:11	-25.806000E-3	1.720000E-9	886.000000E-12	4.996000E-9	496.600000E-9	717.440000E-3	261.000000E+0	-1.908000E+0	4.291229E+3	-241.450000E-6	1.210000E+0	NaN	NaN
	03/05/2023 16:48:20	-25.487000E-3	1.740000E-9	889.000000E-12	4.996000E-9	497.800000E-9	717.430000E-3	261.000000E+0	-1.908000E+0	4.291565E+3	-1.214645E-3	1.210000E+0	NaN	NaN
	03/05/2023 16:48:28	-25.460000E-3	1.730000E-9	891.000000E-12	4.996000E-9	497.800000E-9	717.440000E-3	261.000000E+0	-1.683000E+0	4.291229E+3	-1.805952E-3	1.210000E+0	NaN	NaN
	03/05/2023 16:48:37	-25.707000E-3	1.740000E-9	891.000000E-12	4.996000E-9	499.600000E-9	717.410000E-3	261.000000E+0	-1.683000E+0	4.291453E+3	-1.081489E-3	1.210000E+0	NaN	NaN
	03/05/2023 16:48:45	-26.053000E-3	1.730000E-9	891.000000E-12	4.996000E-9	499.000000E-9	717.420000E-3	261.000000E+0	-1.796000E+0	4.291116E+3	-770.939000E-6	1.210000E+0	NaN	NaN
performing faraday mode calibration for rga	03/05/2023 16:48:54	-25.609000E-3	1.750000E-9	885.000000E-12	4.996000E-9	499.000000E-9	717.400000E-3	261.000000E+0	-1.908000E+0	4.291678E+3	-804.984000E-6	1.210000E+0	NaN	NaN
	03/05/2023 16:49:03	-26.077000E-3	1.730000E-9	884.000000E-12	4.996000E-9	496.600000E-9	717.400000E-3	261.000000E+0	-1.683000E+0	4.291678E+3	-948.331000E-6	1.210000E+0	NaN	NaN
	03/05/2023 16:49:11	-25.386000E-3	1.740000E-9	884.000000E-12	4.996000E-9	496.600000E-9	717.400000E-3	261.000000E+0	-1.908000E+0	4.291116E+3	-1.479949E-3	1.210000E+0	NaN	NaN
	03/05/2023 16:49:20	-25.585000E-3	1.720000E-9	884.000000E-12	4.996000E-9	496.600000E-9	717.400000E-3	261.000000E+0	-1.683000E+0	4.291229E+3	-1.213525E-3	1.210000E+0	NaN	NaN
	03/05/2023 16:49:28	-26.029000E-3	1.730000E-9	885.000000E-12	4.996000E-9	496.000000E-9	717.400000E-3	261.000000E+0	-1.796000E+0	4.291116E+3	-1.392485E-3	1.210000E+0	NaN	NaN
	03/05/2023 16:49:37	-25.830000E-3	1.710000E-9	885.000000E-12	4.996000E-9	495.400000E-9	717.400000E-3	260.000000E+0	-1.796000E+0	4.291678E+3	-754.364000E-6	1.210000E+0	NaN	NaN
	03/05/2023 16:49:45	-26.572000E-3	1.730000E-9	887.000000E-12	4.996000E-9	495.400000E-9	717.400000E-3	260.000000E+0	-1.796000E+0	4.291678E+3	-91.832000E-6	1.210000E+0	NaN	NaN
	03/05/2023 16:49:54	-25.487000E-3	1.720000E-9	881.000000E-12	4.996000E-9	495.400000E-9	717.400000E-3	261.000000E+0	-1.796000E+0	4.291116E+3	-1.282063E-3	1.210000E+0	NaN	NaN
	03/05/2023 16:50:03	-26.003000E-3	1.730000E-9	884.000000E-12	4.996000E-9	496.000000E-9	717.410000E-3	261.000000E+0	-1.908000E+0	4.291453E+3	-1.967217E-3	1.210000E+0	NaN	NaN
	03/05/2023 16:50:11	-25.707000E-3	1.730000E-9	880.000000E-12	4.996000E-9	496.000000E-9	717.390000E-3	260.000000E+0	-1.796000E+0	4.291678E+3	-2.142707E-3	1.210000E+0	NaN	NaN
	03/05/2023 16:50:20	-25.558000E-3	1.750000E-9	880.000000E-12	4.996000E-9	496.000000E-9	717.390000E-3	261.000000E+0	-2.020000E+0	4.291341E+3	-1.194263E-3	1.210000E+0	NaN	NaN
	03/05/2023 16:50:28	-26.301000E-3	1.740000E-9	881.000000E-12	4.996000E-9	495.400000E-9	717.380000E-3	260.000000E+0	-1.796000E+0	4.291453E+3	-373.486000E-6	1.210000E+0	NaN	NaN
	03/05/2023 16:50:37	-25.338000E-3	1.750000E-9	887.000000E-12	4.996000E-9	495.400000E-9	717.360000E-3	261.000000E+0	-1.908000E+0	4.291341E+3	-906.111000E-6	1.210000E+0	NaN	NaN
	03/05/2023 16:50:46	-25.731000E-3	1.730000E-9	889.000000E-12	4.996000E-9	494.800000E-9	717.370000E-3	261.000000E+0	-1.683000E+0	4.291341E+3	-585.595000E-6	1.210000E+0	NaN	NaN
	03/05/2023 16:50:54	-25.314000E-3	1.740000E-9	887.000000E-12	4.996000E-9	495.400000E-9	717.350000E-3	260.000000E+0	-1.796000E+0	4.291902E+3	-1.107135E-3	1.210000E+0	NaN	NaN
	03/05/2023 16:51:03	-25.535000E-3	1.720000E-9	885.000000E-12	4.996000E-9	494.800000E-9	717.360000E-3	260.000000E+0	-1.683000E+0	4.291790E+3	-63.610000E-6	1.210000E+0	NaN	NaN
	03/05/2023 16:51:11	-25.955000E-3	1.730000E-9	885.000000E-12	4.996000E-9	495.400000E-9	717.360000E-3	261.000000E+0	-1.571000E+0	4.291341E+3	-714.496000E-6	1.210000E+0	NaN	NaN
	03/05/2023 16:51:20	-25.758000E-3	1.730000E-9	885.000000E-12	4.996000E-9	496.000000E-9	717.400000E-3	260.000000E+0	-1.908000E+0	4.292014E+3	-727.599000E-6	1.210000E+0	NaN	NaN
	03/05/2023 16:51:28	-25.856000E-3	1.730000E-9	884.000000E-12	4.996000E-9	495.400000E-9	717.380000E-3	260.000000E+0	-1.908000E+0	4.291902E+3	326.451000E-6	1.210000E+0	NaN	NaN
	03/05/2023 16:51:37	-25.412000E-3	1.740000E-9	880.000000E-12	4.996000E-9	494.800000E-9	717.390000E-3	260.000000E+0	-1.796000E+0	4.291790E+3	-1.065922E-3	1.210000E+0	NaN	NaN
	03/05/2023 16:51:45	-25.487000E-3	1.720000E-9	875.000000E-12	4.996000E-9	494.800000E-9	717.400000E-3	260.000000E+0	-2.020000E+0	4.291902E+3	-344.481000E-6	1.210000E+0	NaN	NaN
	03/05/2023 16:51:54	-25.558000E-3	1.730000E-9	887.000000E-12	4.996000E-9	496.000000E-9	717.400000E-3	260.000000E+0	-1.908000E+0	4.291453E+3	-905.103000E-6	1.210000E+0	NaN	NaN
	03/05/2023 16:52:03	-25.535000E-3	1.740000E-9	887.000000E-12	4.996000E-9	496.000000E-9	717.400000E-3	260.000000E+0	-1.796000E+0	4.291678E+3	-992.905000E-6	1.210000E+0	NaN	NaN
	03/05/2023 16:52:11	-25.684000E-3	1.730000E-9	883.000000E-12	4.996000E-9	496.000000E-9	717.400000E-3	260.000000E+0	-1.908000E+0	4.291565E+3	-797.480000E-6	1.210000E+0	NaN	NaN
	03/05/2023 16:52:20	-25.633000E-3	1.730000E-9	884.000000E-12	4.996000E-9	494.800000E-9	717.410000E-3	260.000000E+0	-1.796000E+0	4.291565E+3	-992.457000E-6	1.210000E+0	NaN	NaN
	03/05/2023 16:52:28	-26.029000E-3	1.730000E-9	880.000000E-12	4.996000E-9	494.800000E-9	717.400000E-3	260.000000E+0	-1.796000E+0	4.291453E+3	-1.257985E-3	1.210000E+0	NaN	NaN
	03/05/2023 16:52:37	-25.856000E-3	1.740000E-9	881.000000E-12	4.996000E-9	495.400000E-9	717.400000E-3	260.000000E+0	-1.908000E+0	4.291902E+3	-505.523000E-6	1.210000E+0	NaN	NaN
	03/05/2023 16:52:45	-25.955000E-3	1.740000E-9	886.000000E-12	4.996000E-9	496.000000E-9	717.400000E-3	260.000000E+0	-1.683000E+0	4.291790E+3	-1.200198E-3	1.210000E+0	NaN	NaN
	03/05/2023 16:52:54	-25.782000E-3	1.730000E-9	892.000000E-12	4.996000E-9	496.000000E-9	717.400000E-3	260.000000E+0	-1.908000E+0	4.291565E+3	-1.362360E-3	1.210000E+0	NaN	NaN
	03/05/2023 16:53:03	-25.904000E-3	1.730000E-9	895.000000E-12	4.996000E-9	496.600000E-9	717.400000E-3	260.000000E+0	-1.796000E+0	4.292014E+3	-1.390805E-3	1.210000E+0	NaN	NaN
	03/05/2023 16:53:11	-25.386000E-3	1.760000E-9	890.000000E-12	4.996000E-9	496.600000E-9	717.400000E-3	259.000000E+0	-1.908000E+0	4.292126E+3	-20.158000E-6	1.210000E+0	NaN	NaN
	03/05/2023 16:53:20	-25.856000E-3	1.740000E-9	882.000000E-12	4.996000E-9	496.000000E-9	717.400000E-3	260.000000E+0	-2.020000E+0	4.291790E+3	-859.635000E-6	1.210000E+0	NaN	NaN
	03/05/2023 16:53:28	-25.758000E-3	1.750000E-9	881.000000E-12	4.996000E-9	499.600000E-9	717.400000E-3	259.000000E+0	-1.796000E+0	4.291565E+3	-468.902000E-6	1.210000E+0	NaN	NaN
	03/05/2023 16:53:37	-25.731000E-3	1.730000E-9	881.000000E-12	4.996000E-9	500.200000E-9	717.410000E-3	259.000000E+0	-1.796000E+0	4.291902E+3	-1.989839E-3	1.210000E+0	NaN	NaN
	03/05/2023 16:53:45	-25.707000E-3	1.740000E-9	884.000000E-12	4.996000E-9	500.200000E-9	717.410000E-3	260.000000E+0	-1.908000E+0	4.291790E+3	-1.035013E-3	1.210000E+0	NaN	NaN
	03/05/2023 16:53:54	-25.436000E-3	1.730000E-9	881.000000E-12	4.996000E-9	507.500000E-9	717.400000E-3	259.000000E+0	-1.796000E+0	4.291341E+3	-1.832605E-3	1.210000E+0	NaN	NaN
	03/05/2023 16:54:03	-25.707000E-3	1.740000E-9	876.000000E-12	4.996000E-9	514.800000E-9	717.400000E-3	259.000000E+0	-1.683000E+0	4.291116E+3	-1.405364E-3	1.220000E+0	NaN	NaN
	03/05/2023 16:54:11	-26.199000E-3	1.730000E-9	876.000000E-12	4.996000E-9	518.500000E-9	717.400000E-3	259.000000E+0	-1.796000E+0	4.291229E+3	-818.310000E-6	1.220000E+0	NaN	NaN
	03/05/2023 16:54:20	-25.657000E-3	1.740000E-9	880.000000E-12	4.996000E-9	511.700000E-9	717.400000E-3	259.000000E+0	-1.908000E+0	4.291116E+3	-1.411299E-3	1.210000E+0	NaN	NaN
	03/05/2023 16:54:28	-25.633000E-3	1.730000E-9	887.000000E-12	4.996000E-9	509.300000E-9	717.400000E-3	259.000000E+0	-1.796000E+0	4.291565E+3	-339.777000E-6	1.210000E+0	NaN	NaN
	03/05/2023 16:54:37	-25.633000E-3	1.720000E-9	893.000000E-12	4.996000E-9	505.000000E-9	717.400000E-3	259.000000E+0	-1.908000E+0	4.291453E+3	-2.538592E-3	1.210000E+0	NaN	NaN
	03/05/2023 16:54:45	-25.684000E-3	1.740000E-9	889.000000E-12	4.996000E-9	505.000000E-9	717.400000E-3	259.000000E+0	-1.683000E+0	4.291116E+3	-637.895000E-6	1.210000E+0	NaN	NaN
	03/05/2023 16:54:54	-25.558000E-3	1.740000E-9	881.000000E-12	4.996000E-9	505.000000E-9	717.400000E-3	259.000000E+0	-1.796000E+0	4.291678E+3	-346.721000E-6	1.210000E+0	NaN	NaN
	03/05/2023 16:55:02	-26.226000E-3	1.750000E-9	883.000000E-12	4.996000E-9	505.000000E-9	717.400000E-3	259.000000E+0	-1.908000E+0	4.291678E+3	-1.222036E-3	1.210000E+0	NaN	NaN
	03/05/2023 16:55:11	-25.880000E-3	1.740000E-9	879.000000E-12	4.996000E-9	505.600000E-9	717.400000E-3	259.000000E+0	-1.796000E+0	4.291341E+3	-894.464000E-6	1.210000E+0	NaN	NaN
	03/05/2023 16:55:20	-26.152000E-3	1.720000E-9	877.000000E-12	4.996000E-9	506.200000E-9	717.400000E-3	259.000000E+0	-1.908000E+0	4.291004E+3	-770.379000E-6	1.220000E+0	NaN	NaN
	03/05/2023 16:55:28	-25.806000E-3	1.750000E-9	886.000000E-12	4.996000E-9	508.700000E-9	717.400000E-3	259.000000E+0	-1.796000E+0	4.291453E+3	-1.168841E-3	1.220000E+0	NaN	NaN
	03/05/2023 16:55:37	-26.101000E-3	1.730000E-9	891.000000E-12	4.996000E-9	509.300000E-9	717.400000E-3	259.000000E+0	-1.908000E+0	4.291678E+3	-1.432129E-3	1.220000E+0	NaN	NaN
	03/05/2023 16:55:45	-26.003000E-3	1.730000E-9	880.000000E-12	4.996000E-9	509.900000E-9	717.430000E-3	259.000000E+0	-1.796000E+0	4.291565E+3	-904.319000E-6	1.220000E+0	NaN	NaN
	03/05/2023 16:55:54	-25.758000E-3	1.730000E-9	872.000000E-12	4.996000E-9	513.600000E-9	717.440000E-3	258.000000E+0	-1.908000E+0	4.291565E+3	86.008000E-6	1.220000E+0	NaN	NaN
	03/05/2023 16:56:02	-26.003000E-3	1.730000E-9	885.000000E-12	4.996000E-9	514.200000E-9	717.440000E-3	258.000000E+0	-1.796000E+0	4.291678E+3	-1.390357E-3	1.220000E+0	NaN	NaN
	03/05/2023 16:56:11	-25.955000E-3	1.730000E-9	889.000000E-12	4.996000E-9	531.800000E-9	717.440000E-3	258.000000E+0	-1.796000E+0	4.291229E+3	-1.040724E-3	1.220000E+0	NaN	NaN
	03/05/2023 16:56:20	-26.003000E-3	1.730000E-9	884.000000E-12	4.996000E-9	561.300000E-9	717.440000E-3	258.000000E+0	-1.683000E+0	4.291004E+3	-991.561000E-6	1.220000E+0	NaN	NaN
	03/05/2023 16:56:28	-25.585000E-3	1.730000E-9	883.000000E-12	4.996000E-9	550.600000E-9	717.460000E-3	258.000000E+0	-1.796000E+0	4.290892E+3	-1.489244E-3	1.220000E+0	NaN	NaN
	03/05/2023 16:56:37	-25.904000E-3	1.750000E-9	883.000000E-12	4.996000E-9	534.300000E-9	717.480000E-3	258.000000E+0	-1.683000E+0	4.290667E+3	-1.205686E-3	1.220000E+0	NaN	NaN
	03/05/2023 16:56:45	-25.487000E-3	1.740000E-9	883.000000E-12	4.996000E-9	525.400000E-9	717.470000E-3	258.000000E+0	-1.908000E+0	4.290667E+3	-1.430785E-3	1.220000E+0	NaN	NaN
	03/05/2023 16:56:54	-25.782000E-3	1.730000E-9	890.000000E-12	4.996000E-9	519.800000E-9	717.480000E-3	258.000000E+0	-1.683000E+0	4.290667E+3	155.778000E-6	1.220000E+0	NaN	NaN
	03/05/2023 16:57:03	-25.856000E-3	1.720000E-9	879.000000E-12	4.996000E-9	519.200000E-9	717.480000E-3	258.000000E+0	-1.796000E+0	4.290443E+3	-1.169513E-3	1.220000E+0	NaN	NaN
	03/05/2023 16:57:11	-26.250000E-3	1.720000E-9	888.000000E-12	4.996000E-9	517.900000E-9	717.510000E-3	258.000000E+0	-1.908000E+0	4.290667E+3	-1.421602E-3	1.220000E+0	NaN	NaN
	03/05/2023 16:57:20	-26.003000E-3	1.730000E-9	880.000000E-12	4.996000E-9	516.700000E-9	717.510000E-3	258.000000E+0	-1.796000E+0	4.290892E+3	-2.060507E-3	1.220000E+0	NaN	NaN
	03/05/2023 16:57:28	-25.806000E-3	1.720000E-9	873.000000E-12	4.996000E-9	516.100000E-9	717.520000E-3	258.000000E+0	-1.796000E+0	4.291116E+3	-838.133000E-6	1.220000E+0	NaN	NaN
	03/05/2023 16:57:37	-25.928000E-3	1.730000E-9	893.000000E-12	4.996000E-9	515.400000E-9	717.530000E-3	258.000000E+0	-1.683000E+0	4.290667E+3	-893.680000E-6	1.220000E+0	NaN	NaN
	03/05/2023 16:57:45	-25.657000E-3	1.740000E-9	884.000000E-12	4.996000E-9	517.300000E-9	717.560000E-3	258.000000E+0	-1.796000E+0	4.291229E+3	-782.810000E-6	1.220000E+0	NaN	NaN
	03/05/2023 16:57:54	-25.928000E-3	1.720000E-9	878.000000E-12	4.996000E-9	516.100000E-9	717.550000E-3	257.000000E+0	-1.908000E+0	4.291229E+3	-1.183288E-3	1.220000E+0	NaN	NaN
	03/05/2023 16:58:03	-26.175000E-3	1.720000E-9	882.000000E-12	4.996000E-9	518.500000E-9	717.560000E-3	257.000000E+0	-1.683000E+0	4.291229E+3	-770.491000E-6	1.220000E+0	NaN	NaN
	03/05/2023 16:58:11	-25.657000E-3	1.720000E-9	884.000000E-12	4.996000E-9	519.800000E-9	717.590000E-3	257.000000E+0	-1.796000E+0	4.290555E+3	-2.010445E-3	1.220000E+0	NaN	NaN
	03/05/2023 16:58:20	-26.029000E-3	1.740000E-9	882.000000E-12	4.996000E-9	519.800000E-9	717.580000E-3	257.000000E+0	-1.908000E+0	4.290667E+3	-900.511000E-6	1.220000E+0	NaN	NaN
	03/05/2023 16:58:28	-25.558000E-3	1.730000E-9	885.000000E-12	4.996000E-9	520.400000E-9	717.590000E-3	257.000000E+0	-1.796000E+0	4.290443E+3	-2.037549E-3	1.220000E+0	NaN	NaN
	03/05/2023 16:58:37	-25.880000E-3	1.720000E-9	880.000000E-12	4.996000E-9	521.700000E-9	717.590000E-3	257.000000E+0	-1.796000E+0	4.290667E+3	-1.434481E-3	1.220000E+0	NaN	NaN
	03/05/2023 16:58:45	-25.928000E-3	1.730000E-9	877.000000E-12	4.996000E-9	524.800000E-9	717.610000E-3	257.000000E+0	-1.908000E+0	4.290667E+3	-1.611537E-3	1.220000E+0	NaN	NaN
	03/05/2023 16:58:54	-26.077000E-3	1.720000E-9	891.000000E-12	4.996000E-9	524.800000E-9	717.620000E-3	257.000000E+0	-1.796000E+0	4.290892E+3	-1.656557E-3	1.220000E+0	NaN	NaN
	03/05/2023 16:59:03	-25.707000E-3	1.740000E-9	876.000000E-12	4.996000E-9	525.400000E-9	717.640000E-3	258.000000E+0	-1.683000E+0	4.290218E+3	-1.611201E-3	1.220000E+0	NaN	NaN
	03/05/2023 16:59:11	-26.324000E-3	1.730000E-9	873.000000E-12	4.996000E-9	526.100000E-9	717.640000E-3	257.000000E+0	-1.796000E+0	4.290892E+3	-382.782000E-6	1.220000E+0	NaN	NaN
	03/05/2023 16:59:20	-26.250000E-3	1.720000E-9	889.000000E-12	4.996000E-9	526.100000E-9	717.720000E-3	257.000000E+0	-1.796000E+0	4.291116E+3	-1.080033E-3	1.220000E+0	NaN	NaN
	03/05/2023 16:59:28	-26.053000E-3	1.720000E-9	880.000000E-12	4.996000E-9	528.000000E-9	717.720000E-3	257.000000E+0	-1.796000E+0	4.290331E+3	-903.647000E-6	1.220000E+0	NaN	NaN
	03/05/2023 16:59:37	-25.657000E-3	1.720000E-9	869.000000E-12	4.996000E-9	526.100000E-9	717.720000E-3	257.000000E+0	-1.796000E+0	4.291004E+3	-255.673000E-6	1.220000E+0	NaN	NaN
	03/05/2023 16:59:45	-25.979000E-3	1.730000E-9	890.000000E-12	4.996000E-9	525.400000E-9	717.730000E-3	256.000000E+0	-1.908000E+0	4.290555E+3	-154.098000E-6	1.220000E+0	NaN	NaN
	03/05/2023 16:59:54	-25.782000E-3	1.750000E-9	875.000000E-12	4.996000E-9	525.400000E-9	717.760000E-3	256.000000E+0	-1.683000E+0	4.290106E+3	-148.387000E-6	1.220000E+0	NaN	NaN
	03/05/2023 17:00:03	-25.955000E-3	1.740000E-9	883.000000E-12	4.996000E-9	559.300000E-9	717.760000E-3	256.000000E+0	-1.571000E+0	4.289882E+3	820.662000E-6	1.220000E+0	NaN	NaN
	03/05/2023 17:00:11	-26.029000E-3	1.740000E-9	877.000000E-12	4.996000E-9	551.300000E-9	717.790000E-3	256.000000E+0	-1.796000E+0	4.290106E+3	-2.097576E-3	1.220000E+0	NaN	NaN
	03/05/2023 17:00:20	-26.301000E-3	1.740000E-9	886.000000E-12	4.996000E-9	540.800000E-9	717.800000E-3	256.000000E+0	-1.683000E+0	4.290443E+3	-505.187000E-6	1.220000E+0	NaN	NaN
	03/05/2023 17:00:28	-25.955000E-3	1.730000E-9	874.000000E-12	4.996000E-9	533.100000E-9	717.800000E-3	256.000000E+0	-1.571000E+0	4.290218E+3	114.118000E-6	1.220000E+0	NaN	NaN
	03/05/2023 17:00:37	-26.399000E-3	1.730000E-9	880.000000E-12	4.996000E-9	528.600000E-9	717.830000E-3	256.000000E+0	-1.796000E+0	4.290443E+3	-726.031000E-6	1.220000E+0	NaN	NaN
	03/05/2023 17:00:45	-25.782000E-3	1.740000E-9	874.000000E-12	4.996000E-9	524.800000E-9	717.830000E-3	257.000000E+0	-1.683000E+0	4.290667E+3	-593.323000E-6	1.220000E+0	NaN	NaN
	03/05/2023 17:00:54	-26.053000E-3	1.730000E-9	877.000000E-12	4.996000E-9	520.400000E-9	717.840000E-3	256.000000E+0	-1.683000E+0	4.290218E+3	-1.456207E-3	1.220000E+0	NaN	NaN
	03/05/2023 17:01:03	-26.128000E-3	1.710000E-9	884.000000E-12	4.996000E-9	520.400000E-9	717.860000E-3	256.000000E+0	-1.683000E+0	4.290892E+3	-2.009997E-3	1.220000E+0	NaN	NaN
	03/05/2023 17:01:11	-26.199000E-3	1.720000E-9	876.000000E-12	4.996000E-9	520.400000E-9	717.870000E-3	256.000000E+0	-1.571000E+0	4.290555E+3	-2.319876E-3	1.220000E+0	NaN	NaN
	03/05/2023 17:01:20	-26.423000E-3	1.720000E-9	875.000000E-12	4.996000E-9	521.700000E-9	717.880000E-3	256.000000E+0	-1.796000E+0	4.290667E+3	-1.958258E-3	1.220000E+0	NaN	NaN
	03/05/2023 17:01:28	-25.511000E-3	1.720000E-9	887.000000E-12	4.996000E-9	524.800000E-9	717.910000E-3	256.000000E+0	-1.796000E+0	4.290218E+3	-1.895656E-3	1.220000E+0	NaN	NaN
	03/05/2023 17:01:37	-22.402000E-3	1.710000E-9	871.000000E-12	4.996000E-9	524.800000E-9	717.920000E-3	256.000000E+0	-1.796000E+0	4.289882E+3	-992.009000E-6	1.220000E+0	NaN	NaN
	03/05/2023 17:01:45	-26.029000E-3	1.710000E-9	881.000000E-12	4.996000E-9	525.400000E-9	717.920000E-3	256.000000E+0	-1.796000E+0	4.289994E+3	597.578000E-6	1.220000E+0	NaN	NaN
	03/05/2023 17:01:54	-25.731000E-3	1.720000E-9	876.000000E-12	4.996000E-9	525.400000E-9	717.940000E-3	255.000000E+0	-1.683000E+0	4.289770E+3	-947.323000E-6	1.220000E+0	NaN	NaN
	03/05/2023 17:02:03	-25.609000E-3	1.730000E-9	878.000000E-12	4.996000E-9	525.400000E-9	717.960000E-3	255.000000E+0	-1.571000E+0	4.290443E+3	752.796000E-6	1.220000E+0	NaN	NaN
	03/05/2023 17:02:11	-25.585000E-3	1.730000E-9	886.000000E-12	4.996000E-9	525.400000E-9	717.950000E-3	255.000000E+0	-1.796000E+0	4.290555E+3	-2.452808E-3	1.220000E+0	NaN	NaN
	03/05/2023 17:02:20	-26.447000E-3	1.800000E-9	926.000000E-12	4.996000E-9	524.800000E-9	717.960000E-3	256.000000E+0	-1.796000E+0	4.290667E+3	-3.823341E-3	1.220000E+0	NaN	NaN
	03/05/2023 17:02:28	-26.545000E-3	2.340000E-9	1.480000E-9	4.996000E-9	525.400000E-9	717.990000E-3	255.000000E+0	-1.683000E+0	4.289994E+3	2.856977E-3	1.220000E+0	NaN	NaN
	03/05/2023 17:02:37	-26.521000E-3	2.910000E-9	3.090000E-9	4.996000E-9	525.400000E-9	717.990000E-3	255.000000E+0	-1.683000E+0	4.290555E+3	-2.362320E-3	1.220000E+0	NaN	NaN
	03/05/2023 17:02:45	-26.301000E-3	2.910000E-9	3.090000E-9	4.996000E-9	526.100000E-9	718.000000E-3	255.000000E+0	-1.683000E+0	4.290443E+3	-2.363328E-3	1.220000E+0	NaN	NaN
	03/05/2023 17:02:54	-26.199000E-3	2.930000E-9	3.110000E-9	4.996000E-9	526.100000E-9	718.010000E-3	255.000000E+0	-1.683000E+0	4.289994E+3	983.832000E-6	1.220000E+0	NaN	NaN
	03/05/2023 17:03:03	-25.684000E-3	2.950000E-9	3.120000E-9	4.996000E-9	525.400000E-9	718.010000E-3	255.000000E+0	-1.796000E+0	4.289770E+3	1.519815E-3	1.220000E+0	NaN	NaN
closed turbo valve	03/05/2023 17:03:11	-22.158000E-3	2.950000E-9	3.140000E-9	4.996000E-9	525.400000E-9	718.030000E-3	255.000000E+0	-1.796000E+0	4.290555E+3	-2.497156E-3	1.220000E+0	NaN	NaN
	03/05/2023 17:03:20	-22.256000E-3	2.960000E-9	3.140000E-9	4.996000E-9	525.400000E-9	718.030000E-3	255.000000E+0	-1.571000E+0	4.289882E+3	3.431262E-3	1.220000E+0	NaN	NaN
	03/05/2023 17:03:28	-25.955000E-3	2.970000E-9	3.160000E-9	4.996000E-9	524.800000E-9	718.040000E-3	255.000000E+0	-1.796000E+0	4.290443E+3	-2.592123E-3	1.220000E+0	NaN	NaN
	03/05/2023 17:03:37	-26.768000E-3	2.970000E-9	3.160000E-9	4.996000E-9	524.800000E-9	718.040000E-3	255.000000E+0	-1.683000E+0	4.289994E+3	-946.763000E-6	1.220000E+0	NaN	NaN
	03/05/2023 17:03:45	-26.399000E-3	2.990000E-9	3.190000E-9	4.996000E-9	524.800000E-9	718.030000E-3	254.000000E+0	-1.796000E+0	4.290106E+3	1.662267E-3	1.220000E+0	NaN	NaN
	03/05/2023 17:03:54	-25.558000E-3	3.190000E-9	3.300000E-9	4.996000E-9	524.800000E-9	718.070000E-3	254.000000E+0	-1.796000E+0	4.290555E+3	-3.852682E-3	1.220000E+0	NaN	NaN
	03/05/2023 17:04:02	-26.077000E-3	18.700000E-9	13.600000E-9	10.030000E-9	524.800000E-9	717.960000E-3	255.000000E+0	-1.683000E+0	4.290331E+3	1.309834E-3	1.220000E+0	NaN	NaN
	03/05/2023 17:04:11	-26.250000E-3	57.000000E-9	34.000000E-9	56.060000E-9	524.800000E-9	717.360000E-3	254.000000E+0	-1.571000E+0	4.290218E+3	926.269000E-6	1.220000E+0	NaN	NaN
	03/05/2023 17:04:20	-26.053000E-3	138.000000E-9	124.000000E-9	127.600000E-9	523.500000E-9	715.660000E-3	254.000000E+0	-1.683000E+0	4.290106E+3	2.164991E-3	1.220000E+0	NaN	NaN
	03/05/2023 17:04:28	-26.643000E-3	219.000000E-9	184.000000E-9	127.500000E-9	535.000000E-9	713.390000E-3	254.000000E+0	-1.571000E+0	4.289994E+3	-903.535000E-6	1.220000E+0	NaN	NaN
	03/05/2023 17:04:37	-26.372000E-3	215.000000E-9	181.000000E-9	126.900000E-9	546.000000E-9	711.220000E-3	254.000000E+0	-1.796000E+0	4.289770E+3	-1.522169E-3	1.220000E+0	NaN	NaN
	03/05/2023 17:04:45	-26.250000E-3	214.000000E-9	180.000000E-9	126.700000E-9	549.300000E-9	709.030000E-3	253.000000E+0	-1.796000E+0	4.289994E+3	-4.264583E-3	1.220000E+0	NaN	NaN
	03/05/2023 17:04:54	-26.199000E-3	214.000000E-9	180.000000E-9	126.700000E-9	548.600000E-9	706.840000E-3	254.000000E+0	-1.796000E+0	4.289657E+3	-4.146098E-3	1.220000E+0	NaN	NaN
	03/05/2023 17:05:02	-26.670000E-3	213.000000E-9	180.000000E-9	125.500000E-9	546.700000E-9	704.690000E-3	254.000000E+0	-1.683000E+0	4.288984E+3	2.662227E-3	1.220000E+0	NaN	NaN
	03/05/2023 17:05:11	-26.301000E-3	212.000000E-9	179.000000E-9	125.500000E-9	545.400000E-9	702.540000E-3	253.000000E+0	-1.683000E+0	4.288984E+3	139.651000E-6	1.220000E+0	NaN	NaN
	03/05/2023 17:05:20	-25.830000E-3	212.000000E-9	179.000000E-9	125.400000E-9	540.100000E-9	700.370000E-3	253.000000E+0	-1.683000E+0	4.288872E+3	556.478000E-6	1.220000E+0	NaN	NaN
	03/05/2023 17:05:28	-26.226000E-3	211.000000E-9	179.000000E-9	125.100000E-9	538.800000E-9	698.210000E-3	254.000000E+0	-1.683000E+0	4.288984E+3	-1.218005E-3	1.220000E+0	NaN	NaN
	03/05/2023 17:05:37	-26.250000E-3	210.000000E-9	178.000000E-9	124.300000E-9	535.000000E-9	696.040000E-3	253.000000E+0	-1.683000E+0	4.288647E+3	1.481403E-3	1.220000E+0	NaN	NaN
	03/05/2023 17:05:45	-26.175000E-3	210.000000E-9	178.000000E-9	124.000000E-9	532.400000E-9	693.940000E-3	253.000000E+0	-1.683000E+0	4.289321E+3	-3.070656E-3	1.220000E+0	NaN	NaN
	03/05/2023 17:05:54	-26.101000E-3	209.000000E-9	177.000000E-9	123.700000E-9	531.100000E-9	691.820000E-3	253.000000E+0	-1.683000E+0	4.288535E+3	-1.573797E-3	1.220000E+0	NaN	NaN
	03/05/2023 17:06:02	-26.128000E-3	208.000000E-9	177.000000E-9	123.000000E-9	529.900000E-9	689.700000E-3	253.000000E+0	-1.683000E+0	4.288423E+3	2.812293E-3	1.220000E+0	NaN	NaN
	03/05/2023 17:06:11	-26.101000E-3	207.000000E-9	176.000000E-9	122.400000E-9	528.000000E-9	687.570000E-3	253.000000E+0	-1.459000E+0	4.288535E+3	-637.783000E-6	1.220000E+0	NaN	NaN
	03/05/2023 17:06:19	-26.399000E-3	206.000000E-9	175.000000E-9	121.900000E-9	528.600000E-9	685.480000E-3	253.000000E+0	-1.683000E+0	4.289321E+3	-2.792697E-3	1.220000E+0	NaN	NaN
	03/05/2023 17:06:28	-26.348000E-3	206.000000E-9	175.000000E-9	121.600000E-9	526.100000E-9	683.390000E-3	253.000000E+0	-1.683000E+0	4.288423E+3	-1.549159E-3	1.220000E+0	NaN	NaN
	03/05/2023 17:06:37	-25.806000E-3	205.000000E-9	175.000000E-9	120.900000E-9	525.400000E-9	681.290000E-3	253.000000E+0	-1.683000E+0	4.288759E+3	-1.946723E-3	1.220000E+0	NaN	NaN
	03/05/2023 17:06:45	-24.599000E-3	205.000000E-9	175.000000E-9	120.900000E-9	524.800000E-9	679.200000E-3	253.000000E+0	-1.459000E+0	4.288872E+3	-1.831261E-3	1.220000E+0	NaN	NaN
	03/05/2023 17:06:54	-26.694000E-3	205.000000E-9	175.000000E-9	120.700000E-9	524.800000E-9	677.130000E-3	253.000000E+0	-1.571000E+0	4.288872E+3	-2.760444E-3	1.220000E+0	NaN	NaN
	03/05/2023 17:07:02	-25.558000E-3	205.000000E-9	175.000000E-9	120.600000E-9	524.800000E-9	675.050000E-3	252.000000E+0	-1.683000E+0	4.288535E+3	2.193549E-3	1.220000E+0	NaN	NaN
	03/05/2023 17:07:11	-26.399000E-3	204.000000E-9	174.000000E-9	120.300000E-9	524.800000E-9	672.970000E-3	253.000000E+0	-1.683000E+0	4.288198E+3	2.413833E-3	1.220000E+0	NaN	NaN
	03/05/2023 17:07:19	-26.175000E-3	204.000000E-9	174.000000E-9	119.800000E-9	524.800000E-9	670.900000E-3	252.000000E+0	-1.796000E+0	4.288198E+3	2.121651E-3	1.220000E+0	NaN	NaN
	03/05/2023 17:07:28	-26.152000E-3	204.000000E-9	174.000000E-9	119.800000E-9	524.800000E-9	668.850000E-3	253.000000E+0	-1.796000E+0	4.288198E+3	2.047288E-3	1.220000E+0	NaN	NaN
	03/05/2023 17:07:37	-25.904000E-3	402.000000E-9	342.000000E-9	375.900000E-9	524.200000E-9	663.060000E-3	252.000000E+0	-1.683000E+0	4.288872E+3	-2.737486E-3	1.230000E+0	NaN	NaN
	03/05/2023 17:07:45	-26.250000E-3	1.170000E-6	902.000000E-9	727.500000E-9	524.800000E-9	650.880000E-3	252.000000E+0	-1.683000E+0	4.288647E+3	-5.150423E-3	1.230000E+0	NaN	NaN
	03/05/2023 17:07:54	-26.372000E-3	1.150000E-6	897.000000E-9	652.200000E-9	524.200000E-9	639.410000E-3	252.000000E+0	-1.571000E+0	4.288647E+3	-4.113506E-3	1.230000E+0	NaN	NaN
	03/05/2023 17:08:02	-26.077000E-3	871.000000E-9	695.000000E-9	535.600000E-9	524.800000E-9	630.430000E-3	252.000000E+0	-1.571000E+0	4.287862E+3	378.190000E-6	1.230000E+0	NaN	NaN
	03/05/2023 17:08:11	-26.372000E-3	863.000000E-9	688.000000E-9	534.300000E-9	523.500000E-9	621.440000E-3	252.000000E+0	-1.683000E+0	4.288198E+3	-2.176416E-3	1.230000E+0	NaN	NaN
	03/05/2023 17:08:19	-25.979000E-3	905.000000E-9	719.000000E-9	574.900000E-9	520.400000E-9	611.880000E-3	252.000000E+0	-1.796000E+0	4.288086E+3	2.634005E-3	1.230000E+0	NaN	NaN
	03/05/2023 17:08:28	-25.856000E-3	958.000000E-9	760.000000E-9	593.900000E-9	519.800000E-9	601.960000E-3	252.000000E+0	-1.571000E+0	4.288311E+3	-542.031000E-6	1.230000E+0	NaN	NaN
	03/05/2023 17:08:37	-22.575000E-3	994.000000E-9	789.000000E-9	617.900000E-9	519.800000E-9	591.640000E-3	252.000000E+0	-1.796000E+0	4.287974E+3	-1.265600E-3	1.230000E+0	NaN	NaN
	03/05/2023 17:08:45	-26.372000E-3	1.020000E-6	808.000000E-9	647.500000E-9	519.800000E-9	581.030000E-3	252.000000E+0	-1.796000E+0	4.287974E+3	1.263470E-3	1.230000E+0	NaN	NaN
	03/05/2023 17:08:54	-26.199000E-3	1.100000E-6	866.000000E-9	680.100000E-9	519.800000E-9	569.880000E-3	251.000000E+0	-1.683000E+0	4.287974E+3	-3.735316E-3	1.230000E+0	NaN	NaN
	03/05/2023 17:09:02	-25.240000E-3	1.080000E-6	859.000000E-9	673.700000E-9	519.200000E-9	558.960000E-3	251.000000E+0	-1.683000E+0	4.288423E+3	-4.090101E-3	1.230000E+0	NaN	NaN
	03/05/2023 17:09:11	-26.077000E-3	1.070000E-6	851.000000E-9	664.000000E-9	519.200000E-9	548.190000E-3	251.000000E+0	-1.571000E+0	4.288311E+3	-4.796087E-3	1.230000E+0	NaN	NaN
	03/05/2023 17:09:20	-23.389000E-3	1.060000E-6	841.000000E-9	653.000000E-9	519.200000E-9	537.610000E-3	251.000000E+0	-1.571000E+0	4.287300E+3	-2.208334E-3	1.230000E+0	NaN	NaN
	03/05/2023 17:09:28	-26.423000E-3	1.050000E-6	832.000000E-9	642.900000E-9	518.500000E-9	527.220000E-3	251.000000E+0	-1.796000E+0	4.287637E+3	-644.166000E-6	1.230000E+0	NaN	NaN
	03/05/2023 17:09:37	-25.904000E-3	1.030000E-6	822.000000E-9	631.400000E-9	518.500000E-9	516.980000E-3	251.000000E+0	-1.683000E+0	4.288311E+3	34.269000E-6	1.230000E+0	NaN	NaN
	03/05/2023 17:09:45	-26.372000E-3	1.010000E-6	809.000000E-9	619.400000E-9	517.900000E-9	506.980000E-3	250.000000E+0	-1.571000E+0	4.287974E+3	2.191645E-3	1.230000E+0	NaN	NaN
	03/05/2023 17:09:54	-26.447000E-3	998.000000E-9	797.000000E-9	612.000000E-9	516.700000E-9	497.210000E-3	251.000000E+0	-1.796000E+0	4.288198E+3	-846.868000E-6	1.230000E+0	NaN	NaN
	03/05/2023 17:10:02	-26.175000E-3	981.000000E-9	785.000000E-9	601.000000E-9	516.700000E-9	487.750000E-3	250.000000E+0	-1.571000E+0	4.287749E+3	-4.265927E-3	1.230000E+0	NaN	NaN
	03/05/2023 17:10:11	-26.152000E-3	965.000000E-9	773.000000E-9	591.700000E-9	516.700000E-9	478.350000E-3	250.000000E+0	-1.571000E+0	4.287525E+3	-2.304757E-3	1.230000E+0	NaN	NaN
	03/05/2023 17:10:20	-26.348000E-3	948.000000E-9	761.000000E-9	582.600000E-9	516.100000E-9	469.210000E-3	251.000000E+0	-1.571000E+0	4.288198E+3	-638.007000E-6	1.230000E+0	NaN	NaN
	03/05/2023 17:10:28	-25.830000E-3	932.000000E-9	749.000000E-9	570.800000E-9	516.700000E-9	460.200000E-3	251.000000E+0	-1.683000E+0	4.287862E+3	3.741250E-3	1.230000E+0	NaN	NaN
	03/05/2023 17:10:37	-24.474000E-3	918.000000E-9	738.000000E-9	557.300000E-9	516.100000E-9	451.430000E-3	250.000000E+0	-1.459000E+0	4.288198E+3	2.203516E-3	1.230000E+0	NaN	NaN
	03/05/2023 17:10:45	-26.399000E-3	903.000000E-9	727.000000E-9	549.300000E-9	515.400000E-9	442.790000E-3	252.000000E+0	-1.571000E+0	4.287525E+3	556.254000E-6	1.230000E+0	NaN	NaN
	03/05/2023 17:10:54	-26.053000E-3	888.000000E-9	717.000000E-9	539.500000E-9	515.400000E-9	434.420000E-3	249.000000E+0	-1.796000E+0	4.287413E+3	-771.387000E-6	1.230000E+0	NaN	NaN
	03/05/2023 17:11:02	-26.399000E-3	878.000000E-9	708.000000E-9	533.100000E-9	514.800000E-9	426.060000E-3	250.000000E+0	-1.683000E+0	4.287974E+3	2.280789E-3	1.230000E+0	NaN	NaN
	03/05/2023 17:11:11	-26.226000E-3	867.000000E-9	700.000000E-9	526.100000E-9	514.800000E-9	417.830000E-3	249.000000E+0	-1.683000E+0	4.288086E+3	-1.554534E-3	1.230000E+0	NaN	NaN
	03/05/2023 17:11:20	-26.816000E-3	855.000000E-9	692.000000E-9	519.200000E-9	514.800000E-9	409.770000E-3	251.000000E+0	-1.683000E+0	4.287413E+3	-644.166000E-6	1.230000E+0	NaN	NaN
	03/05/2023 17:11:29	-25.806000E-3	843.000000E-9	683.000000E-9	511.100000E-9	514.200000E-9	401.040000E-3	249.000000E+0	-1.571000E+0	4.288086E+3	1.837643E-3	1.230000E+0	NaN	NaN
	03/05/2023 17:11:38	-26.101000E-3	832.000000E-9	674.000000E-9	505.600000E-9	514.200000E-9	393.330000E-3	250.000000E+0	-1.571000E+0	4.287300E+3	-4.000509E-3	1.230000E+0	NaN	NaN
	03/05/2023 17:11:46	-26.077000E-3	821.000000E-9	666.000000E-9	499.000000E-9	513.600000E-9	385.730000E-3	250.000000E+0	-1.683000E+0	4.287974E+3	379.086000E-6	1.230000E+0	NaN	NaN
	03/05/2023 17:11:55	-25.731000E-3	809.000000E-9	657.000000E-9	491.300000E-9	513.600000E-9	378.220000E-3	250.000000E+0	-1.459000E+0	4.287974E+3	188.479000E-6	1.230000E+0	NaN	NaN
	03/05/2023 17:12:03	-25.955000E-3	799.000000E-9	649.000000E-9	484.300000E-9	513.000000E-9	370.910000E-3	250.000000E+0	-1.683000E+0	4.287974E+3	3.941264E-3	1.230000E+0	NaN	NaN
	03/05/2023 17:12:12	-26.324000E-3	789.000000E-9	641.000000E-9	476.700000E-9	513.000000E-9	363.690000E-3	249.000000E+0	-1.571000E+0	4.287749E+3	-1.213413E-3	1.230000E+0	NaN	NaN
	03/05/2023 17:12:20	-26.101000E-3	779.000000E-9	635.000000E-9	471.000000E-9	513.000000E-9	356.630000E-3	247.000000E+0	-1.683000E+0	4.287862E+3	2.899757E-3	1.230000E+0	NaN	NaN
	03/05/2023 17:12:29	-26.029000E-3	773.000000E-9	629.000000E-9	467.100000E-9	512.300000E-9	349.710000E-3	248.000000E+0	-1.571000E+0	4.287076E+3	-2.409468E-3	1.230000E+0	NaN	NaN
	03/05/2023 17:12:38	-26.199000E-3	772.000000E-9	628.000000E-9	463.200000E-9	511.700000E-9	342.970000E-3	250.000000E+0	-1.571000E+0	4.287862E+3	3.189251E-3	1.230000E+0	NaN	NaN
	03/05/2023 17:12:46	-26.029000E-3	776.000000E-9	630.000000E-9	463.800000E-9	511.700000E-9	336.360000E-3	249.000000E+0	-1.683000E+0	4.287413E+3	-3.204148E-3	1.230000E+0	NaN	NaN
	03/05/2023 17:12:55	-26.399000E-3	783.000000E-9	636.000000E-9	468.200000E-9	511.700000E-9	329.820000E-3	249.000000E+0	-1.683000E+0	4.287413E+3	-3.334280E-3	1.230000E+0	NaN	NaN
	03/05/2023 17:13:03	-26.226000E-3	793.000000E-9	644.000000E-9	471.600000E-9	511.100000E-9	323.430000E-3	248.000000E+0	-1.571000E+0	4.287749E+3	-2.275416E-3	1.230000E+0	NaN	NaN
	03/05/2023 17:13:12	-25.955000E-3	805.000000E-9	652.000000E-9	475.600000E-9	511.100000E-9	317.190000E-3	250.000000E+0	-1.796000E+0	4.287862E+3	691.986000E-6	1.230000E+0	NaN	NaN
	03/05/2023 17:13:20	-26.274000E-3	819.000000E-9	663.000000E-9	481.300000E-9	511.100000E-9	311.080000E-3	248.000000E+0	-1.571000E+0	4.287862E+3	-4.709295E-3	1.230000E+0	NaN	NaN
	03/05/2023 17:13:29	-26.077000E-3	833.000000E-9	674.000000E-9	489.500000E-9	511.100000E-9	305.100000E-3	249.000000E+0	-1.683000E+0	4.287076E+3	-949.003000E-6	1.230000E+0	NaN	NaN
	03/05/2023 17:13:37	-26.199000E-3	850.000000E-9	687.000000E-9	491.300000E-9	511.100000E-9	299.360000E-3	248.000000E+0	-1.571000E+0	4.287637E+3	1.527879E-3	1.230000E+0	NaN	NaN
	03/05/2023 17:13:46	-26.372000E-3	742.000000E-9	606.000000E-9	426.900000E-9	510.500000E-9	294.800000E-3	248.000000E+0	-1.683000E+0	4.286852E+3	-1.347241E-3	1.230000E+0	NaN	NaN
	03/05/2023 17:13:55	-26.128000E-3	746.000000E-9	609.000000E-9	428.900000E-9	510.500000E-9	290.310000E-3	247.000000E+0	-1.571000E+0	4.287188E+3	713.488000E-6	1.230000E+0	NaN	NaN
	03/05/2023 17:14:03	-26.077000E-3	760.000000E-9	619.000000E-9	387.300000E-9	509.900000E-9	286.280000E-3	248.000000E+0	-1.571000E+0	4.287749E+3	1.917604E-3	1.230000E+0	NaN	NaN
	03/05/2023 17:14:12	-25.758000E-3	338.000000E-9	309.000000E-9	168.000000E-9	509.900000E-9	285.540000E-3	245.000000E+0	-1.796000E+0	4.286964E+3	-1.418915E-3	1.230000E+0	NaN	NaN
	03/05/2023 17:14:20	-26.199000E-3	324.000000E-9	278.000000E-9	159.800000E-9	509.900000E-9	285.540000E-3	247.000000E+0	-1.571000E+0	4.287076E+3	-595.003000E-6	1.230000E+0	NaN	NaN
	03/05/2023 17:14:29	-26.101000E-3	314.000000E-9	270.000000E-9	155.200000E-9	509.300000E-9	285.540000E-3	246.000000E+0	-1.683000E+0	4.287300E+3	-2.319764E-3	1.230000E+0	NaN	NaN
	03/05/2023 17:14:38	-26.152000E-3	307.000000E-9	264.000000E-9	151.300000E-9	509.300000E-9	285.540000E-3	247.000000E+0	-1.459000E+0	4.287862E+3	1.174438E-3	1.230000E+0	NaN	NaN
	03/05/2023 17:14:46	-26.250000E-3	302.000000E-9	259.000000E-9	148.200000E-9	508.700000E-9	285.580000E-3	246.000000E+0	-1.796000E+0	4.287188E+3	-4.840995E-3	1.230000E+0	NaN	NaN
	03/05/2023 17:14:55	-25.830000E-3	298.000000E-9	255.000000E-9	146.300000E-9	509.300000E-9	285.580000E-3	247.000000E+0	-1.796000E+0	4.287525E+3	598.810000E-6	1.230000E+0	NaN	NaN
	03/05/2023 17:15:03	-26.175000E-3	295.000000E-9	253.000000E-9	145.100000E-9	508.700000E-9	285.580000E-3	246.000000E+0	-1.459000E+0	4.287637E+3	1.811325E-3	1.230000E+0	NaN	NaN
	03/05/2023 17:15:12	-26.128000E-3	292.000000E-9	251.000000E-9	143.900000E-9	509.300000E-9	285.550000E-3	247.000000E+0	-1.459000E+0	4.287525E+3	2.101381E-3	1.230000E+0	NaN	NaN
	03/05/2023 17:15:21	-26.003000E-3	291.000000E-9	249.000000E-9	143.000000E-9	508.700000E-9	285.580000E-3	246.000000E+0	-1.683000E+0	4.287525E+3	-1.437281E-3	1.230000E+0	NaN	NaN
	03/05/2023 17:15:29	-26.029000E-3	290.000000E-9	248.000000E-9	142.300000E-9	508.700000E-9	285.580000E-3	247.000000E+0	-1.571000E+0	4.287188E+3	-5.150759E-3	1.230000E+0	NaN	NaN
	03/05/2023 17:15:38	-25.412000E-3	288.000000E-9	247.000000E-9	140.900000E-9	508.700000E-9	285.580000E-3	246.000000E+0	-1.796000E+0	4.286852E+3	-3.730613E-3	1.230000E+0	NaN	NaN
	03/05/2023 17:15:46	-26.497000E-3	287.000000E-9	246.000000E-9	140.600000E-9	508.700000E-9	285.590000E-3	246.000000E+0	-1.459000E+0	4.287413E+3	2.015259E-3	1.230000E+0	NaN	NaN
	03/05/2023 17:15:55	-25.904000E-3	287.000000E-9	245.000000E-9	140.400000E-9	508.100000E-9	285.580000E-3	247.000000E+0	-1.571000E+0	4.287413E+3	-803.864000E-6	1.230000E+0	NaN	NaN
	03/05/2023 17:16:03	-25.487000E-3	286.000000E-9	245.000000E-9	139.600000E-9	507.500000E-9	285.620000E-3	245.000000E+0	-1.571000E+0	4.287525E+3	2.402074E-3	1.230000E+0	NaN	NaN
	03/05/2023 17:16:12	-25.263000E-3	285.000000E-9	244.000000E-9	139.300000E-9	506.800000E-9	285.620000E-3	246.000000E+0	-1.683000E+0	4.286964E+3	5.509237E-3	1.230000E+0	NaN	NaN
	03/05/2023 17:16:20	-25.707000E-3	285.000000E-9	244.000000E-9	138.900000E-9	506.800000E-9	285.620000E-3	246.000000E+0	-1.796000E+0	4.287637E+3	-1.832829E-3	1.230000E+0	NaN	NaN
	03/05/2023 17:16:29	-26.226000E-3	284.000000E-9	243.000000E-9	138.600000E-9	506.800000E-9	285.620000E-3	245.000000E+0	-1.459000E+0	4.287300E+3	-4.178015E-3	1.230000E+0	NaN	NaN
	03/05/2023 17:16:37	-25.609000E-3	284.000000E-9	243.000000E-9	138.300000E-9	506.800000E-9	285.620000E-3	245.000000E+0	-1.796000E+0	4.286852E+3	449.864000E-6	1.230000E+0	NaN	NaN
	03/05/2023 17:16:46	-26.399000E-3	283.000000E-9	242.000000E-9	138.100000E-9	506.800000E-9	285.620000E-3	246.000000E+0	-1.571000E+0	4.287413E+3	-2.611945E-3	1.230000E+0	NaN	NaN
	03/05/2023 17:16:55	-26.619000E-3	282.000000E-9	242.000000E-9	138.000000E-9	506.800000E-9	285.620000E-3	245.000000E+0	-1.683000E+0	4.286739E+3	2.027354E-3	1.230000E+0	NaN	NaN
	03/05/2023 17:17:03	-26.301000E-3	282.000000E-9	241.000000E-9	137.500000E-9	506.200000E-9	285.620000E-3	245.000000E+0	-1.571000E+0	4.286964E+3	86.568000E-6	1.230000E+0	NaN	NaN
	03/05/2023 17:17:12	-25.731000E-3	281.000000E-9	241.000000E-9	137.000000E-9	506.200000E-9	285.620000E-3	244.000000E+0	-1.683000E+0	4.287413E+3	-3.366086E-3	1.230000E+0	NaN	NaN
	03/05/2023 17:17:20	-25.460000E-3	281.000000E-9	240.000000E-9	137.000000E-9	506.200000E-9	285.610000E-3	245.000000E+0	-1.459000E+0	4.287300E+3	-1.346457E-3	1.230000E+0	NaN	NaN
	03/05/2023 17:17:29	-26.053000E-3	281.000000E-9	240.000000E-9	136.800000E-9	506.200000E-9	285.620000E-3	244.000000E+0	-1.796000E+0	4.286852E+3	201.022000E-6	1.230000E+0	NaN	NaN
RGA calibration complete	03/05/2023 17:17:37	-26.101000E-3	280.000000E-9	240.000000E-9	136.700000E-9	506.200000E-9	285.620000E-3	244.000000E+0	-1.683000E+0	4.287300E+3	-2.231851E-3	1.230000E+0	NaN	NaN
	03/05/2023 17:17:46	-26.423000E-3	279.000000E-9	239.000000E-9	135.700000E-9	506.200000E-9	285.620000E-3	245.000000E+0	-1.796000E+0	4.286852E+3	1.616575E-3	1.230000E+0	NaN	NaN
injection valve closed & pressure stable	03/05/2023 17:17:55	-26.423000E-3	279.000000E-9	239.000000E-9	135.500000E-9	505.600000E-9	285.620000E-3	244.000000E+0	-1.683000E+0	4.287076E+3	-4.003532E-3	1.230000E+0	NaN	NaN
	03/05/2023 17:18:03	-25.979000E-3	278.000000E-9	239.000000E-9	135.500000E-9	506.200000E-9	285.620000E-3	244.000000E+0	-1.571000E+0	4.286852E+3	1.970799E-3	1.230000E+0	NaN	NaN
	03/05/2023 17:18:12	-25.657000E-3	278.000000E-9	239.000000E-9	135.400000E-9	505.600000E-9	285.620000E-3	243.000000E+0	-1.683000E+0	4.286739E+3	1.174438E-3	1.230000E+0	NaN	NaN
	03/05/2023 17:18:20	-25.806000E-3	278.000000E-9	238.000000E-9	135.000000E-9	505.600000E-9	285.620000E-3	244.000000E+0	-1.571000E+0	4.286852E+3	997.046000E-6	1.230000E+0	NaN	NaN
	03/05/2023 17:18:29	-25.856000E-3	277.000000E-9	238.000000E-9	134.600000E-9	505.600000E-9	285.620000E-3	243.000000E+0	-1.571000E+0	4.286739E+3	2.058263E-3	1.230000E+0	NaN	NaN
	03/05/2023 17:18:37	-25.633000E-3	277.000000E-9	238.000000E-9	134.600000E-9	505.600000E-9	285.620000E-3	244.000000E+0	-1.683000E+0	4.287525E+3	-4.356079E-3	1.230000E+0	NaN	NaN
	03/05/2023 17:18:46	-26.348000E-3	277.000000E-9	237.000000E-9	134.200000E-9	505.600000E-9	285.640000E-3	243.000000E+0	-1.459000E+0	4.287300E+3	1.777504E-3	1.230000E+0	NaN	NaN
	03/05/2023 17:18:54	-26.029000E-3	277.000000E-9	237.000000E-9	134.200000E-9	505.600000E-9	285.630000E-3	243.000000E+0	-1.571000E+0	4.287525E+3	-3.870488E-3	1.230000E+0	NaN	NaN
	03/05/2023 17:19:03	-25.657000E-3	276.000000E-9	237.000000E-9	134.100000E-9	505.600000E-9	285.630000E-3	244.000000E+0	-1.796000E+0	4.287188E+3	-4.555085E-3	1.230000E+0	NaN	NaN
	03/05/2023 17:19:12	-25.657000E-3	276.000000E-9	236.000000E-9	133.700000E-9	505.000000E-9	285.630000E-3	243.000000E+0	-1.347000E+0	4.287413E+3	-2.630760E-3	1.230000E+0	NaN	NaN
	03/05/2023 17:19:20	-26.003000E-3	276.000000E-9	236.000000E-9	133.700000E-9	505.000000E-9	285.620000E-3	243.000000E+0	-1.683000E+0	4.287188E+3	-4.194925E-3	1.230000E+0	NaN	NaN
	03/05/2023 17:19:29	-26.199000E-3	275.000000E-9	236.000000E-9	133.400000E-9	505.600000E-9	285.620000E-3	243.000000E+0	-1.571000E+0	4.287413E+3	3.607422E-3	1.230000E+0	NaN	NaN
	03/05/2023 17:19:37	-26.029000E-3	275.000000E-9	235.000000E-9	133.300000E-9	505.600000E-9	285.620000E-3	243.000000E+0	-1.459000E+0	4.287076E+3	-712.032000E-6	1.230000E+0	NaN	NaN
	03/05/2023 17:19:46	-25.955000E-3	274.000000E-9	235.000000E-9	133.100000E-9	505.000000E-9	285.620000E-3	242.000000E+0	-1.683000E+0	4.287076E+3	2.285605E-3	1.230000E+0	NaN	NaN
	03/05/2023 17:19:55	-26.077000E-3	274.000000E-9	235.000000E-9	132.900000E-9	505.000000E-9	285.620000E-3	242.000000E+0	-1.459000E+0	4.287413E+3	-3.072336E-3	1.230000E+0	NaN	NaN
	03/05/2023 17:20:03	-26.199000E-3	274.000000E-9	235.000000E-9	132.800000E-9	505.600000E-9	285.620000E-3	242.000000E+0	-1.571000E+0	4.286964E+3	200.910000E-6	1.230000E+0	NaN	NaN
	03/05/2023 17:20:12	-26.128000E-3	274.000000E-9	235.000000E-9	132.800000E-9	505.600000E-9	285.620000E-3	242.000000E+0	-1.571000E+0	4.286852E+3	-3.381764E-3	1.230000E+0	NaN	NaN
	03/05/2023 17:20:20	-26.470000E-3	274.000000E-9	235.000000E-9	132.900000E-9	505.600000E-9	285.630000E-3	241.000000E+0	-1.683000E+0	4.287188E+3	-4.974039E-3	1.230000E+0	NaN	NaN
	03/05/2023 17:20:29	-25.585000E-3	274.000000E-9	234.000000E-9	132.600000E-9	505.600000E-9	285.620000E-3	242.000000E+0	-1.571000E+0	4.286852E+3	1.395283E-3	1.230000E+0	NaN	NaN
	03/05/2023 17:20:37	-25.806000E-3	273.000000E-9	234.000000E-9	132.500000E-9	505.600000E-9	285.620000E-3	241.000000E+0	-1.571000E+0	4.286627E+3	2.280677E-3	1.230000E+0	NaN	NaN
	03/05/2023 17:20:46	-25.731000E-3	273.000000E-9	234.000000E-9	132.500000E-9	505.600000E-9	285.620000E-3	242.000000E+0	-1.683000E+0	4.286178E+3	1.899125E-3	1.230000E+0	NaN	NaN
	03/05/2023 17:20:54	-26.003000E-3	273.000000E-9	234.000000E-9	132.000000E-9	505.000000E-9	285.620000E-3	242.000000E+0	-1.683000E+0	4.286066E+3	1.307483E-3	1.230000E+0	NaN	NaN
	03/05/2023 17:21:03	-25.880000E-3	272.000000E-9	234.000000E-9	132.000000E-9	505.000000E-9	285.600000E-3	242.000000E+0	-1.571000E+0	4.286290E+3	-3.362166E-3	1.230000E+0	NaN	NaN
	03/05/2023 17:21:12	-26.128000E-3	272.000000E-9	234.000000E-9	132.000000E-9	505.000000E-9	285.600000E-3	241.000000E+0	-1.571000E+0	4.286515E+3	-2.807256E-3	1.230000E+0	NaN	NaN
	03/05/2023 17:21:20	-26.175000E-3	272.000000E-9	234.000000E-9	131.800000E-9	505.000000E-9	285.590000E-3	241.000000E+0	-1.459000E+0	4.286178E+3	-1.523513E-3	1.230000E+0	NaN	NaN
	03/05/2023 17:21:29	-26.324000E-3	272.000000E-9	233.000000E-9	131.800000E-9	505.000000E-9	285.580000E-3	241.000000E+0	-1.571000E+0	4.286290E+3	-1.788481E-3	1.230000E+0	NaN	NaN
	03/05/2023 17:21:37	-25.731000E-3	272.000000E-9	233.000000E-9	131.800000E-9	505.000000E-9	285.590000E-3	241.000000E+0	-1.459000E+0	4.286627E+3	3.254206E-3	1.230000E+0	NaN	NaN
	03/05/2023 17:21:46	-26.128000E-3	272.000000E-9	233.000000E-9	131.800000E-9	505.000000E-9	285.580000E-3	241.000000E+0	-1.683000E+0	4.286178E+3	-5.106635E-3	1.230000E+0	NaN	NaN
	03/05/2023 17:21:55	-25.979000E-3	271.000000E-9	233.000000E-9	131.600000E-9	505.000000E-9	285.580000E-3	240.000000E+0	-1.571000E+0	4.286178E+3	-948.667000E-6	1.230000E+0	NaN	NaN
	03/05/2023 17:22:03	-26.077000E-3	271.000000E-9	233.000000E-9	131.600000E-9	505.000000E-9	285.580000E-3	241.000000E+0	-1.459000E+0	4.286178E+3	-3.584466E-3	1.230000E+0	NaN	NaN
	03/05/2023 17:22:12	-25.856000E-3	271.000000E-9	232.000000E-9	131.500000E-9	505.000000E-9	285.580000E-3	240.000000E+0	-1.683000E+0	4.286964E+3	3.724339E-3	1.230000E+0	NaN	NaN
	03/05/2023 17:22:20	-26.029000E-3	271.000000E-9	232.000000E-9	130.500000E-9	504.400000E-9	285.580000E-3	240.000000E+0	-1.459000E+0	4.286852E+3	103.367000E-6	1.230000E+0	NaN	NaN
	03/05/2023 17:22:29	-25.511000E-3	270.000000E-9	232.000000E-9	130.500000E-9	504.400000E-9	285.580000E-3	241.000000E+0	-1.347000E+0	4.286627E+3	2.678577E-3	1.230000E+0	NaN	NaN
	03/05/2023 17:22:38	-25.314000E-3	270.000000E-9	232.000000E-9	130.300000E-9	504.400000E-9	285.580000E-3	240.000000E+0	-1.571000E+0	4.286627E+3	-1.170521E-3	1.230000E+0	NaN	NaN
	03/05/2023 17:22:46	-26.003000E-3	270.000000E-9	231.000000E-9	130.500000E-9	500.800000E-9	285.570000E-3	240.000000E+0	-1.459000E+0	4.286852E+3	2.412825E-3	1.230000E+0	NaN	NaN
	03/05/2023 17:22:55	-25.856000E-3	269.000000E-9	231.000000E-9	130.300000E-9	500.800000E-9	285.540000E-3	240.000000E+0	-1.459000E+0	4.287076E+3	1.959936E-3	1.230000E+0	NaN	NaN
	03/05/2023 17:23:03	-25.830000E-3	269.000000E-9	231.000000E-9	130.200000E-9	500.200000E-9	285.550000E-3	240.000000E+0	-1.347000E+0	4.286964E+3	245.258000E-6	1.230000E+0	NaN	NaN
	03/05/2023 17:23:12	-26.053000E-3	269.000000E-9	231.000000E-9	130.300000E-9	500.200000E-9	285.540000E-3	240.000000E+0	-1.459000E+0	4.286403E+3	-2.409580E-3	1.230000E+0	NaN	NaN
	03/05/2023 17:23:20	-25.928000E-3	269.000000E-9	231.000000E-9	130.200000E-9	500.800000E-9	285.540000E-3	239.000000E+0	-1.459000E+0	4.286739E+3	-261.608000E-6	1.230000E+0	NaN	NaN
	03/05/2023 17:23:29	-26.003000E-3	269.000000E-9	230.000000E-9	130.200000E-9	500.800000E-9	285.550000E-3	239.000000E+0	-1.683000E+0	4.286852E+3	4.275668E-3	1.230000E+0	NaN	NaN
	03/05/2023 17:23:38	-26.128000E-3	269.000000E-9	230.000000E-9	130.200000E-9	501.400000E-9	285.540000E-3	239.000000E+0	-1.571000E+0	4.286739E+3	3.126873E-3	1.230000E+0	NaN	NaN
	03/05/2023 17:23:46	-25.731000E-3	269.000000E-9	230.000000E-9	130.200000E-9	500.800000E-9	285.540000E-3	239.000000E+0	-1.459000E+0	4.286403E+3	3.210306E-3	1.230000E+0	NaN	NaN
	03/05/2023 17:23:55	-21.911000E-3	268.000000E-9	230.000000E-9	130.000000E-9	500.200000E-9	285.530000E-3	239.000000E+0	-1.571000E+0	4.285841E+3	-2.568045E-3	1.230000E+0	NaN	NaN
	03/05/2023 17:24:03	-26.003000E-3	268.000000E-9	230.000000E-9	130.000000E-9	500.200000E-9	285.540000E-3	239.000000E+0	-1.459000E+0	4.286739E+3	4.934057E-3	1.230000E+0	NaN	NaN
	03/05/2023 17:24:12	-26.128000E-3	268.000000E-9	230.000000E-9	129.400000E-9	500.800000E-9	285.510000E-3	239.000000E+0	-1.459000E+0	4.286178E+3	-821.782000E-6	1.230000E+0	NaN	NaN
starting esd measurement	03/05/2023 17:24:20	-25.684000E-3	268.000000E-9	230.000000E-9	129.400000E-9	500.800000E-9	285.540000E-3	238.000000E+0	-1.459000E+0	4.286066E+3	-131.812000E-6	1.230000E+0	NaN	NaN
	03/05/2023 17:24:29	-25.758000E-3	268.000000E-9	230.000000E-9	129.400000E-9	500.200000E-9	285.510000E-3	238.000000E+0	-1.571000E+0	4.286739E+3	-2.585404E-3	1.230000E+0	NaN	NaN
	03/05/2023 17:24:38	-26.077000E-3	268.000000E-9	229.000000E-9	129.300000E-9	500.200000E-9	285.510000E-3	239.000000E+0	-1.571000E+0	4.286627E+3	-6.820642E-3	1.230000E+0	NaN	NaN
	03/05/2023 17:24:46	-25.707000E-3	267.000000E-9	230.000000E-9	129.100000E-9	500.200000E-9	285.510000E-3	238.000000E+0	-1.459000E+0	4.286627E+3	-4.322146E-3	1.230000E+0	NaN	NaN
	03/05/2023 17:24:55	-25.657000E-3	267.000000E-9	229.000000E-9	129.300000E-9	500.200000E-9	285.500000E-3	238.000000E+0	-1.459000E+0	4.286290E+3	3.089804E-3	1.230000E+0	NaN	NaN
	03/05/2023 17:25:03	-25.657000E-3	267.000000E-9	229.000000E-9	129.100000E-9	500.200000E-9	285.500000E-3	238.000000E+0	-1.683000E+0	4.286403E+3	300.245000E-6	1.230000E+0	NaN	NaN
	03/05/2023 17:25:12	-26.053000E-3	267.000000E-9	229.000000E-9	129.100000E-9	500.800000E-9	285.500000E-3	238.000000E+0	-1.571000E+0	4.286515E+3	1.829692E-3	1.230000E+0	NaN	NaN
	03/05/2023 17:25:20	-25.535000E-3	267.000000E-9	229.000000E-9	129.000000E-9	500.200000E-9	285.510000E-3	237.000000E+0	-1.571000E+0	4.286178E+3	-1.479613E-3	1.230000E+0	NaN	NaN
	03/05/2023 17:25:29	-25.979000E-3	267.000000E-9	229.000000E-9	128.800000E-9	500.200000E-9	285.500000E-3	238.000000E+0	-1.571000E+0	4.285841E+3	-673.172000E-6	1.230000E+0	NaN	NaN
	03/05/2023 17:25:37	-25.535000E-3	266.000000E-9	229.000000E-9	128.800000E-9	500.200000E-9	285.480000E-3	238.000000E+0	-1.571000E+0	4.286515E+3	2.854962E-3	1.230000E+0	NaN	NaN
	03/05/2023 17:25:46	-25.904000E-3	266.000000E-9	229.000000E-9	129.000000E-9	500.200000E-9	285.460000E-3	238.000000E+0	-1.459000E+0	4.286290E+3	-1.044308E-3	1.230000E+0	NaN	NaN
	03/05/2023 17:25:55	-25.731000E-3	266.000000E-9	229.000000E-9	128.700000E-9	500.200000E-9	285.480000E-3	237.000000E+0	-1.571000E+0	4.286178E+3	3.706757E-3	1.230000E+0	NaN	NaN
	03/05/2023 17:26:03	-25.386000E-3	266.000000E-9	229.000000E-9	128.700000E-9	500.200000E-9	285.470000E-3	237.000000E+0	-1.459000E+0	4.286852E+3	977.560000E-6	1.230000E+0	NaN	NaN
	03/05/2023 17:26:12	-25.782000E-3	266.000000E-9	229.000000E-9	128.800000E-9	500.200000E-9	285.470000E-3	238.000000E+0	-1.683000E+0	4.286290E+3	-2.005742E-3	1.230000E+0	NaN	NaN
	03/05/2023 17:26:20	-26.199000E-3	266.000000E-9	228.000000E-9	128.800000E-9	500.200000E-9	285.460000E-3	237.000000E+0	-1.683000E+0	4.285954E+3	-1.404468E-3	1.230000E+0	NaN	NaN
	03/05/2023 17:26:29	-25.114000E-3	267.000000E-9	229.000000E-9	128.700000E-9	500.800000E-9	285.460000E-3	237.000000E+0	-1.683000E+0	4.286403E+3	-8.113790E-3	1.230000E+0	NaN	NaN
	03/05/2023 17:26:37	-25.487000E-3	266.000000E-9	229.000000E-9	128.700000E-9	500.200000E-9	285.460000E-3	236.000000E+0	-1.683000E+0	4.286178E+3	-1.713000E-3	1.230000E+0	NaN	NaN
	03/05/2023 17:26:46	-25.362000E-3	266.000000E-9	229.000000E-9	128.700000E-9	500.200000E-9	285.450000E-3	237.000000E+0	-1.571000E+0	4.286403E+3	3.253422E-3	1.230000E+0	NaN	NaN
	03/05/2023 17:26:54	-25.707000E-3	266.000000E-9	228.000000E-9	128.500000E-9	500.200000E-9	285.460000E-3	237.000000E+0	-1.571000E+0	4.286403E+3	-19.486000E-6	1.230000E+0	NaN	NaN
	03/05/2023 17:27:03	-26.152000E-3	266.000000E-9	228.000000E-9	128.800000E-9	500.200000E-9	285.430000E-3	237.000000E+0	-1.571000E+0	4.286739E+3	-1.789153E-3	1.230000E+0	NaN	NaN
	03/05/2023 17:27:12	-25.782000E-3	266.000000E-9	228.000000E-9	128.700000E-9	500.200000E-9	285.440000E-3	236.000000E+0	-1.683000E+0	4.287188E+3	5.067325E-3	1.230000E+0	NaN	NaN
	03/05/2023 17:27:20	-25.609000E-3	266.000000E-9	228.000000E-9	128.500000E-9	500.200000E-9	285.420000E-3	236.000000E+0	-1.571000E+0	4.287413E+3	-4.433912E-3	1.230000E+0	NaN	NaN
	03/05/2023 17:27:29	-23.192000E-3	267.000000E-9	228.000000E-9	128.700000E-9	500.200000E-9	285.420000E-3	236.000000E+0	-1.459000E+0	4.287637E+3	-3.905317E-3	1.230000E+0	NaN	NaN
	03/05/2023 17:27:37	-25.585000E-3	266.000000E-9	228.000000E-9	128.500000E-9	500.200000E-9	285.430000E-3	236.000000E+0	-1.683000E+0	4.286964E+3	6.637875E-3	1.230000E+0	NaN	NaN
	03/05/2023 17:27:46	-25.633000E-3	266.000000E-9	228.000000E-9	128.400000E-9	500.200000E-9	285.430000E-3	235.000000E+0	-1.683000E+0	4.286739E+3	5.635114E-3	1.230000E+0	NaN	NaN
	03/05/2023 17:27:55	-25.928000E-3	266.000000E-9	228.000000E-9	128.700000E-9	500.200000E-9	285.420000E-3	236.000000E+0	-1.571000E+0	4.287974E+3	-4.315650E-3	1.230000E+0	NaN	NaN
	03/05/2023 17:28:03	-25.487000E-3	266.000000E-9	228.000000E-9	128.400000E-9	500.200000E-9	285.430000E-3	236.000000E+0	-1.571000E+0	4.287637E+3	-969.721000E-6	1.230000E+0	NaN	NaN
	03/05/2023 17:28:12	-21.812000E-3	266.000000E-9	228.000000E-9	128.400000E-9	500.200000E-9	285.420000E-3	235.000000E+0	-1.796000E+0	4.288086E+3	-7.184945E-3	1.230000E+0	NaN	NaN
	03/05/2023 17:28:20	-25.114000E-3	266.000000E-9	228.000000E-9	128.400000E-9	500.200000E-9	285.410000E-3	235.000000E+0	-1.571000E+0	4.287525E+3	5.775437E-3	1.230000E+0	NaN	NaN
	03/05/2023 17:28:29	-25.979000E-3	266.000000E-9	228.000000E-9	128.400000E-9	500.200000E-9	285.390000E-3	236.000000E+0	-1.571000E+0	4.287974E+3	-1.745253E-3	1.230000E+0	NaN	NaN
	03/05/2023 17:28:37	-25.758000E-3	266.000000E-9	228.000000E-9	128.400000E-9	500.200000E-9	285.390000E-3	236.000000E+0	-1.571000E+0	4.287862E+3	-2.717776E-3	1.230000E+0	NaN	NaN
	03/05/2023 17:28:46	-25.830000E-3	266.000000E-9	228.000000E-9	128.500000E-9	500.200000E-9	285.380000E-3	234.000000E+0	-1.571000E+0	4.288198E+3	-3.405730E-3	1.230000E+0	NaN	NaN
	03/05/2023 17:28:54	-22.921000E-3	290.000000E-9	247.000000E-9	142.300000E-9	500.200000E-9	285.390000E-3	235.000000E+0	-1.459000E+0	4.287749E+3	5.111449E-3	1.230000E+0	NaN	NaN
	03/05/2023 17:29:03	-26.029000E-3	293.000000E-9	250.000000E-9	142.900000E-9	500.200000E-9	285.380000E-3	235.000000E+0	-1.571000E+0	4.287749E+3	4.091778E-3	1.230000E+0	NaN	NaN
	03/05/2023 17:29:12	-25.535000E-3	292.000000E-9	250.000000E-9	142.700000E-9	500.200000E-9	285.380000E-3	234.000000E+0	-1.571000E+0	4.288423E+3	-6.874845E-3	1.230000E+0	NaN	NaN
	03/05/2023 17:29:20	-26.152000E-3	292.000000E-9	250.000000E-9	142.700000E-9	500.800000E-9	285.380000E-3	235.000000E+0	-1.347000E+0	4.287862E+3	-551.214000E-6	1.230000E+0	NaN	NaN
	03/05/2023 17:29:29	-21.616000E-3	292.000000E-9	249.000000E-9	142.500000E-9	500.800000E-9	285.350000E-3	235.000000E+0	-1.459000E+0	4.287637E+3	3.484009E-3	1.230000E+0	NaN	NaN
	03/05/2023 17:29:37	-25.758000E-3	292.000000E-9	249.000000E-9	142.700000E-9	500.800000E-9	285.380000E-3	234.000000E+0	-1.571000E+0	4.288311E+3	-7.628986E-3	1.230000E+0	NaN	NaN
	03/05/2023 17:29:46	-25.657000E-3	292.000000E-9	250.000000E-9	142.500000E-9	501.400000E-9	285.350000E-3	234.000000E+0	-1.571000E+0	4.288311E+3	-8.320971E-3	1.230000E+0	NaN	NaN
	03/05/2023 17:29:54	-25.904000E-3	292.000000E-9	249.000000E-9	142.500000E-9	504.400000E-9	285.350000E-3	234.000000E+0	-1.459000E+0	4.287749E+3	4.118656E-3	1.230000E+0	NaN	NaN
	03/05/2023 17:30:03	-25.338000E-3	292.000000E-9	250.000000E-9	142.500000E-9	505.000000E-9	285.360000E-3	234.000000E+0	-1.459000E+0	4.287974E+3	-2.313492E-3	1.230000E+0	NaN	NaN
	03/05/2023 17:30:12	-25.633000E-3	292.000000E-9	250.000000E-9	142.700000E-9	505.000000E-9	285.350000E-3	234.000000E+0	-1.459000E+0	4.287749E+3	7.286296E-3	1.230000E+0	NaN	NaN
	03/05/2023 17:30:20	-25.731000E-3	293.000000E-9	250.000000E-9	142.900000E-9	505.000000E-9	285.340000E-3	234.000000E+0	-1.459000E+0	4.287525E+3	2.235881E-3	1.230000E+0	NaN	NaN
	03/05/2023 17:30:29	-25.830000E-3	293.000000E-9	250.000000E-9	143.000000E-9	505.000000E-9	285.330000E-3	234.000000E+0	-1.459000E+0	4.287749E+3	5.553473E-3	1.230000E+0	NaN	NaN
	03/05/2023 17:30:37	-25.731000E-3	293.000000E-9	250.000000E-9	143.200000E-9	505.000000E-9	285.330000E-3	234.000000E+0	-1.459000E+0	4.288423E+3	-7.274985E-3	1.230000E+0	NaN	NaN
	03/05/2023 17:30:46	-25.633000E-3	293.000000E-9	250.000000E-9	143.200000E-9	505.000000E-9	285.300000E-3	234.000000E+0	-1.459000E+0	4.287637E+3	6.397320E-3	1.230000E+0	NaN	NaN
	03/05/2023 17:30:54	-25.830000E-3	293.000000E-9	250.000000E-9	143.200000E-9	505.000000E-9	285.300000E-3	234.000000E+0	-1.459000E+0	4.287525E+3	5.811722E-3	1.230000E+0	NaN	NaN
	03/05/2023 17:31:03	-25.067000E-3	293.000000E-9	250.000000E-9	143.400000E-9	505.000000E-9	285.310000E-3	233.000000E+0	-1.571000E+0	4.287749E+3	7.103305E-3	1.230000E+0	NaN	NaN
	03/05/2023 17:31:12	-25.782000E-3	293.000000E-9	251.000000E-9	143.400000E-9	505.000000E-9	285.300000E-3	233.000000E+0	-1.571000E+0	4.288198E+3	-5.702534E-3	1.230000E+0	NaN	NaN
	03/05/2023 17:31:20	-22.674000E-3	294.000000E-9	251.000000E-9	143.600000E-9	505.000000E-9	285.300000E-3	233.000000E+0	-1.459000E+0	4.287637E+3	4.347005E-3	1.230000E+0	NaN	NaN
	03/05/2023 17:31:29	-21.517000E-3	294.000000E-9	251.000000E-9	143.600000E-9	505.000000E-9	285.280000E-3	233.000000E+0	-1.459000E+0	4.287862E+3	-5.836026E-3	1.230000E+0	NaN	NaN
	03/05/2023 17:31:37	-25.338000E-3	294.000000E-9	251.000000E-9	143.600000E-9	505.000000E-9	285.260000E-3	233.000000E+0	-1.571000E+0	4.287637E+3	5.063517E-3	1.230000E+0	NaN	NaN
	03/05/2023 17:31:46	-25.979000E-3	294.000000E-9	251.000000E-9	139.300000E-9	505.000000E-9	285.290000E-3	233.000000E+0	-1.459000E+0	4.287637E+3	-1.788593E-3	1.230000E+0	NaN	NaN
	03/05/2023 17:31:54	-26.053000E-3	269.000000E-9	231.000000E-9	129.400000E-9	505.600000E-9	285.250000E-3	233.000000E+0	-1.347000E+0	4.287525E+3	5.403071E-3	1.230000E+0	NaN	NaN
	03/05/2023 17:32:03	-26.301000E-3	269.000000E-9	230.000000E-9	129.300000E-9	505.600000E-9	285.260000E-3	232.000000E+0	-1.459000E+0	4.287413E+3	6.814371E-3	1.230000E+0	NaN	NaN
	03/05/2023 17:32:11	-22.084000E-3	269.000000E-9	230.000000E-9	129.900000E-9	505.600000E-9	285.260000E-3	232.000000E+0	-1.459000E+0	4.288423E+3	-5.547988E-3	1.230000E+0	NaN	NaN
	03/05/2023 17:32:20	-25.904000E-3	269.000000E-9	230.000000E-9	129.900000E-9	505.600000E-9	285.260000E-3	232.000000E+0	-1.459000E+0	4.287974E+3	-2.590443E-3	1.230000E+0	NaN	NaN
	03/05/2023 17:32:29	-25.558000E-3	269.000000E-9	231.000000E-9	130.000000E-9	505.600000E-9	285.270000E-3	232.000000E+0	-1.571000E+0	4.287862E+3	-1.301997E-3	1.230000E+0	NaN	NaN
	03/05/2023 17:32:37	-25.782000E-3	269.000000E-9	230.000000E-9	130.000000E-9	505.600000E-9	285.260000E-3	232.000000E+0	-1.571000E+0	4.288423E+3	-8.600164E-3	1.230000E+0	NaN	NaN
	03/05/2023 17:32:46	-25.684000E-3	269.000000E-9	231.000000E-9	130.000000E-9	505.600000E-9	285.250000E-3	231.000000E+0	-1.571000E+0	4.288311E+3	-1.346681E-3	1.230000E+0	NaN	NaN
	03/05/2023 17:32:54	-22.206000E-3	269.000000E-9	231.000000E-9	130.200000E-9	505.600000E-9	285.240000E-3	231.000000E+0	-1.347000E+0	4.287974E+3	3.790749E-3	1.230000E+0	NaN	NaN
	03/05/2023 17:33:03	-25.633000E-3	269.000000E-9	231.000000E-9	130.000000E-9	505.600000E-9	285.230000E-3	231.000000E+0	-1.459000E+0	4.287974E+3	5.507109E-3	1.230000E+0	NaN	NaN
	03/05/2023 17:33:11	-25.338000E-3	269.000000E-9	231.000000E-9	130.200000E-9	505.600000E-9	285.220000E-3	232.000000E+0	-1.683000E+0	4.288198E+3	-2.273736E-3	1.230000E+0	NaN	NaN
	03/05/2023 17:33:20	-25.287000E-3	269.000000E-9	231.000000E-9	130.000000E-9	505.600000E-9	285.220000E-3	231.000000E+0	-1.459000E+0	4.288311E+3	262.952000E-6	1.230000E+0	NaN	NaN
	03/05/2023 17:33:29	-24.772000E-3	269.000000E-9	231.000000E-9	130.000000E-9	506.200000E-9	285.220000E-3	230.000000E+0	-1.683000E+0	4.288535E+3	-3.404722E-3	1.230000E+0	NaN	NaN
	03/05/2023 17:33:37	-24.572000E-3	269.000000E-9	231.000000E-9	130.200000E-9	506.200000E-9	285.210000E-3	231.000000E+0	-1.459000E+0	4.287862E+3	2.766713E-3	1.230000E+0	NaN	NaN
	03/05/2023 17:33:46	-25.535000E-3	269.000000E-9	231.000000E-9	130.200000E-9	506.200000E-9	285.190000E-3	231.000000E+0	-1.571000E+0	4.288423E+3	-6.057542E-3	1.230000E+0	NaN	NaN
	03/05/2023 17:33:54	-25.362000E-3	269.000000E-9	231.000000E-9	130.200000E-9	506.200000E-9	285.180000E-3	230.000000E+0	-1.683000E+0	4.288647E+3	-1.678507E-3	1.230000E+0	NaN	NaN
	03/05/2023 17:34:03	-25.758000E-3	269.000000E-9	231.000000E-9	130.200000E-9	506.200000E-9	285.190000E-3	230.000000E+0	-1.459000E+0	4.288759E+3	-5.461195E-3	1.230000E+0	NaN	NaN
	03/05/2023 17:34:12	-25.558000E-3	270.000000E-9	231.000000E-9	130.200000E-9	506.800000E-9	285.190000E-3	230.000000E+0	-1.571000E+0	4.288198E+3	6.839457E-3	1.230000E+0	NaN	NaN
	03/05/2023 17:34:20	-25.535000E-3	270.000000E-9	231.000000E-9	130.200000E-9	506.800000E-9	285.180000E-3	230.000000E+0	-1.347000E+0	4.288198E+3	5.686293E-3	1.230000E+0	NaN	NaN
	03/05/2023 17:34:29	-25.609000E-3	270.000000E-9	231.000000E-9	130.200000E-9	507.500000E-9	285.180000E-3	230.000000E+0	-1.571000E+0	4.288198E+3	-2.054907E-3	1.230000E+0	NaN	NaN
	03/05/2023 17:34:37	-24.992000E-3	270.000000E-9	231.000000E-9	130.200000E-9	508.700000E-9	285.180000E-3	230.000000E+0	-1.459000E+0	4.288984E+3	-5.857976E-3	1.230000E+0	NaN	NaN
	03/05/2023 17:34:46	-25.684000E-3	270.000000E-9	231.000000E-9	130.300000E-9	508.700000E-9	285.140000E-3	230.000000E+0	-1.571000E+0	4.288311E+3	3.579760E-3	1.230000E+0	NaN	NaN
	03/05/2023 17:34:54	-25.782000E-3	270.000000E-9	231.000000E-9	130.200000E-9	508.700000E-9	285.180000E-3	230.000000E+0	-1.459000E+0	4.288647E+3	-4.777833E-3	1.230000E+0	NaN	NaN
	03/05/2023 17:35:03	-25.609000E-3	270.000000E-9	231.000000E-9	130.300000E-9	509.300000E-9	285.150000E-3	230.000000E+0	-1.683000E+0	4.288198E+3	7.162771E-3	1.230000E+0	NaN	NaN
	03/05/2023 17:35:12	-25.091000E-3	270.000000E-9	232.000000E-9	130.300000E-9	511.100000E-9	285.170000E-3	230.000000E+0	-1.571000E+0	4.288535E+3	-5.524246E-3	1.230000E+0	NaN	NaN
	03/05/2023 17:35:20	-25.338000E-3	271.000000E-9	232.000000E-9	130.300000E-9	513.600000E-9	285.140000E-3	229.000000E+0	-1.571000E+0	4.287749E+3	-3.967472E-3	1.230000E+0	NaN	NaN
	03/05/2023 17:35:29	-25.240000E-3	271.000000E-9	232.000000E-9	130.300000E-9	514.200000E-9	285.150000E-3	229.000000E+0	-1.347000E+0	4.287862E+3	4.944472E-3	1.230000E+0	NaN	NaN
	03/05/2023 17:35:37	-25.240000E-3	271.000000E-9	232.000000E-9	130.500000E-9	514.200000E-9	285.140000E-3	230.000000E+0	-1.459000E+0	4.288086E+3	5.510133E-3	1.230000E+0	NaN	NaN
	03/05/2023 17:35:46	-25.806000E-3	271.000000E-9	232.000000E-9	130.500000E-9	513.600000E-9	285.140000E-3	228.000000E+0	-1.459000E+0	4.288086E+3	5.033168E-3	1.230000E+0	NaN	NaN
	03/05/2023 17:35:54	-23.711000E-3	271.000000E-9	232.000000E-9	130.300000E-9	513.000000E-9	285.130000E-3	229.000000E+0	-1.459000E+0	4.288086E+3	6.925241E-3	1.230000E+0	NaN	NaN
	03/05/2023 17:36:03	-26.003000E-3	271.000000E-9	232.000000E-9	130.500000E-9	511.700000E-9	285.140000E-3	229.000000E+0	-1.459000E+0	4.288086E+3	6.085537E-3	1.230000E+0	NaN	NaN
	03/05/2023 17:36:11	-26.029000E-3	271.000000E-9	233.000000E-9	130.500000E-9	511.700000E-9	285.110000E-3	229.000000E+0	-1.571000E+0	4.288423E+3	-5.138552E-3	1.230000E+0	NaN	NaN
	03/05/2023 17:36:20	-25.782000E-3	271.000000E-9	233.000000E-9	130.300000E-9	511.700000E-9	285.100000E-3	229.000000E+0	-1.347000E+0	4.288423E+3	-4.531455E-3	1.230000E+0	NaN	NaN
	03/05/2023 17:36:28	-21.219000E-3	271.000000E-9	233.000000E-9	130.300000E-9	511.700000E-9	285.100000E-3	229.000000E+0	-1.571000E+0	4.288984E+3	-4.486995E-3	1.230000E+0	NaN	NaN
	03/05/2023 17:36:37	-25.263000E-3	272.000000E-9	233.000000E-9	130.500000E-9	512.300000E-9	285.100000E-3	228.000000E+0	-1.571000E+0	4.288535E+3	4.669424E-3	1.230000E+0	NaN	NaN
	03/05/2023 17:36:46	-24.819000E-3	272.000000E-9	233.000000E-9	130.700000E-9	512.300000E-9	285.100000E-3	229.000000E+0	-1.459000E+0	4.288311E+3	5.291977E-3	1.230000E+0	NaN	NaN
	03/05/2023 17:36:54	-25.758000E-3	272.000000E-9	233.000000E-9	130.500000E-9	513.000000E-9	285.110000E-3	229.000000E+0	-1.571000E+0	4.289096E+3	-3.867689E-3	1.230000E+0	NaN	NaN
	03/05/2023 17:37:03	-25.460000E-3	272.000000E-9	233.000000E-9	130.700000E-9	514.800000E-9	285.100000E-3	228.000000E+0	-1.459000E+0	4.288759E+3	-7.583742E-3	1.230000E+0	NaN	NaN
	03/05/2023 17:37:11	-25.904000E-3	272.000000E-9	233.000000E-9	131.300000E-9	514.800000E-9	285.100000E-3	228.000000E+0	-1.459000E+0	4.288423E+3	168.097000E-6	1.230000E+0	NaN	NaN
	03/05/2023 17:37:20	-24.328000E-3	272.000000E-9	233.000000E-9	131.500000E-9	514.800000E-9	285.100000E-3	228.000000E+0	-1.347000E+0	4.288423E+3	-5.616301E-3	1.230000E+0	NaN	NaN
	03/05/2023 17:37:28	-25.830000E-3	272.000000E-9	233.000000E-9	131.500000E-9	516.100000E-9	285.100000E-3	227.000000E+0	-1.571000E+0	4.288872E+3	4.979077E-3	1.230000E+0	NaN	NaN
	03/05/2023 17:37:37	-25.314000E-3	272.000000E-9	233.000000E-9	131.600000E-9	516.100000E-9	285.100000E-3	228.000000E+0	-1.571000E+0	4.289096E+3	2.072822E-3	1.230000E+0	NaN	NaN
	03/05/2023 17:37:46	-25.412000E-3	272.000000E-9	233.000000E-9	131.600000E-9	516.100000E-9	285.080000E-3	228.000000E+0	-1.347000E+0	4.288984E+3	-417.946000E-6	1.230000E+0	NaN	NaN
	03/05/2023 17:37:54	-25.535000E-3	272.000000E-9	233.000000E-9	131.600000E-9	516.700000E-9	285.070000E-3	228.000000E+0	-1.571000E+0	4.289208E+3	-681.235000E-6	1.230000E+0	NaN	NaN
	03/05/2023 17:38:03	-25.782000E-3	273.000000E-9	233.000000E-9	131.600000E-9	518.500000E-9	285.080000E-3	228.000000E+0	-1.683000E+0	4.288984E+3	2.369037E-3	1.230000E+0	NaN	NaN
	03/05/2023 17:38:12	-25.165000E-3	272.000000E-9	233.000000E-9	131.600000E-9	518.500000E-9	285.080000E-3	228.000000E+0	-1.571000E+0	4.288647E+3	5.067997E-3	1.230000E+0	NaN	NaN
	03/05/2023 17:38:21	-21.812000E-3	273.000000E-9	234.000000E-9	131.600000E-9	519.200000E-9	285.070000E-3	227.000000E+0	-1.571000E+0	4.289208E+3	2.004844E-3	1.230000E+0	NaN	NaN
	03/05/2023 17:38:29	-25.141000E-3	273.000000E-9	234.000000E-9	131.600000E-9	519.200000E-9	285.070000E-3	227.000000E+0	-1.347000E+0	4.288647E+3	5.730641E-3	1.230000E+0	NaN	NaN
	03/05/2023 17:38:38	-25.684000E-3	273.000000E-9	234.000000E-9	131.800000E-9	519.800000E-9	285.060000E-3	226.000000E+0	-1.459000E+0	4.288759E+3	-5.527941E-3	1.230000E+0	NaN	NaN
	03/05/2023 17:38:46	-25.216000E-3	273.000000E-9	234.000000E-9	131.800000E-9	519.800000E-9	285.030000E-3	228.000000E+0	-1.571000E+0	4.289321E+3	525.121000E-6	1.230000E+0	NaN	NaN
	03/05/2023 17:38:55	-25.511000E-3	273.000000E-9	234.000000E-9	131.800000E-9	519.800000E-9	285.060000E-3	226.000000E+0	-1.459000E+0	4.288647E+3	255.449000E-6	1.230000E+0	NaN	NaN
	03/05/2023 17:39:03	-25.287000E-3	281.000000E-9	238.000000E-9	139.900000E-9	519.800000E-9	285.030000E-3	226.000000E+0	-1.459000E+0	4.289096E+3	1.033779E-3	1.230000E+0	NaN	NaN
	03/05/2023 17:39:12	-25.880000E-3	302.000000E-9	257.000000E-9	147.900000E-9	519.800000E-9	285.060000E-3	226.000000E+0	-1.459000E+0	4.289208E+3	-5.262413E-3	1.230000E+0	NaN	NaN
	03/05/2023 17:39:21	-25.412000E-3	304.000000E-9	259.000000E-9	148.100000E-9	519.800000E-9	285.020000E-3	226.000000E+0	-1.571000E+0	4.288872E+3	4.934617E-3	1.230000E+0	NaN	NaN
	03/05/2023 17:39:29	-25.856000E-3	304.000000E-9	259.000000E-9	148.200000E-9	520.400000E-9	285.020000E-3	226.000000E+0	-1.571000E+0	4.289208E+3	-4.960936E-3	1.230000E+0	NaN	NaN
	03/05/2023 17:39:38	-25.338000E-3	304.000000E-9	259.000000E-9	148.100000E-9	519.800000E-9	285.030000E-3	227.000000E+0	-1.571000E+0	4.288647E+3	-2.276311E-3	1.230000E+0	NaN	NaN
	03/05/2023 17:39:46	-25.114000E-3	305.000000E-9	260.000000E-9	148.900000E-9	520.400000E-9	285.030000E-3	226.000000E+0	-1.571000E+0	4.289096E+3	3.740018E-3	1.230000E+0	NaN	NaN
	03/05/2023 17:39:55	-25.263000E-3	305.000000E-9	260.000000E-9	149.100000E-9	519.800000E-9	285.020000E-3	226.000000E+0	-1.571000E+0	4.289433E+3	-3.619407E-3	1.230000E+0	NaN	NaN
	03/05/2023 17:40:03	-25.684000E-3	306.000000E-9	261.000000E-9	149.300000E-9	520.400000E-9	285.000000E-3	226.000000E+0	-1.459000E+0	4.289321E+3	-4.284181E-3	1.230000E+0	NaN	NaN
	03/05/2023 17:40:12	-21.690000E-3	306.000000E-9	261.000000E-9	149.300000E-9	519.800000E-9	285.020000E-3	226.000000E+0	-1.459000E+0	4.289208E+3	-3.713926E-3	1.230000E+0	NaN	NaN
	03/05/2023 17:40:21	-24.992000E-3	306.000000E-9	261.000000E-9	149.300000E-9	520.400000E-9	285.020000E-3	226.000000E+0	-1.459000E+0	4.288872E+3	-4.596857E-3	1.230000E+0	NaN	NaN
	03/05/2023 17:40:29	-25.436000E-3	306.000000E-9	261.000000E-9	149.500000E-9	519.800000E-9	285.010000E-3	225.000000E+0	-1.683000E+0	4.289208E+3	-3.898150E-3	1.230000E+0	NaN	NaN
	03/05/2023 17:40:38	-25.436000E-3	307.000000E-9	262.000000E-9	149.600000E-9	519.800000E-9	284.990000E-3	225.000000E+0	-1.683000E+0	4.288872E+3	-2.186496E-3	1.230000E+0	NaN	NaN
	03/05/2023 17:40:46	-25.684000E-3	307.000000E-9	262.000000E-9	150.000000E-9	520.400000E-9	284.990000E-3	225.000000E+0	-1.459000E+0	4.288984E+3	-1.169401E-3	1.230000E+0	NaN	NaN
	03/05/2023 17:40:55	-25.511000E-3	307.000000E-9	262.000000E-9	149.800000E-9	520.400000E-9	284.980000E-3	225.000000E+0	-1.571000E+0	4.289208E+3	4.270628E-3	1.230000E+0	NaN	NaN
	03/05/2023 17:41:04	-25.487000E-3	308.000000E-9	262.000000E-9	150.200000E-9	524.800000E-9	284.980000E-3	225.000000E+0	-1.571000E+0	4.289545E+3	-4.395611E-3	1.230000E+0	NaN	NaN
	03/05/2023 17:41:12	-25.511000E-3	308.000000E-9	263.000000E-9	150.400000E-9	524.800000E-9	284.980000E-3	225.000000E+0	-1.571000E+0	4.289433E+3	-4.008460E-3	1.230000E+0	NaN	NaN
	03/05/2023 17:41:21	-25.657000E-3	308.000000E-9	263.000000E-9	150.600000E-9	524.800000E-9	284.980000E-3	225.000000E+0	-1.459000E+0	4.289208E+3	-4.495506E-3	1.230000E+0	NaN	NaN
	03/05/2023 17:41:29	-24.968000E-3	309.000000E-9	263.000000E-9	149.800000E-9	526.700000E-9	284.980000E-3	225.000000E+0	-1.347000E+0	4.289433E+3	-4.884559E-3	1.230000E+0	NaN	NaN
	03/05/2023 17:41:38	-25.609000E-3	283.000000E-9	243.000000E-9	137.000000E-9	527.300000E-9	284.990000E-3	224.000000E+0	-1.571000E+0	4.289433E+3	-985.177000E-6	1.230000E+0	NaN	NaN
	03/05/2023 17:41:47	-25.558000E-3	283.000000E-9	242.000000E-9	137.200000E-9	533.700000E-9	284.980000E-3	224.000000E+0	-1.683000E+0	4.288647E+3	3.588272E-3	1.230000E+0	NaN	NaN
	03/05/2023 17:41:55	-24.894000E-3	284.000000E-9	243.000000E-9	137.300000E-9	534.300000E-9	284.980000E-3	224.000000E+0	-1.571000E+0	4.288311E+3	1.005670E-3	1.230000E+0	NaN	NaN
	03/05/2023 17:42:04	-21.023000E-3	284.000000E-9	243.000000E-9	137.300000E-9	531.100000E-9	284.980000E-3	224.000000E+0	-1.459000E+0	4.288984E+3	-4.178799E-3	1.230000E+0	NaN	NaN
	03/05/2023 17:42:12	-25.016000E-3	284.000000E-9	243.000000E-9	137.500000E-9	528.600000E-9	284.970000E-3	224.000000E+0	-1.571000E+0	4.289321E+3	-2.822822E-3	1.230000E+0	NaN	NaN
	03/05/2023 17:42:21	-25.585000E-3	284.000000E-9	243.000000E-9	137.300000E-9	526.100000E-9	284.950000E-3	224.000000E+0	-1.796000E+0	4.288198E+3	-1.700345E-3	1.230000E+0	NaN	NaN
	03/05/2023 17:42:29	-21.565000E-3	284.000000E-9	243.000000E-9	137.800000E-9	531.100000E-9	284.950000E-3	224.000000E+0	-1.571000E+0	4.288423E+3	-3.290268E-3	1.230000E+0	NaN	NaN
	03/05/2023 17:42:38	-25.609000E-3	285.000000E-9	243.000000E-9	138.000000E-9	530.500000E-9	284.970000E-3	223.000000E+0	-1.459000E+0	4.288535E+3	4.006218E-3	1.230000E+0	NaN	NaN
	03/05/2023 17:42:46	-25.707000E-3	285.000000E-9	243.000000E-9	138.000000E-9	528.600000E-9	284.940000E-3	224.000000E+0	-1.459000E+0	4.288647E+3	-4.250136E-3	1.230000E+0	NaN	NaN
	03/05/2023 17:42:55	-25.412000E-3	285.000000E-9	243.000000E-9	137.800000E-9	525.400000E-9	284.940000E-3	223.000000E+0	-1.571000E+0	4.289208E+3	-2.718336E-3	1.230000E+0	NaN	NaN
	03/05/2023 17:43:04	-26.003000E-3	285.000000E-9	243.000000E-9	138.000000E-9	524.800000E-9	284.960000E-3	223.000000E+0	-1.683000E+0	4.288647E+3	23.742000E-6	1.230000E+0	NaN	NaN
	03/05/2023 17:43:12	-25.460000E-3	285.000000E-9	243.000000E-9	137.800000E-9	519.800000E-9	284.950000E-3	223.000000E+0	-1.459000E+0	4.289433E+3	-2.186496E-3	1.230000E+0	NaN	NaN
	03/05/2023 17:43:21	-25.657000E-3	285.000000E-9	243.000000E-9	138.000000E-9	519.800000E-9	284.950000E-3	223.000000E+0	-1.571000E+0	4.288872E+3	3.962094E-3	1.230000E+0	NaN	NaN
	03/05/2023 17:43:29	-25.016000E-3	285.000000E-9	243.000000E-9	138.000000E-9	519.800000E-9	284.940000E-3	223.000000E+0	-1.459000E+0	4.289433E+3	-4.005212E-3	1.230000E+0	NaN	NaN
	03/05/2023 17:43:38	-25.684000E-3	302.000000E-9	255.000000E-9	150.000000E-9	519.800000E-9	284.950000E-3	223.000000E+0	-1.571000E+0	4.289545E+3	2.249432E-3	1.230000E+0	NaN	NaN
	03/05/2023 17:43:46	-25.165000E-3	313.000000E-9	266.000000E-9	153.500000E-9	519.800000E-9	284.940000E-3	222.000000E+0	-1.571000E+0	4.289096E+3	-2.918462E-3	1.230000E+0	NaN	NaN
	03/05/2023 17:43:55	-22.724000E-3	314.000000E-9	267.000000E-9	153.500000E-9	519.800000E-9	284.940000E-3	222.000000E+0	-1.571000E+0	4.289882E+3	1.046434E-3	1.230000E+0	NaN	NaN
	03/05/2023 17:44:04	-25.412000E-3	314.000000E-9	267.000000E-9	153.500000E-9	519.800000E-9	284.940000E-3	222.000000E+0	-1.571000E+0	4.289545E+3	-3.284109E-3	1.230000E+0	NaN	NaN
	03/05/2023 17:44:12	-25.856000E-3	314.000000E-9	268.000000E-9	153.700000E-9	520.400000E-9	284.940000E-3	222.000000E+0	-1.571000E+0	4.289994E+3	513.250000E-6	1.230000E+0	NaN	NaN
	03/05/2023 17:44:21	-25.511000E-3	315.000000E-9	268.000000E-9	153.900000E-9	520.400000E-9	284.950000E-3	222.000000E+0	-1.459000E+0	4.289208E+3	-560.286000E-6	1.230000E+0	NaN	NaN
	03/05/2023 17:44:29	-25.535000E-3	315.000000E-9	268.000000E-9	153.900000E-9	520.400000E-9	284.940000E-3	222.000000E+0	-1.459000E+0	4.290106E+3	-2.932461E-3	1.230000E+0	NaN	NaN
	03/05/2023 17:44:38	-25.707000E-3	315.000000E-9	268.000000E-9	153.900000E-9	544.700000E-9	284.940000E-3	222.000000E+0	-1.459000E+0	4.289657E+3	-2.737262E-3	1.230000E+0	NaN	NaN
	03/05/2023 17:44:47	-25.731000E-3	316.000000E-9	269.000000E-9	153.900000E-9	530.500000E-9	284.940000E-3	222.000000E+0	-1.459000E+0	4.289770E+3	4.484417E-3	1.230000E+0	NaN	NaN
	03/05/2023 17:44:55	-25.067000E-3	316.000000E-9	269.000000E-9	154.300000E-9	529.200000E-9	284.950000E-3	221.000000E+0	-1.347000E+0	4.289657E+3	-3.424880E-3	1.230000E+0	NaN	NaN
	03/05/2023 17:45:04	-25.657000E-3	316.000000E-9	269.000000E-9	154.600000E-9	529.200000E-9	284.940000E-3	222.000000E+0	-1.347000E+0	4.289545E+3	-638.567000E-6	1.230000E+0	NaN	NaN
	03/05/2023 17:45:12	-24.945000E-3	316.000000E-9	269.000000E-9	154.600000E-9	528.600000E-9	284.940000E-3	222.000000E+0	-1.571000E+0	4.289657E+3	2.614631E-3	1.230000E+0	NaN	NaN
	03/05/2023 17:45:21	-25.731000E-3	316.000000E-9	270.000000E-9	155.000000E-9	528.600000E-9	284.950000E-3	221.000000E+0	-1.683000E+0	4.290106E+3	-4.354063E-3	1.230000E+0	NaN	NaN
	03/05/2023 17:45:29	-22.575000E-3	317.000000E-9	270.000000E-9	155.000000E-9	529.200000E-9	284.940000E-3	222.000000E+0	-1.571000E+0	4.289545E+3	248.282000E-6	1.230000E+0	NaN	NaN
	03/05/2023 17:45:38	-25.091000E-3	318.000000E-9	270.000000E-9	155.400000E-9	528.600000E-9	284.950000E-3	221.000000E+0	-1.571000E+0	4.290218E+3	2.263431E-3	1.230000E+0	NaN	NaN
	03/05/2023 17:45:46	-22.182000E-3	318.000000E-9	271.000000E-9	155.400000E-9	529.200000E-9	284.950000E-3	221.000000E+0	-1.683000E+0	4.290106E+3	-4.254056E-3	1.230000E+0	NaN	NaN
	03/05/2023 17:45:55	-25.436000E-3	318.000000E-9	271.000000E-9	155.000000E-9	528.600000E-9	284.940000E-3	221.000000E+0	-1.571000E+0	4.289770E+3	2.236889E-3	1.230000E+0	NaN	NaN
	03/05/2023 17:46:04	-24.796000E-3	292.000000E-9	250.000000E-9	142.300000E-9	528.600000E-9	284.960000E-3	221.000000E+0	-1.683000E+0	4.290331E+3	-2.363552E-3	1.230000E+0	NaN	NaN
	03/05/2023 17:46:12	-25.633000E-3	291.000000E-9	249.000000E-9	142.200000E-9	527.300000E-9	284.990000E-3	221.000000E+0	-1.571000E+0	4.289657E+3	-3.688953E-3	1.230000E+0	NaN	NaN
	03/05/2023 17:46:21	-24.945000E-3	292.000000E-9	249.000000E-9	142.200000E-9	528.600000E-9	284.990000E-3	221.000000E+0	-1.459000E+0	4.289994E+3	3.888181E-3	1.230000E+0	NaN	NaN
	03/05/2023 17:46:29	-25.362000E-3	292.000000E-9	250.000000E-9	142.300000E-9	528.600000E-9	284.980000E-3	221.000000E+0	-1.571000E+0	4.290218E+3	948.891000E-6	1.230000E+0	NaN	NaN
	03/05/2023 17:46:38	-21.318000E-3	292.000000E-9	250.000000E-9	142.500000E-9	528.000000E-9	284.980000E-3	221.000000E+0	-1.459000E+0	4.289882E+3	-4.672002E-3	1.230000E+0	NaN	NaN
	03/05/2023 17:46:46	-24.992000E-3	319.000000E-9	270.000000E-9	156.300000E-9	528.600000E-9	284.990000E-3	220.000000E+0	-1.571000E+0	4.289657E+3	-107.958000E-6	1.230000E+0	NaN	NaN
	03/05/2023 17:46:55	-26.399000E-3	321.000000E-9	273.000000E-9	156.900000E-9	528.600000E-9	284.980000E-3	221.000000E+0	-1.347000E+0	4.289882E+3	843.396000E-6	1.230000E+0	NaN	NaN
	03/05/2023 17:47:04	-25.904000E-3	321.000000E-9	273.000000E-9	156.900000E-9	529.900000E-9	284.990000E-3	221.000000E+0	-1.571000E+0	4.289882E+3	3.784926E-3	1.230000E+0	NaN	NaN
	03/05/2023 17:47:12	-25.487000E-3	321.000000E-9	274.000000E-9	157.100000E-9	529.900000E-9	284.980000E-3	220.000000E+0	-1.571000E+0	4.289882E+3	2.679697E-3	1.230000E+0	NaN	NaN
	03/05/2023 17:47:21	-25.609000E-3	322.000000E-9	274.000000E-9	157.600000E-9	530.500000E-9	284.990000E-3	220.000000E+0	-1.459000E+0	4.290106E+3	2.369149E-3	1.230000E+0	NaN	NaN
	03/05/2023 17:47:29	-25.189000E-3	322.000000E-9	274.000000E-9	157.800000E-9	529.900000E-9	284.980000E-3	219.000000E+0	-1.459000E+0	4.290331E+3	-1.346681E-3	1.230000E+0	NaN	NaN
	03/05/2023 17:47:38	-25.979000E-3	322.000000E-9	274.000000E-9	157.800000E-9	529.200000E-9	285.010000E-3	219.000000E+0	-1.459000E+0	4.289770E+3	-4.354063E-3	1.230000E+0	NaN	NaN
	03/05/2023 17:47:46	-25.141000E-3	323.000000E-9	275.000000E-9	158.000000E-9	529.200000E-9	285.030000E-3	219.000000E+0	-1.683000E+0	4.289545E+3	435.417000E-6	1.230000E+0	NaN	NaN
	03/05/2023 17:47:55	-21.344000E-3	323.000000E-9	275.000000E-9	158.000000E-9	529.200000E-9	285.010000E-3	219.000000E+0	-1.571000E+0	4.290106E+3	4.760696E-3	1.230000E+0	NaN	NaN
	03/05/2023 17:48:04	-25.758000E-3	324.000000E-9	275.000000E-9	158.000000E-9	529.200000E-9	285.020000E-3	219.000000E+0	-1.571000E+0	4.290106E+3	3.346821E-3	1.230000E+0	NaN	NaN
	03/05/2023 17:48:12	-23.192000E-3	324.000000E-9	276.000000E-9	158.700000E-9	529.200000E-9	285.020000E-3	219.000000E+0	-1.459000E+0	4.290331E+3	-639.575000E-6	1.230000E+0	NaN	NaN
	03/05/2023 17:48:21	-25.633000E-3	323.000000E-9	276.000000E-9	158.500000E-9	529.200000E-9	285.020000E-3	219.000000E+0	-1.683000E+0	4.290106E+3	-4.000845E-3	1.230000E+0	NaN	NaN
	03/05/2023 17:48:29	-25.806000E-3	325.000000E-9	277.000000E-9	159.700000E-9	529.900000E-9	285.020000E-3	219.000000E+0	-1.459000E+0	4.289545E+3	-63.050000E-6	1.230000E+0	NaN	NaN
	03/05/2023 17:48:38	-25.386000E-3	326.000000E-9	277.000000E-9	159.700000E-9	529.200000E-9	285.020000E-3	219.000000E+0	-1.347000E+0	4.289994E+3	2.679249E-3	1.230000E+0	NaN	NaN
	03/05/2023 17:48:46	-25.758000E-3	326.000000E-9	277.000000E-9	159.700000E-9	529.900000E-9	285.040000E-3	218.000000E+0	-1.347000E+0	4.289994E+3	2.598169E-3	1.230000E+0	NaN	NaN
	03/05/2023 17:48:55	-25.880000E-3	326.000000E-9	277.000000E-9	157.200000E-9	529.900000E-9	285.060000E-3	218.000000E+0	-1.571000E+0	4.290331E+3	-1.523513E-3	1.230000E+0	NaN	NaN
	03/05/2023 17:49:03	-25.412000E-3	301.000000E-9	258.000000E-9	146.300000E-9	529.900000E-9	285.050000E-3	219.000000E+0	-1.459000E+0	4.290331E+3	-1.787585E-3	1.230000E+0	NaN	NaN
	03/05/2023 17:49:12	-25.263000E-3	299.000000E-9	255.000000E-9	146.200000E-9	529.900000E-9	285.070000E-3	218.000000E+0	-1.571000E+0	4.290555E+3	-2.496148E-3	1.230000E+0	NaN	NaN
	03/05/2023 17:49:21	-25.609000E-3	299.000000E-9	255.000000E-9	146.200000E-9	529.200000E-9	285.070000E-3	218.000000E+0	-1.459000E+0	4.290218E+3	-4.328865E-3	1.230000E+0	NaN	NaN
	03/05/2023 17:49:29	-25.657000E-3	299.000000E-9	255.000000E-9	146.200000E-9	529.900000E-9	285.050000E-3	218.000000E+0	-1.459000E+0	4.290106E+3	-4.384972E-3	1.230000E+0	NaN	NaN
	03/05/2023 17:49:38	-26.152000E-3	299.000000E-9	256.000000E-9	146.200000E-9	533.100000E-9	285.060000E-3	218.000000E+0	-1.571000E+0	4.289657E+3	-3.106717E-3	1.230000E+0	NaN	NaN
	03/05/2023 17:49:46	-24.006000E-3	299.000000E-9	256.000000E-9	146.300000E-9	536.300000E-9	285.070000E-3	218.000000E+0	-1.459000E+0	4.289433E+3	-3.867912E-3	1.230000E+0	NaN	NaN
	03/05/2023 17:49:55	-25.511000E-3	299.000000E-9	256.000000E-9	146.300000E-9	539.500000E-9	285.060000E-3	218.000000E+0	-1.347000E+0	4.289433E+3	-3.868024E-3	1.230000E+0	NaN	NaN
	03/05/2023 17:50:03	-25.585000E-3	300.000000E-9	256.000000E-9	146.300000E-9	540.100000E-9	285.100000E-3	218.000000E+0	-1.459000E+0	4.289545E+3	-4.538174E-3	1.230000E+0	NaN	NaN
	03/05/2023 17:50:12	-25.979000E-3	300.000000E-9	256.000000E-9	146.300000E-9	539.500000E-9	285.100000E-3	217.000000E+0	-1.571000E+0	4.289321E+3	-4.275334E-3	1.230000E+0	NaN	NaN
	03/05/2023 17:50:21	-25.782000E-3	300.000000E-9	256.000000E-9	146.300000E-9	538.800000E-9	285.090000E-3	217.000000E+0	-1.459000E+0	4.289321E+3	-3.846858E-3	1.230000E+0	NaN	NaN
