Live comments	Time	100mbar inj	Barion_2	Barion_1	DUAL experiment	DUAL insulation	1mbar inj	helium	T-platinum	T-CERNOX	V_heater	DUAL inj line	I_emission	I_grid
	06/06/2023 16:39:51	82.427000E-3	795.000000E-12	531.000000E-12	4.996000E-9	578.400000E-9	668.460000E-3	309.000000E+0	-1.796000E+0	4.298075E+3	10.079000E-6	7.810000E-6	-459.330000E-12	NaN
	06/06/2023 16:40:00	82.946000E-3	779.000000E-12	519.000000E-12	4.996000E-9	577.700000E-9	668.470000E-3	309.000000E+0	-1.683000E+0	4.298075E+3	10.191000E-6	7.790000E-6	-470.390000E-12	NaN
	06/06/2023 16:40:09	83.438000E-3	791.000000E-12	510.000000E-12	4.996000E-9	577.000000E-9	668.480000E-3	309.000000E+0	-1.908000E+0	4.298412E+3	9.967000E-6	7.790000E-6	-484.480000E-12	NaN
	06/06/2023 16:40:18	83.017000E-3	771.000000E-12	502.000000E-12	4.996000E-9	579.100000E-9	668.480000E-3	309.000000E+0	-1.796000E+0	4.298299E+3	10.303000E-6	7.780000E-6	-417.060000E-12	NaN
	06/06/2023 16:40:26	82.722000E-3	764.000000E-12	499.000000E-12	4.996000E-9	582.600000E-9	668.480000E-3	309.000000E+0	-1.908000E+0	4.297963E+3	10.975000E-6	7.780000E-6	-384.500000E-12	NaN
	06/06/2023 16:40:35	83.116000E-3	783.000000E-12	493.000000E-12	4.996000E-9	578.400000E-9	668.470000E-3	309.000000E+0	-1.796000E+0	4.297963E+3	10.415000E-6	7.780000E-6	275.700000E-15	NaN
	06/06/2023 16:40:44	82.746000E-3	771.000000E-12	490.000000E-12	4.996000E-9	579.100000E-9	668.480000E-3	309.000000E+0	-1.796000E+0	4.297850E+3	10.639000E-6	7.770000E-6	-382.900000E-12	NaN
	06/06/2023 16:40:52	82.377000E-3	758.000000E-12	487.000000E-12	4.996000E-9	578.400000E-9	668.490000E-3	309.000000E+0	-2.020000E+0	4.297963E+3	10.415000E-6	7.770000E-6	-487.060000E-12	NaN
	06/06/2023 16:41:01	83.241000E-3	755.000000E-12	485.000000E-12	4.996000E-9	579.100000E-9	668.480000E-3	309.000000E+0	-1.796000E+0	4.297850E+3	10.079000E-6	7.770000E-6	-53.139000E-12	NaN
	06/06/2023 16:41:10	82.919000E-3	758.000000E-12	481.000000E-12	4.996000E-9	582.600000E-9	668.480000E-3	309.000000E+0	-1.796000E+0	4.298075E+3	10.863000E-6	7.770000E-6	-540.350000E-12	NaN
	06/06/2023 16:41:18	82.946000E-3	776.000000E-12	480.000000E-12	4.996000E-9	581.900000E-9	668.480000E-3	309.000000E+0	-1.796000E+0	4.298187E+3	9.855000E-6	7.770000E-6	-382.190000E-12	NaN
	06/06/2023 16:41:27	82.746000E-3	771.000000E-12	479.000000E-12	4.996000E-9	582.600000E-9	668.480000E-3	309.000000E+0	-1.796000E+0	4.297850E+3	10.863000E-6	7.760000E-6	-298.600000E-12	NaN
	06/06/2023 16:41:36	82.722000E-3	758.000000E-12	476.000000E-12	4.996000E-9	581.900000E-9	668.480000E-3	309.000000E+0	-1.908000E+0	4.298187E+3	10.079000E-6	7.760000E-6	-536.070000E-12	NaN
	06/06/2023 16:41:44	83.166000E-3	738.000000E-12	475.000000E-12	4.996000E-9	583.300000E-9	668.480000E-3	309.000000E+0	-1.908000E+0	4.298412E+3	10.303000E-6	7.760000E-6	-2.363100E-9	NaN
	06/06/2023 16:41:53	82.600000E-3	763.000000E-12	473.000000E-12	4.996000E-9	583.300000E-9	668.480000E-3	308.000000E+0	-1.796000E+0	4.298075E+3	10.191000E-6	7.760000E-6	-621.240000E-12	NaN
starting ESD measurement	06/06/2023 16:42:02	82.451000E-3	761.000000E-12	473.000000E-12	4.996000E-9	583.300000E-9	668.480000E-3	309.000000E+0	-1.796000E+0	4.297963E+3	10.191000E-6	7.760000E-6	-70.453000E-12	NaN
	06/06/2023 16:42:10	82.675000E-3	749.000000E-12	472.000000E-12	4.996000E-9	578.400000E-9	668.480000E-3	309.000000E+0	-1.908000E+0	4.298075E+3	10.527000E-6	7.760000E-6	5.824400E-9	NaN
	06/06/2023 16:42:19	83.166000E-3	753.000000E-12	470.000000E-12	4.996000E-9	584.000000E-9	668.480000E-3	309.000000E+0	-1.908000E+0	4.298299E+3	10.863000E-6	7.750000E-6	3.479500E-6	NaN
	06/06/2023 16:42:28	83.092000E-3	742.000000E-12	470.000000E-12	4.996000E-9	583.300000E-9	668.480000E-3	309.000000E+0	-1.796000E+0	4.298412E+3	10.303000E-6	7.750000E-6	1.112780E-6	NaN
	06/06/2023 16:42:36	82.058000E-3	782.000000E-12	469.000000E-12	4.996000E-9	583.300000E-9	668.480000E-3	309.000000E+0	-1.796000E+0	4.298299E+3	10.527000E-6	7.750000E-6	40.983000E-9	NaN
	06/06/2023 16:42:45	82.844000E-3	785.000000E-12	479.000000E-12	4.996000E-9	584.000000E-9	668.480000E-3	308.000000E+0	-1.683000E+0	4.298412E+3	10.079000E-6	7.750000E-6	30.412000E-9	NaN
	06/06/2023 16:42:54	82.970000E-3	775.000000E-12	477.000000E-12	4.996000E-9	588.900000E-9	668.480000E-3	309.000000E+0	-1.796000E+0	4.298075E+3	10.751000E-6	7.750000E-6	24.444000E-9	NaN
	06/06/2023 16:43:02	82.970000E-3	765.000000E-12	475.000000E-12	4.996000E-9	588.900000E-9	668.480000E-3	308.000000E+0	-1.796000E+0	4.297850E+3	10.191000E-6	7.750000E-6	22.757000E-9	NaN
	06/06/2023 16:43:11	82.698000E-3	779.000000E-12	473.000000E-12	4.996000E-9	584.700000E-9	668.480000E-3	308.000000E+0	-1.908000E+0	4.298187E+3	9.967000E-6	7.740000E-6	17.274800E-9	NaN
	06/06/2023 16:43:20	82.871000E-3	781.000000E-12	473.000000E-12	4.996000E-9	586.100000E-9	668.480000E-3	308.000000E+0	-1.683000E+0	4.298075E+3	10.079000E-6	7.740000E-6	14.788600E-9	NaN
	06/06/2023 16:43:28	82.946000E-3	772.000000E-12	472.000000E-12	4.996000E-9	590.300000E-9	668.470000E-3	308.000000E+0	-1.908000E+0	4.297626E+3	9.855000E-6	7.740000E-6	13.934400E-9	NaN
	06/06/2023 16:43:37	82.994000E-3	770.000000E-12	469.000000E-12	4.996000E-9	585.400000E-9	668.480000E-3	308.000000E+0	-1.796000E+0	4.297514E+3	9.743000E-6	7.740000E-6	13.001300E-9	NaN
	06/06/2023 16:43:46	82.844000E-3	767.000000E-12	468.000000E-12	4.996000E-9	589.600000E-9	668.480000E-3	308.000000E+0	-1.908000E+0	4.297850E+3	10.079000E-6	7.740000E-6	13.008500E-9	NaN
	06/06/2023 16:43:54	82.427000E-3	780.000000E-12	468.000000E-12	4.996000E-9	588.900000E-9	668.480000E-3	308.000000E+0	-1.796000E+0	4.297626E+3	10.079000E-6	7.740000E-6	11.062300E-9	NaN
	06/06/2023 16:44:03	82.844000E-3	766.000000E-12	469.000000E-12	4.996000E-9	588.900000E-9	668.480000E-3	308.000000E+0	-1.796000E+0	4.297738E+3	10.863000E-6	7.740000E-6	11.533100E-9	NaN
	06/06/2023 16:44:12	82.502000E-3	758.000000E-12	468.000000E-12	4.996000E-9	588.900000E-9	668.480000E-3	309.000000E+0	-1.796000E+0	4.297738E+3	10.191000E-6	7.740000E-6	9.683800E-9	NaN
	06/06/2023 16:44:21	82.821000E-3	770.000000E-12	467.000000E-12	4.996000E-9	588.900000E-9	668.480000E-3	308.000000E+0	-1.796000E+0	4.297963E+3	10.527000E-6	7.730000E-6	9.360800E-9	NaN
	06/06/2023 16:44:29	79.346000E-3	765.000000E-12	466.000000E-12	4.996000E-9	584.000000E-9	668.480000E-3	308.000000E+0	-1.796000E+0	4.297963E+3	10.191000E-6	7.730000E-6	10.723500E-9	NaN
	06/06/2023 16:44:38	82.871000E-3	758.000000E-12	467.000000E-12	4.996000E-9	584.000000E-9	668.490000E-3	308.000000E+0	-1.796000E+0	4.297850E+3	10.415000E-6	7.730000E-6	10.587900E-9	NaN
	06/06/2023 16:44:47	82.573000E-3	756.000000E-12	466.000000E-12	4.996000E-9	582.600000E-9	668.480000E-3	308.000000E+0	-1.908000E+0	4.297626E+3	10.751000E-6	7.730000E-6	9.628700E-9	NaN
	06/06/2023 16:44:55	82.895000E-3	752.000000E-12	465.000000E-12	4.996000E-9	584.000000E-9	668.480000E-3	308.000000E+0	-2.020000E+0	4.297514E+3	10.415000E-6	7.730000E-6	7.692100E-9	NaN
	06/06/2023 16:45:04	82.797000E-3	762.000000E-12	465.000000E-12	4.996000E-9	583.300000E-9	668.480000E-3	308.000000E+0	-1.908000E+0	4.297401E+3	10.415000E-6	7.730000E-6	10.039800E-9	NaN
	06/06/2023 16:45:13	82.526000E-3	762.000000E-12	464.000000E-12	4.996000E-9	581.200000E-9	668.480000E-3	308.000000E+0	-1.908000E+0	4.297738E+3	9.967000E-6	7.730000E-6	9.163200E-9	NaN
	06/06/2023 16:45:21	83.217000E-3	782.000000E-12	464.000000E-12	4.996000E-9	579.800000E-9	668.480000E-3	308.000000E+0	-1.796000E+0	4.297850E+3	10.415000E-6	7.730000E-6	9.001100E-9	NaN
	06/06/2023 16:45:30	82.773000E-3	770.000000E-12	465.000000E-12	4.996000E-9	578.400000E-9	668.480000E-3	308.000000E+0	-1.683000E+0	4.297626E+3	10.415000E-6	7.730000E-6	10.000700E-9	NaN
	06/06/2023 16:45:39	82.722000E-3	755.000000E-12	464.000000E-12	4.996000E-9	578.400000E-9	668.480000E-3	308.000000E+0	-1.796000E+0	4.297626E+3	10.303000E-6	7.730000E-6	9.204500E-9	NaN
	06/06/2023 16:45:47	82.895000E-3	767.000000E-12	463.000000E-12	4.996000E-9	577.700000E-9	668.490000E-3	308.000000E+0	-2.020000E+0	4.297963E+3	9.631000E-6	7.730000E-6	12.621000E-9	NaN
	06/06/2023 16:45:56	83.166000E-3	781.000000E-12	466.000000E-12	4.996000E-9	577.000000E-9	668.480000E-3	308.000000E+0	-1.908000E+0	4.297401E+3	10.303000E-6	7.730000E-6	720.260000E-9	NaN
	06/06/2023 16:46:05	82.797000E-3	896.000000E-12	517.000000E-12	4.996000E-9	581.900000E-9	668.490000E-3	307.000000E+0	-1.908000E+0	4.297289E+3	10.303000E-6	7.720000E-6	751.300000E-9	NaN
	06/06/2023 16:46:13	82.773000E-3	896.000000E-12	515.000000E-12	4.996000E-9	583.300000E-9	668.490000E-3	308.000000E+0	-1.796000E+0	4.297177E+3	10.639000E-6	7.720000E-6	708.960000E-9	NaN
	06/06/2023 16:46:22	82.526000E-3	878.000000E-12	499.000000E-12	4.996000E-9	584.000000E-9	668.490000E-3	308.000000E+0	-1.796000E+0	4.296952E+3	10.527000E-6	7.720000E-6	675.770000E-9	NaN
	06/06/2023 16:46:31	82.722000E-3	851.000000E-12	494.000000E-12	4.996000E-9	598.200000E-9	668.490000E-3	308.000000E+0	-1.908000E+0	4.296840E+3	10.079000E-6	7.720000E-6	679.690000E-9	NaN
	06/06/2023 16:46:39	83.017000E-3	845.000000E-12	492.000000E-12	4.996000E-9	596.000000E-9	668.490000E-3	308.000000E+0	-1.796000E+0	4.296504E+3	9.743000E-6	7.720000E-6	683.940000E-9	NaN
	06/06/2023 16:46:48	82.722000E-3	841.000000E-12	488.000000E-12	4.996000E-9	590.300000E-9	668.500000E-3	308.000000E+0	-1.796000E+0	4.296616E+3	10.863000E-6	7.720000E-6	645.440000E-9	NaN
	06/06/2023 16:46:57	83.116000E-3	820.000000E-12	484.000000E-12	4.996000E-9	575.600000E-9	668.510000E-3	308.000000E+0	-1.796000E+0	4.297289E+3	10.079000E-6	7.720000E-6	616.420000E-9	NaN
	06/06/2023 16:47:06	82.698000E-3	837.000000E-12	484.000000E-12	4.996000E-9	559.900000E-9	668.500000E-3	308.000000E+0	-1.908000E+0	4.298075E+3	10.639000E-6	7.720000E-6	624.740000E-9	NaN
	06/06/2023 16:47:14	83.092000E-3	820.000000E-12	483.000000E-12	4.996000E-9	553.900000E-9	668.500000E-3	308.000000E+0	-1.796000E+0	4.298299E+3	9.855000E-6	7.720000E-6	623.170000E-9	NaN
	06/06/2023 16:47:23	82.895000E-3	811.000000E-12	483.000000E-12	4.996000E-9	555.300000E-9	668.490000E-3	307.000000E+0	-1.908000E+0	4.298412E+3	10.527000E-6	7.720000E-6	653.160000E-9	NaN
	06/06/2023 16:47:32	82.573000E-3	822.000000E-12	482.000000E-12	4.996000E-9	556.600000E-9	668.490000E-3	308.000000E+0	-1.908000E+0	4.298524E+3	9.967000E-6	7.720000E-6	683.160000E-9	NaN
	06/06/2023 16:47:40	82.919000E-3	824.000000E-12	482.000000E-12	4.996000E-9	559.900000E-9	668.520000E-3	307.000000E+0	-1.908000E+0	4.298860E+3	10.527000E-6	7.720000E-6	659.430000E-9	NaN
	06/06/2023 16:47:49	82.722000E-3	830.000000E-12	479.000000E-12	4.996000E-9	566.000000E-9	668.500000E-3	307.000000E+0	-1.796000E+0	4.299422E+3	10.303000E-6	7.720000E-6	644.710000E-9	NaN
	06/06/2023 16:47:58	82.675000E-3	808.000000E-12	480.000000E-12	4.996000E-9	568.100000E-9	668.490000E-3	307.000000E+0	-1.796000E+0	4.299309E+3	10.863000E-6	7.720000E-6	624.480000E-9	NaN
	06/06/2023 16:48:06	82.502000E-3	812.000000E-12	479.000000E-12	4.996000E-9	572.900000E-9	668.510000E-3	308.000000E+0	-1.908000E+0	4.299646E+3	9.967000E-6	7.720000E-6	621.680000E-9	NaN
	06/06/2023 16:48:15	82.329000E-3	812.000000E-12	477.000000E-12	4.996000E-9	575.600000E-9	668.520000E-3	307.000000E+0	-1.796000E+0	4.299534E+3	10.415000E-6	7.720000E-6	595.510000E-9	NaN
	06/06/2023 16:48:24	82.648000E-3	804.000000E-12	476.000000E-12	4.996000E-9	578.400000E-9	668.500000E-3	307.000000E+0	-1.796000E+0	4.299309E+3	9.183000E-6	7.720000E-6	620.960000E-9	NaN
	06/06/2023 16:48:33	83.289000E-3	826.000000E-12	476.000000E-12	4.996000E-9	581.900000E-9	668.500000E-3	307.000000E+0	-1.796000E+0	4.299646E+3	10.079000E-6	7.720000E-6	604.970000E-9	NaN
	06/06/2023 16:48:41	82.377000E-3	821.000000E-12	476.000000E-12	4.996000E-9	582.600000E-9	668.480000E-3	307.000000E+0	-1.796000E+0	4.299871E+3	10.751000E-6	7.720000E-6	638.310000E-9	NaN
	06/06/2023 16:48:50	82.427000E-3	815.000000E-12	477.000000E-12	4.996000E-9	583.300000E-9	668.480000E-3	307.000000E+0	-1.796000E+0	4.299871E+3	10.303000E-6	7.720000E-6	623.020000E-9	NaN
	06/06/2023 16:48:59	82.698000E-3	782.000000E-12	470.000000E-12	4.996000E-9	582.600000E-9	668.490000E-3	307.000000E+0	-1.908000E+0	4.299983E+3	10.303000E-6	7.720000E-6	14.290600E-9	NaN
	06/06/2023 16:49:07	82.254000E-3	759.000000E-12	459.000000E-12	4.996000E-9	581.900000E-9	668.500000E-3	307.000000E+0	-1.683000E+0	4.299758E+3	10.079000E-6	7.720000E-6	13.595500E-9	NaN
	06/06/2023 16:49:16	82.648000E-3	755.000000E-12	460.000000E-12	4.996000E-9	582.600000E-9	668.500000E-3	307.000000E+0	-1.796000E+0	4.299758E+3	10.975000E-6	7.720000E-6	12.942800E-9	NaN
	06/06/2023 16:49:25	82.353000E-3	747.000000E-12	459.000000E-12	4.996000E-9	582.600000E-9	668.500000E-3	307.000000E+0	-1.683000E+0	4.300095E+3	10.527000E-6	7.720000E-6	9.813900E-9	NaN
	06/06/2023 16:49:33	83.143000E-3	747.000000E-12	459.000000E-12	4.996000E-9	583.300000E-9	668.500000E-3	308.000000E+0	-1.796000E+0	4.300095E+3	10.303000E-6	7.720000E-6	13.084000E-9	NaN
	06/06/2023 16:49:42	82.526000E-3	763.000000E-12	458.000000E-12	4.996000E-9	583.300000E-9	668.520000E-3	307.000000E+0	-1.796000E+0	4.300207E+3	10.751000E-6	7.720000E-6	13.260900E-9	NaN
	06/06/2023 16:49:51	82.895000E-3	761.000000E-12	459.000000E-12	4.996000E-9	583.300000E-9	668.500000E-3	307.000000E+0	-1.796000E+0	4.300095E+3	10.639000E-6	7.720000E-6	12.190400E-9	NaN
	06/06/2023 16:50:00	82.746000E-3	767.000000E-12	459.000000E-12	4.996000E-9	582.600000E-9	668.520000E-3	307.000000E+0	-1.908000E+0	4.299758E+3	10.415000E-6	7.720000E-6	12.343400E-9	NaN
	06/06/2023 16:50:08	82.427000E-3	771.000000E-12	458.000000E-12	4.996000E-9	582.600000E-9	668.520000E-3	307.000000E+0	-1.796000E+0	4.299871E+3	9.743000E-6	7.720000E-6	12.929700E-9	NaN
	06/06/2023 16:50:17	82.403000E-3	766.000000E-12	458.000000E-12	4.996000E-9	577.700000E-9	668.520000E-3	307.000000E+0	-1.796000E+0	4.300207E+3	9.967000E-6	7.710000E-6	12.283600E-9	NaN
	06/06/2023 16:50:26	83.017000E-3	755.000000E-12	457.000000E-12	4.996000E-9	573.600000E-9	668.530000E-3	307.000000E+0	-1.571000E+0	4.300319E+3	10.191000E-6	7.720000E-6	11.664900E-9	NaN
	06/06/2023 16:50:34	82.773000E-3	760.000000E-12	458.000000E-12	4.996000E-9	578.400000E-9	668.520000E-3	307.000000E+0	-1.796000E+0	4.300432E+3	10.079000E-6	7.710000E-6	10.918000E-9	NaN
	06/06/2023 16:50:43	82.970000E-3	751.000000E-12	458.000000E-12	4.996000E-9	579.800000E-9	668.520000E-3	307.000000E+0	-1.796000E+0	4.300095E+3	9.743000E-6	7.720000E-6	11.777900E-9	NaN
	06/06/2023 16:50:52	82.919000E-3	739.000000E-12	456.000000E-12	4.996000E-9	579.100000E-9	668.520000E-3	307.000000E+0	-1.796000E+0	4.300207E+3	10.415000E-6	7.710000E-6	11.962000E-9	NaN
	06/06/2023 16:51:00	82.821000E-3	767.000000E-12	458.000000E-12	4.996000E-9	578.400000E-9	668.530000E-3	307.000000E+0	-1.796000E+0	4.300095E+3	10.751000E-6	7.710000E-6	12.680000E-9	NaN
	06/06/2023 16:51:09	82.946000E-3	766.000000E-12	456.000000E-12	4.996000E-9	578.400000E-9	668.520000E-3	307.000000E+0	-1.796000E+0	4.300207E+3	10.751000E-6	7.720000E-6	14.605600E-9	NaN
	06/06/2023 16:51:18	82.600000E-3	753.000000E-12	457.000000E-12	4.996000E-9	579.800000E-9	668.520000E-3	307.000000E+0	-1.683000E+0	4.300207E+3	10.751000E-6	7.720000E-6	13.512000E-9	NaN
	06/06/2023 16:51:27	82.451000E-3	764.000000E-12	456.000000E-12	4.996000E-9	580.500000E-9	668.520000E-3	307.000000E+0	-1.908000E+0	4.299983E+3	9.743000E-6	7.720000E-6	11.533900E-9	NaN
	06/06/2023 16:51:35	82.946000E-3	769.000000E-12	457.000000E-12	4.996000E-9	579.100000E-9	668.520000E-3	307.000000E+0	-1.796000E+0	4.300432E+3	9.743000E-6	7.710000E-6	13.848800E-9	NaN
	06/06/2023 16:51:44	82.722000E-3	751.000000E-12	457.000000E-12	4.996000E-9	1.049000E-6	668.510000E-3	307.000000E+0	-1.796000E+0	4.300544E+3	9.855000E-6	7.710000E-6	14.296600E-9	NaN
	06/06/2023 16:51:53	83.190000E-3	757.000000E-12	456.000000E-12	4.996000E-9	674.500000E-9	668.510000E-3	307.000000E+0	-1.908000E+0	4.300432E+3	10.191000E-6	7.710000E-6	12.887900E-9	NaN
	06/06/2023 16:52:01	83.488000E-3	754.000000E-12	455.000000E-12	4.996000E-9	612.000000E-9	668.520000E-3	307.000000E+0	-1.908000E+0	4.300207E+3	9.743000E-6	7.710000E-6	14.071200E-9	NaN
	06/06/2023 16:52:10	83.363000E-3	767.000000E-12	457.000000E-12	4.996000E-9	595.300000E-9	668.520000E-3	307.000000E+0	-1.908000E+0	4.300207E+3	10.191000E-6	7.720000E-6	15.623700E-9	NaN
	06/06/2023 16:52:19	82.797000E-3	747.000000E-12	457.000000E-12	4.996000E-9	589.600000E-9	668.510000E-3	306.000000E+0	-1.796000E+0	4.299983E+3	10.639000E-6	7.720000E-6	14.236600E-9	NaN
	06/06/2023 16:52:27	83.241000E-3	772.000000E-12	456.000000E-12	4.996000E-9	588.900000E-9	668.520000E-3	306.000000E+0	-1.796000E+0	4.300319E+3	9.967000E-6	7.710000E-6	15.024700E-9	NaN
	06/06/2023 16:52:36	81.983000E-3	762.000000E-12	457.000000E-12	4.996000E-9	582.600000E-9	668.510000E-3	307.000000E+0	-1.683000E+0	4.299983E+3	10.527000E-6	7.710000E-6	15.301900E-9	NaN
	06/06/2023 16:52:45	82.675000E-3	761.000000E-12	455.000000E-12	4.996000E-9	583.300000E-9	668.520000E-3	306.000000E+0	-1.908000E+0	4.299646E+3	10.303000E-6	7.710000E-6	14.385800E-9	NaN
	06/06/2023 16:52:53	82.427000E-3	762.000000E-12	456.000000E-12	4.996000E-9	583.300000E-9	668.520000E-3	306.000000E+0	-1.796000E+0	4.299758E+3	10.863000E-6	7.710000E-6	14.248600E-9	NaN
	06/06/2023 16:53:02	82.403000E-3	768.000000E-12	455.000000E-12	4.996000E-9	582.600000E-9	668.520000E-3	306.000000E+0	-1.796000E+0	4.299534E+3	10.639000E-6	7.710000E-6	17.695800E-9	NaN
	06/06/2023 16:53:11	83.831000E-3	764.000000E-12	454.000000E-12	4.996000E-9	585.400000E-9	668.520000E-3	307.000000E+0	-1.796000E+0	4.299534E+3	10.527000E-6	7.710000E-6	13.626000E-9	NaN
	06/06/2023 16:53:20	82.502000E-3	770.000000E-12	455.000000E-12	4.996000E-9	588.900000E-9	668.520000E-3	306.000000E+0	-1.796000E+0	4.299422E+3	9.743000E-6	7.710000E-6	13.503800E-9	NaN
	06/06/2023 16:53:28	82.994000E-3	755.000000E-12	455.000000E-12	4.996000E-9	583.300000E-9	668.520000E-3	307.000000E+0	-1.796000E+0	4.299422E+3	9.855000E-6	7.710000E-6	11.553500E-9	NaN
	06/06/2023 16:53:37	82.254000E-3	782.000000E-12	456.000000E-12	4.996000E-9	575.600000E-9	668.520000E-3	307.000000E+0	-1.796000E+0	4.299422E+3	10.303000E-6	7.710000E-6	22.498000E-9	NaN
	06/06/2023 16:53:46	82.919000E-3	766.000000E-12	457.000000E-12	4.996000E-9	579.100000E-9	668.520000E-3	306.000000E+0	-1.908000E+0	4.299422E+3	10.751000E-6	7.710000E-6	71.832000E-9	NaN
	06/06/2023 16:53:54	83.339000E-3	828.000000E-12	469.000000E-12	4.996000E-9	577.000000E-9	668.520000E-3	306.000000E+0	-1.796000E+0	4.299309E+3	10.975000E-6	7.710000E-6	1.053970E-6	NaN
	06/06/2023 16:54:03	82.871000E-3	865.000000E-12	491.000000E-12	4.996000E-9	577.700000E-9	668.520000E-3	306.000000E+0	-1.796000E+0	4.299534E+3	9.967000E-6	7.710000E-6	1.024730E-6	NaN
	06/06/2023 16:54:12	82.675000E-3	849.000000E-12	487.000000E-12	4.996000E-9	577.000000E-9	668.510000E-3	306.000000E+0	-1.908000E+0	4.299197E+3	10.639000E-6	7.710000E-6	955.550000E-9	NaN
	06/06/2023 16:54:20	82.844000E-3	842.000000E-12	483.000000E-12	4.996000E-9	577.700000E-9	668.520000E-3	306.000000E+0	-1.908000E+0	4.299309E+3	9.743000E-6	7.710000E-6	942.480000E-9	NaN
	06/06/2023 16:54:29	82.746000E-3	842.000000E-12	481.000000E-12	4.996000E-9	577.000000E-9	668.520000E-3	306.000000E+0	-1.683000E+0	4.299085E+3	9.743000E-6	7.710000E-6	984.450000E-9	NaN
	06/06/2023 16:54:38	82.600000E-3	838.000000E-12	481.000000E-12	4.996000E-9	579.100000E-9	668.520000E-3	306.000000E+0	-1.683000E+0	4.298973E+3	10.303000E-6	7.710000E-6	962.800000E-9	NaN
	06/06/2023 16:54:47	83.166000E-3	834.000000E-12	480.000000E-12	4.996000E-9	578.400000E-9	668.520000E-3	306.000000E+0	-1.796000E+0	4.299085E+3	10.079000E-6	7.720000E-6	970.460000E-9	NaN
	06/06/2023 16:54:55	83.116000E-3	825.000000E-12	479.000000E-12	4.996000E-9	577.700000E-9	668.520000E-3	306.000000E+0	-1.908000E+0	4.298973E+3	9.855000E-6	7.710000E-6	19.654800E-9	NaN
	06/06/2023 16:55:04	82.919000E-3	770.000000E-12	457.000000E-12	4.996000E-9	579.100000E-9	668.520000E-3	306.000000E+0	-1.796000E+0	4.298860E+3	9.967000E-6	7.710000E-6	18.222600E-9	NaN
	06/06/2023 16:55:13	82.549000E-3	758.000000E-12	457.000000E-12	4.996000E-9	577.700000E-9	668.510000E-3	306.000000E+0	-1.908000E+0	4.298973E+3	10.303000E-6	7.710000E-6	17.407900E-9	NaN
	06/06/2023 16:55:21	82.180000E-3	765.000000E-12	456.000000E-12	4.996000E-9	748.700000E-9	668.500000E-3	306.000000E+0	-1.796000E+0	4.298860E+3	10.415000E-6	7.710000E-6	20.667900E-9	NaN
	06/06/2023 16:55:30	82.970000E-3	755.000000E-12	457.000000E-12	4.996000E-9	616.400000E-9	668.520000E-3	306.000000E+0	-1.683000E+0	4.298860E+3	10.527000E-6	7.710000E-6	17.200100E-9	NaN
	06/06/2023 16:55:39	82.254000E-3	747.000000E-12	456.000000E-12	4.996000E-9	590.300000E-9	668.500000E-3	306.000000E+0	-1.796000E+0	4.298973E+3	9.967000E-6	7.710000E-6	17.335200E-9	NaN
	06/06/2023 16:55:47	82.773000E-3	749.000000E-12	456.000000E-12	4.996000E-9	582.600000E-9	668.510000E-3	306.000000E+0	-1.796000E+0	4.298860E+3	9.743000E-6	7.710000E-6	18.927900E-9	NaN
	06/06/2023 16:55:56	83.190000E-3	746.000000E-12	455.000000E-12	4.996000E-9	578.400000E-9	668.490000E-3	306.000000E+0	-1.683000E+0	4.298748E+3	10.415000E-6	7.710000E-6	26.881000E-9	NaN
	06/06/2023 16:56:05	82.353000E-3	771.000000E-12	456.000000E-12	4.996000E-9	577.700000E-9	668.480000E-3	306.000000E+0	-1.796000E+0	4.298748E+3	9.631000E-6	7.710000E-6	22.173000E-9	NaN
	06/06/2023 16:56:14	83.044000E-3	770.000000E-12	456.000000E-12	4.996000E-9	576.300000E-9	668.480000E-3	306.000000E+0	-1.796000E+0	4.298636E+3	9.855000E-6	7.710000E-6	23.945000E-9	NaN
	06/06/2023 16:56:22	82.031000E-3	776.000000E-12	455.000000E-12	4.996000E-9	574.900000E-9	668.480000E-3	306.000000E+0	-1.908000E+0	4.298636E+3	10.191000E-6	7.710000E-6	20.455000E-9	NaN
	06/06/2023 16:56:31	83.044000E-3	752.000000E-12	456.000000E-12	4.996000E-9	574.200000E-9	668.480000E-3	306.000000E+0	-1.571000E+0	4.298748E+3	10.079000E-6	7.710000E-6	1.580710E-6	NaN
	06/06/2023 16:56:40	83.488000E-3	902.000000E-12	494.000000E-12	4.996000E-9	572.900000E-9	668.440000E-3	306.000000E+0	-1.796000E+0	4.298973E+3	10.303000E-6	7.710000E-6	1.532410E-6	NaN
	06/06/2023 16:56:48	82.549000E-3	879.000000E-12	492.000000E-12	4.996000E-9	572.200000E-9	668.420000E-3	306.000000E+0	-2.020000E+0	4.298973E+3	10.975000E-6	7.710000E-6	1.545440E-6	NaN
	06/06/2023 16:56:57	83.190000E-3	882.000000E-12	491.000000E-12	4.996000E-9	571.500000E-9	668.390000E-3	306.000000E+0	-1.908000E+0	4.298973E+3	10.303000E-6	7.710000E-6	1.562690E-6	NaN
	06/06/2023 16:57:06	82.526000E-3	868.000000E-12	492.000000E-12	4.996000E-9	572.900000E-9	668.390000E-3	306.000000E+0	-1.683000E+0	4.298860E+3	10.303000E-6	7.710000E-6	1.567890E-6	NaN
	06/06/2023 16:57:14	82.844000E-3	888.000000E-12	489.000000E-12	4.996000E-9	572.900000E-9	668.400000E-3	306.000000E+0	-1.796000E+0	4.298748E+3	9.743000E-6	7.710000E-6	1.558610E-6	NaN
	06/06/2023 16:57:23	82.746000E-3	875.000000E-12	488.000000E-12	4.996000E-9	572.900000E-9	668.390000E-3	306.000000E+0	-1.796000E+0	4.298748E+3	9.519000E-6	7.710000E-6	1.516540E-6	NaN
	06/06/2023 16:57:32	82.797000E-3	862.000000E-12	488.000000E-12	4.996000E-9	572.900000E-9	668.400000E-3	306.000000E+0	-1.683000E+0	4.298524E+3	9.967000E-6	7.710000E-6	1.525270E-6	NaN
	06/06/2023 16:57:40	82.549000E-3	863.000000E-12	486.000000E-12	4.996000E-9	571.500000E-9	668.380000E-3	305.000000E+0	-1.796000E+0	4.299085E+3	9.519000E-6	7.710000E-6	1.511380E-6	NaN
	06/06/2023 16:57:49	83.092000E-3	861.000000E-12	488.000000E-12	4.996000E-9	568.800000E-9	668.360000E-3	306.000000E+0	-1.796000E+0	4.298860E+3	9.519000E-6	7.710000E-6	136.047000E-9	NaN
	06/06/2023 16:58:00	82.675000E-3	774.000000E-12	463.000000E-12	4.996000E-9	571.500000E-9	668.360000E-3	305.000000E+0	-2.020000E+0	4.298973E+3	9.295000E-6	7.710000E-6	24.288000E-9	NaN
	06/06/2023 16:58:08	82.844000E-3	771.000000E-12	456.000000E-12	4.996000E-9	572.200000E-9	668.350000E-3	306.000000E+0	-1.683000E+0	4.298973E+3	9.743000E-6	7.710000E-6	16.735700E-9	NaN
	06/06/2023 16:58:17	82.970000E-3	761.000000E-12	455.000000E-12	4.996000E-9	571.500000E-9	668.350000E-3	305.000000E+0	-1.908000E+0	4.298748E+3	9.631000E-6	7.710000E-6	21.795000E-9	NaN
	06/06/2023 16:58:26	83.190000E-3	767.000000E-12	455.000000E-12	4.996000E-9	572.900000E-9	668.360000E-3	306.000000E+0	-1.796000E+0	4.299197E+3	10.191000E-6	7.710000E-6	25.272000E-9	NaN
	06/06/2023 16:58:34	83.387000E-3	769.000000E-12	458.000000E-12	4.996000E-9	572.200000E-9	668.320000E-3	305.000000E+0	-1.796000E+0	4.299085E+3	9.295000E-6	7.710000E-6	23.398000E-9	NaN
	06/06/2023 16:58:43	83.265000E-3	767.000000E-12	456.000000E-12	4.996000E-9	571.500000E-9	668.340000E-3	306.000000E+0	-1.908000E+0	4.298636E+3	10.191000E-6	7.710000E-6	19.607300E-9	NaN
	06/06/2023 16:58:52	82.722000E-3	770.000000E-12	457.000000E-12	4.996000E-9	568.100000E-9	668.330000E-3	305.000000E+0	-1.683000E+0	4.298748E+3	10.415000E-6	7.710000E-6	24.918000E-9	NaN
	06/06/2023 16:59:00	82.994000E-3	779.000000E-12	458.000000E-12	4.996000E-9	568.800000E-9	668.310000E-3	305.000000E+0	-1.908000E+0	4.298973E+3	9.855000E-6	7.710000E-6	2.224000E-6	NaN
	06/06/2023 16:59:09	82.844000E-3	928.000000E-12	507.000000E-12	4.996000E-9	566.000000E-9	668.310000E-3	305.000000E+0	-1.796000E+0	4.298860E+3	10.639000E-6	7.710000E-6	2.055300E-6	NaN
	06/06/2023 16:59:18	82.844000E-3	906.000000E-12	502.000000E-12	4.996000E-9	574.200000E-9	668.320000E-3	305.000000E+0	-1.796000E+0	4.299197E+3	9.743000E-6	7.710000E-6	2.132500E-6	NaN
	06/06/2023 16:59:26	83.217000E-3	900.000000E-12	498.000000E-12	4.996000E-9	569.400000E-9	668.300000E-3	305.000000E+0	-1.796000E+0	4.299309E+3	9.631000E-6	7.710000E-6	2.033300E-6	NaN
	06/06/2023 16:59:35	82.994000E-3	919.000000E-12	497.000000E-12	4.996000E-9	568.800000E-9	668.280000E-3	305.000000E+0	-1.796000E+0	4.298860E+3	10.079000E-6	7.710000E-6	2.166400E-6	NaN
	06/06/2023 16:59:44	82.797000E-3	897.000000E-12	498.000000E-12	4.996000E-9	572.900000E-9	668.280000E-3	305.000000E+0	-1.908000E+0	4.298748E+3	10.415000E-6	7.710000E-6	2.178100E-6	NaN
	06/06/2023 16:59:52	82.675000E-3	909.000000E-12	497.000000E-12	4.996000E-9	572.200000E-9	668.280000E-3	305.000000E+0	-1.796000E+0	4.298860E+3	9.855000E-6	7.710000E-6	2.112300E-6	NaN
	06/06/2023 17:00:01	83.092000E-3	912.000000E-12	497.000000E-12	4.996000E-9	568.800000E-9	668.280000E-3	305.000000E+0	-1.908000E+0	4.299197E+3	9.743000E-6	7.710000E-6	2.128000E-6	NaN
	06/06/2023 17:00:10	82.549000E-3	908.000000E-12	497.000000E-12	4.996000E-9	572.200000E-9	668.270000E-3	305.000000E+0	-1.683000E+0	4.299197E+3	9.743000E-6	7.710000E-6	2.057500E-6	NaN
	06/06/2023 17:00:19	82.675000E-3	891.000000E-12	495.000000E-12	4.996000E-9	572.900000E-9	668.270000E-3	305.000000E+0	-1.908000E+0	4.298860E+3	9.407000E-6	7.710000E-6	2.045120E-6	NaN
	06/06/2023 17:00:27	82.871000E-3	905.000000E-12	494.000000E-12	4.996000E-9	572.200000E-9	668.240000E-3	305.000000E+0	-1.683000E+0	4.298973E+3	9.519000E-6	7.710000E-6	2.063500E-6	NaN
	06/06/2023 17:00:36	83.265000E-3	892.000000E-12	495.000000E-12	4.996000E-9	567.400000E-9	668.250000E-3	305.000000E+0	-1.683000E+0	4.298973E+3	9.967000E-6	7.710000E-6	2.116100E-6	NaN
	06/06/2023 17:00:45	82.329000E-3	905.000000E-12	494.000000E-12	4.996000E-9	567.400000E-9	668.240000E-3	305.000000E+0	-1.796000E+0	4.299422E+3	9.295000E-6	7.710000E-6	2.101000E-6	NaN
	06/06/2023 17:00:53	83.116000E-3	900.000000E-12	494.000000E-12	4.996000E-9	568.800000E-9	668.230000E-3	305.000000E+0	-1.796000E+0	4.299309E+3	9.743000E-6	7.710000E-6	2.150300E-6	NaN
	06/06/2023 17:01:02	83.068000E-3	908.000000E-12	494.000000E-12	4.996000E-9	570.800000E-9	668.240000E-3	305.000000E+0	-1.796000E+0	4.299309E+3	9.855000E-6	7.710000E-6	25.836000E-9	NaN
	06/06/2023 17:01:11	82.549000E-3	774.000000E-12	457.000000E-12	4.996000E-9	570.800000E-9	668.230000E-3	305.000000E+0	-1.796000E+0	4.299085E+3	9.743000E-6	7.710000E-6	23.758000E-9	NaN
	06/06/2023 17:01:19	82.722000E-3	778.000000E-12	459.000000E-12	4.996000E-9	568.800000E-9	668.210000E-3	305.000000E+0	-1.908000E+0	4.299197E+3	10.415000E-6	7.710000E-6	22.082000E-9	NaN
	06/06/2023 17:01:28	82.970000E-3	796.000000E-12	460.000000E-12	4.996000E-9	574.900000E-9	668.200000E-3	305.000000E+0	-1.796000E+0	4.299197E+3	9.855000E-6	7.710000E-6	24.977000E-9	NaN
	06/06/2023 17:01:37	82.475000E-3	778.000000E-12	461.000000E-12	4.996000E-9	577.000000E-9	668.200000E-3	304.000000E+0	-1.683000E+0	4.299085E+3	9.071000E-6	7.710000E-6	12.247900E-9	NaN
	06/06/2023 17:01:45	82.648000E-3	774.000000E-12	459.000000E-12	4.996000E-9	575.600000E-9	668.190000E-3	305.000000E+0	-1.796000E+0	4.299085E+3	9.407000E-6	7.710000E-6	24.765000E-9	NaN
	06/06/2023 17:01:54	82.871000E-3	779.000000E-12	459.000000E-12	4.996000E-9	573.600000E-9	668.190000E-3	305.000000E+0	-1.796000E+0	4.299197E+3	9.743000E-6	7.710000E-6	21.098000E-9	NaN
	06/06/2023 17:02:03	83.068000E-3	784.000000E-12	460.000000E-12	4.996000E-9	573.600000E-9	668.170000E-3	305.000000E+0	-1.796000E+0	4.299309E+3	10.079000E-6	7.710000E-6	23.935000E-9	NaN
	06/06/2023 17:02:12	83.092000E-3	759.000000E-12	460.000000E-12	4.996000E-9	573.600000E-9	668.170000E-3	304.000000E+0	-1.908000E+0	4.299085E+3	9.631000E-6	7.710000E-6	24.610000E-9	NaN
	06/06/2023 17:02:20	82.648000E-3	788.000000E-12	458.000000E-12	4.996000E-9	573.600000E-9	668.150000E-3	304.000000E+0	-1.908000E+0	4.299085E+3	9.967000E-6	7.730000E-6	20.447000E-9	NaN
	06/06/2023 17:02:29	82.797000E-3	777.000000E-12	459.000000E-12	4.996000E-9	575.600000E-9	668.150000E-3	305.000000E+0	-1.796000E+0	4.298973E+3	10.303000E-6	7.720000E-6	24.494000E-9	NaN
	06/06/2023 17:02:38	83.265000E-3	766.000000E-12	457.000000E-12	4.996000E-9	574.900000E-9	668.150000E-3	305.000000E+0	-1.908000E+0	4.299309E+3	10.415000E-6	7.720000E-6	2.953000E-6	NaN
	06/06/2023 17:02:46	82.821000E-3	970.000000E-12	522.000000E-12	4.996000E-9	576.300000E-9	668.130000E-3	305.000000E+0	-1.796000E+0	4.298973E+3	10.079000E-6	7.720000E-6	2.851400E-6	NaN
	06/06/2023 17:02:55	82.132000E-3	956.000000E-12	515.000000E-12	4.996000E-9	577.000000E-9	668.140000E-3	305.000000E+0	-1.908000E+0	4.299085E+3	9.967000E-6	7.720000E-6	2.801500E-6	NaN
	06/06/2023 17:03:04	82.675000E-3	955.000000E-12	511.000000E-12	4.996000E-9	574.900000E-9	668.120000E-3	304.000000E+0	-1.908000E+0	4.298973E+3	10.303000E-6	7.720000E-6	2.795200E-6	NaN
	06/06/2023 17:03:12	83.339000E-3	945.000000E-12	510.000000E-12	4.996000E-9	575.600000E-9	668.120000E-3	304.000000E+0	-1.908000E+0	4.298636E+3	9.967000E-6	7.720000E-6	2.764800E-6	NaN
	06/06/2023 17:03:21	82.353000E-3	935.000000E-12	510.000000E-12	4.996000E-9	574.900000E-9	668.120000E-3	304.000000E+0	-1.796000E+0	4.299309E+3	9.967000E-6	7.720000E-6	2.779500E-6	NaN
	06/06/2023 17:03:30	83.414000E-3	943.000000E-12	508.000000E-12	4.996000E-9	575.600000E-9	668.120000E-3	304.000000E+0	-1.796000E+0	4.299197E+3	9.631000E-6	7.720000E-6	2.786000E-6	NaN
	06/06/2023 17:03:38	82.746000E-3	950.000000E-12	508.000000E-12	4.996000E-9	574.200000E-9	668.110000E-3	304.000000E+0	-1.796000E+0	4.299197E+3	9.855000E-6	7.720000E-6	2.746000E-6	NaN
	06/06/2023 17:03:47	82.746000E-3	949.000000E-12	507.000000E-12	4.996000E-9	573.600000E-9	668.070000E-3	304.000000E+0	-1.908000E+0	4.299197E+3	9.855000E-6	7.720000E-6	2.800100E-6	NaN
	06/06/2023 17:03:56	82.871000E-3	931.000000E-12	507.000000E-12	4.996000E-9	582.600000E-9	668.070000E-3	304.000000E+0	-1.908000E+0	4.298412E+3	10.191000E-6	7.720000E-6	2.745900E-6	NaN
	06/06/2023 17:04:05	82.919000E-3	943.000000E-12	506.000000E-12	4.996000E-9	582.600000E-9	668.070000E-3	304.000000E+0	-1.908000E+0	4.298299E+3	10.191000E-6	7.720000E-6	2.749100E-6	NaN
	06/06/2023 17:04:13	82.624000E-3	938.000000E-12	505.000000E-12	4.996000E-9	579.800000E-9	668.070000E-3	304.000000E+0	-1.683000E+0	4.298748E+3	9.743000E-6	7.720000E-6	2.775700E-6	NaN
	06/06/2023 17:04:22	83.339000E-3	927.000000E-12	505.000000E-12	4.996000E-9	568.800000E-9	668.060000E-3	304.000000E+0	-1.796000E+0	4.298973E+3	10.079000E-6	7.720000E-6	2.962700E-6	NaN
	06/06/2023 17:04:31	83.217000E-3	951.000000E-12	506.000000E-12	4.996000E-9	561.300000E-9	668.040000E-3	304.000000E+0	-1.908000E+0	4.299197E+3	9.855000E-6	7.720000E-6	2.804900E-6	NaN
	06/06/2023 17:04:39	82.698000E-3	933.000000E-12	504.000000E-12	4.996000E-9	560.600000E-9	668.050000E-3	304.000000E+0	-1.908000E+0	4.299197E+3	10.079000E-6	7.720000E-6	2.757500E-6	NaN
	06/06/2023 17:04:48	82.526000E-3	934.000000E-12	505.000000E-12	4.996000E-9	560.600000E-9	668.040000E-3	305.000000E+0	-1.908000E+0	4.299534E+3	9.519000E-6	7.720000E-6	2.893700E-6	NaN
	06/06/2023 17:04:57	83.414000E-3	922.000000E-12	506.000000E-12	4.996000E-9	561.300000E-9	668.040000E-3	304.000000E+0	-1.796000E+0	4.299534E+3	10.863000E-6	7.720000E-6	1.853650E-6	NaN
	06/06/2023 17:05:05	83.217000E-3	825.000000E-12	486.000000E-12	4.996000E-9	566.700000E-9	668.040000E-3	304.000000E+0	-1.908000E+0	4.299646E+3	10.415000E-6	7.720000E-6	-3.150300E-6	NaN
	06/06/2023 17:05:14	83.190000E-3	758.000000E-12	454.000000E-12	4.996000E-9	567.400000E-9	668.040000E-3	304.000000E+0	-1.796000E+0	4.299534E+3	9.519000E-6	7.720000E-6	-1.103760E-6	NaN
	06/06/2023 17:05:23	83.017000E-3	769.000000E-12	454.000000E-12	4.996000E-9	568.100000E-9	668.000000E-3	304.000000E+0	-1.796000E+0	4.299646E+3	9.967000E-6	7.720000E-6	-38.737000E-9	NaN
	06/06/2023 17:05:31	82.919000E-3	778.000000E-12	453.000000E-12	4.996000E-9	570.100000E-9	668.000000E-3	304.000000E+0	-1.796000E+0	4.299758E+3	9.743000E-6	7.720000E-6	-16.111400E-9	NaN
	06/06/2023 17:05:40	83.068000E-3	762.000000E-12	452.000000E-12	4.996000E-9	571.500000E-9	668.000000E-3	304.000000E+0	-1.796000E+0	4.299646E+3	10.079000E-6	7.720000E-6	-11.427300E-9	NaN
	06/06/2023 17:05:49	82.970000E-3	753.000000E-12	450.000000E-12	4.996000E-9	572.200000E-9	668.000000E-3	304.000000E+0	-1.796000E+0	4.299309E+3	9.855000E-6	7.720000E-6	-8.747900E-9	NaN
	06/06/2023 17:05:58	83.190000E-3	753.000000E-12	450.000000E-12	4.996000E-9	576.300000E-9	667.960000E-3	304.000000E+0	-1.908000E+0	4.299309E+3	9.295000E-6	7.720000E-6	-6.862800E-9	NaN
	06/06/2023 17:06:06	83.068000E-3	761.000000E-12	451.000000E-12	4.996000E-9	581.900000E-9	667.960000E-3	304.000000E+0	-1.908000E+0	4.299197E+3	9.519000E-6	7.720000E-6	-5.861600E-9	NaN
	06/06/2023 17:06:15	82.994000E-3	773.000000E-12	449.000000E-12	4.996000E-9	581.900000E-9	667.980000E-3	304.000000E+0	-1.908000E+0	4.299422E+3	9.407000E-6	7.720000E-6	-5.162800E-9	NaN
