Live comments	Time	injection 100mbar	Barion_2	Barion_1	DUAL experiment	DUAL insulation	injection 1mbar	helium	T-platinum	T-CERNOX	I_emission	I_grid
	01/12/2022 14:21:35	462.550000E-3	7.600000E-9	8.610000E-9	6.672000E-9	506.200000E-9	593.540000E-6	261.000000E+0	-5.163000E+0	4.285056E+3	NaN	NaN
	01/12/2022 14:21:42	462.770000E-3	7.620000E-9	8.620000E-9	6.624000E-9	505.600000E-9	617.950000E-6	261.000000E+0	-5.275000E+0	4.285056E+3	NaN	NaN
	01/12/2022 14:21:49	462.500000E-3	7.550000E-9	8.630000E-9	6.421000E-9	505.600000E-9	592.800000E-6	261.000000E+0	-5.275000E+0	4.284944E+3	NaN	NaN
	01/12/2022 14:21:56	462.650000E-3	7.590000E-9	8.570000E-9	6.397000E-9	505.600000E-9	576.530000E-6	261.000000E+0	-5.163000E+0	4.285056E+3	NaN	NaN
	01/12/2022 14:22:04	462.890000E-3	7.600000E-9	8.600000E-9	6.467000E-9	505.600000E-9	588.120000E-6	261.000000E+0	-5.275000E+0	4.285056E+3	NaN	NaN
	01/12/2022 14:22:11	462.940000E-3	7.570000E-9	8.630000E-9	6.672000E-9	506.200000E-9	580.730000E-6	261.000000E+0	-5.163000E+0	4.285056E+3	NaN	NaN
	01/12/2022 14:22:18	463.090000E-3	7.560000E-9	8.610000E-9	6.390000E-9	505.600000E-9	590.350000E-6	261.000000E+0	-5.163000E+0	4.285056E+3	NaN	NaN
	01/12/2022 14:22:25	462.000000E-3	7.550000E-9	8.600000E-9	6.753000E-9	505.600000E-9	606.630000E-6	261.000000E+0	-5.275000E+0	4.285280E+3	NaN	NaN
	01/12/2022 14:22:32	462.330000E-3	7.550000E-9	8.560000E-9	6.632000E-9	505.600000E-9	609.820000E-6	261.000000E+0	-5.163000E+0	4.285280E+3	NaN	NaN
	01/12/2022 14:22:40	462.350000E-3	7.570000E-9	8.580000E-9	6.375000E-9	505.600000E-9	585.410000E-6	261.000000E+0	-5.050000E+0	4.285392E+3	NaN	NaN
	01/12/2022 14:22:47	462.280000E-3	7.520000E-9	8.570000E-9	6.337000E-9	505.600000E-9	602.420000E-6	261.000000E+0	-5.163000E+0	4.285168E+3	NaN	NaN
	01/12/2022 14:22:54	462.890000E-3	7.540000E-9	8.540000E-9	6.514000E-9	505.600000E-9	611.070000E-6	261.000000E+0	-5.163000E+0	4.285505E+3	NaN	NaN
	01/12/2022 14:23:01	462.520000E-3	7.550000E-9	8.510000E-9	6.514000E-9	506.200000E-9	582.220000E-6	261.000000E+0	-5.163000E+0	4.285617E+3	NaN	NaN
	01/12/2022 14:23:08	462.770000E-3	7.510000E-9	8.500000E-9	6.737000E-9	505.600000E-9	613.780000E-6	261.000000E+0	-5.163000E+0	4.285617E+3	NaN	NaN
	01/12/2022 14:23:15	462.100000E-3	7.520000E-9	8.520000E-9	6.460000E-9	506.200000E-9	604.150000E-6	261.000000E+0	-5.163000E+0	4.285392E+3	NaN	NaN
	01/12/2022 14:23:23	462.720000E-3	7.530000E-9	8.550000E-9	6.753000E-9	506.800000E-9	610.800000E-6	261.000000E+0	-5.163000E+0	4.285505E+3	NaN	NaN
	01/12/2022 14:23:30	461.980000E-3	7.490000E-9	8.560000E-9	6.640000E-9	506.200000E-9	610.800000E-6	261.000000E+0	-5.163000E+0	4.285617E+3	NaN	NaN
	01/12/2022 14:23:37	462.940000E-3	7.540000E-9	8.570000E-9	6.656000E-9	506.200000E-9	604.150000E-6	261.000000E+0	-5.275000E+0	4.285617E+3	NaN	NaN
	01/12/2022 14:23:44	462.280000E-3	7.490000E-9	8.510000E-9	6.352000E-9	506.200000E-9	603.650000E-6	260.000000E+0	-4.938000E+0	4.285617E+3	NaN	NaN
	01/12/2022 14:23:51	463.140000E-3	7.470000E-9	8.500000E-9	6.421000E-9	506.200000E-9	595.780000E-6	261.000000E+0	-5.275000E+0	4.285841E+3	NaN	NaN
	01/12/2022 14:23:58	462.350000E-3	7.520000E-9	8.510000E-9	6.321000E-9	506.800000E-9	596.760000E-6	261.000000E+0	-5.050000E+0	4.285729E+3	NaN	NaN
	01/12/2022 14:24:06	462.650000E-3	7.490000E-9	8.490000E-9	6.640000E-9	506.800000E-9	611.780000E-6	261.000000E+0	-5.050000E+0	4.285617E+3	NaN	NaN
	01/12/2022 14:24:13	462.520000E-3	7.440000E-9	8.440000E-9	6.545000E-9	507.500000E-9	612.530000E-6	261.000000E+0	-5.275000E+0	4.285729E+3	NaN	NaN
	01/12/2022 14:24:20	462.790000E-3	7.490000E-9	8.480000E-9	6.306000E-9	506.800000E-9	597.750000E-6	261.000000E+0	-5.163000E+0	4.285729E+3	NaN	NaN
	01/12/2022 14:24:27	462.570000E-3	7.480000E-9	8.520000E-9	6.452000E-9	508.700000E-9	583.200000E-6	261.000000E+0	-5.163000E+0	4.285729E+3	NaN	NaN
	01/12/2022 14:24:34	462.100000E-3	7.440000E-9	8.510000E-9	6.616000E-9	507.500000E-9	605.640000E-6	261.000000E+0	-5.050000E+0	4.285841E+3	NaN	NaN
	01/12/2022 14:24:42	462.840000E-3	7.490000E-9	8.510000E-9	6.429000E-9	509.300000E-9	606.360000E-6	261.000000E+0	-5.163000E+0	4.285841E+3	NaN	NaN
	01/12/2022 14:24:49	462.420000E-3	7.450000E-9	8.460000E-9	6.648000E-9	508.700000E-9	581.950000E-6	261.000000E+0	-5.163000E+0	4.285841E+3	NaN	NaN
	01/12/2022 14:24:56	462.670000E-3	7.430000E-9	8.450000E-9	6.306000E-9	508.700000E-9	602.190000E-6	261.000000E+0	-5.050000E+0	4.285841E+3	NaN	NaN
	01/12/2022 14:25:03	462.200000E-3	7.460000E-9	8.430000E-9	6.405000E-9	509.300000E-9	585.410000E-6	261.000000E+0	-5.275000E+0	4.286178E+3	NaN	NaN
	01/12/2022 14:25:10	462.700000E-3	7.460000E-9	8.440000E-9	6.298000E-9	508.700000E-9	599.240000E-6	261.000000E+0	-5.163000E+0	4.286066E+3	NaN	NaN
	01/12/2022 14:25:17	462.520000E-3	7.440000E-9	8.460000E-9	6.704000E-9	509.300000E-9	588.630000E-6	261.000000E+0	-5.163000E+0	4.286066E+3	NaN	NaN
	01/12/2022 14:25:25	462.400000E-3	7.390000E-9	8.420000E-9	6.577000E-9	511.700000E-9	616.970000E-6	261.000000E+0	-5.387000E+0	4.286066E+3	NaN	NaN
	01/12/2022 14:25:32	462.500000E-3	7.420000E-9	8.430000E-9	6.753000E-9	512.300000E-9	571.370000E-6	261.000000E+0	-5.275000E+0	4.285954E+3	NaN	NaN
	01/12/2022 14:25:39	462.720000E-3	7.510000E-9	8.480000E-9	6.843000E-9	511.100000E-9	588.390000E-6	261.000000E+0	-5.275000E+0	4.285954E+3	NaN	NaN
	01/12/2022 14:25:46	462.600000E-3	7.480000E-9	8.470000E-9	6.769000E-9	511.100000E-9	593.540000E-6	261.000000E+0	-5.163000E+0	4.286066E+3	NaN	NaN
	01/12/2022 14:25:53	462.720000E-3	7.440000E-9	8.510000E-9	6.593000E-9	509.900000E-9	583.200000E-6	261.000000E+0	-5.275000E+0	4.286290E+3	NaN	NaN
	01/12/2022 14:26:00	463.010000E-3	7.440000E-9	8.500000E-9	6.522000E-9	509.900000E-9	600.930000E-6	260.000000E+0	-5.275000E+0	4.286403E+3	NaN	NaN
	01/12/2022 14:26:08	461.730000E-3	7.420000E-9	8.470000E-9	6.429000E-9	509.900000E-9	585.410000E-6	260.000000E+0	-5.163000E+0	4.286290E+3	NaN	NaN
	01/12/2022 14:26:15	462.670000E-3	7.450000E-9	8.450000E-9	6.268000E-9	509.300000E-9	600.460000E-6	260.000000E+0	-5.050000E+0	4.286290E+3	NaN	NaN
	01/12/2022 14:26:22	462.650000E-3	7.420000E-9	8.450000E-9	6.561000E-9	538.200000E-9	604.900000E-6	261.000000E+0	-5.163000E+0	4.286290E+3	NaN	NaN
	01/12/2022 14:26:29	462.650000E-3	7.400000E-9	8.410000E-9	6.375000E-9	574.900000E-9	603.170000E-6	261.000000E+0	-5.050000E+0	4.286403E+3	NaN	NaN
	01/12/2022 14:26:36	462.550000E-3	7.430000E-9	8.410000E-9	6.253000E-9	549.900000E-9	604.660000E-6	260.000000E+0	-5.163000E+0	4.286290E+3	NaN	NaN
	01/12/2022 14:26:43	463.040000E-3	7.400000E-9	8.410000E-9	6.452000E-9	539.500000E-9	594.050000E-6	260.000000E+0	-5.050000E+0	4.286290E+3	NaN	NaN
	01/12/2022 14:26:51	462.470000E-3	7.400000E-9	8.390000E-9	6.522000E-9	530.500000E-9	595.030000E-6	260.000000E+0	-5.163000E+0	4.286290E+3	NaN	NaN
	01/12/2022 14:26:58	462.350000E-3	7.380000E-9	8.400000E-9	6.834000E-9	528.000000E-9	606.630000E-6	260.000000E+0	-5.163000E+0	4.286515E+3	NaN	NaN
	01/12/2022 14:27:05	461.980000E-3	7.390000E-9	8.370000E-9	6.664000E-9	524.800000E-9	597.240000E-6	260.000000E+0	-5.275000E+0	4.286627E+3	NaN	NaN
	01/12/2022 14:27:12	462.870000E-3	7.370000E-9	8.330000E-9	6.475000E-9	522.300000E-9	594.290000E-6	260.000000E+0	-5.163000E+0	4.286627E+3	NaN	NaN
	01/12/2022 14:27:19	462.570000E-3	7.370000E-9	8.360000E-9	6.545000E-9	520.400000E-9	603.410000E-6	260.000000E+0	-5.050000E+0	4.286739E+3	NaN	NaN
	01/12/2022 14:27:27	462.550000E-3	7.380000E-9	8.410000E-9	6.382000E-9	519.800000E-9	569.130000E-6	260.000000E+0	-5.275000E+0	4.286403E+3	NaN	NaN
	01/12/2022 14:27:34	463.140000E-3	7.370000E-9	8.370000E-9	6.460000E-9	519.800000E-9	600.930000E-6	260.000000E+0	-5.163000E+0	4.286627E+3	NaN	NaN
	01/12/2022 14:27:41	462.600000E-3	7.360000E-9	8.340000E-9	6.712000E-9	519.200000E-9	620.660000E-6	260.000000E+0	-5.050000E+0	4.286515E+3	NaN	NaN
	01/12/2022 14:27:48	462.970000E-3	7.320000E-9	8.330000E-9	6.306000E-9	519.800000E-9	605.370000E-6	260.000000E+0	-5.163000E+0	4.286515E+3	NaN	NaN
	01/12/2022 14:27:55	462.100000E-3	7.360000E-9	8.300000E-9	6.352000E-9	519.200000E-9	599.240000E-6	260.000000E+0	-5.163000E+0	4.286627E+3	NaN	NaN
	01/12/2022 14:28:02	462.250000E-3	7.340000E-9	8.370000E-9	6.276000E-9	519.200000E-9	616.490000E-6	260.000000E+0	-5.163000E+0	4.286739E+3	NaN	NaN
	01/12/2022 14:28:10	462.520000E-3	7.340000E-9	8.320000E-9	6.321000E-9	519.200000E-9	575.810000E-6	260.000000E+0	-5.163000E+0	4.286739E+3	NaN	NaN
	01/12/2022 14:28:17	460.530000E-3	7.300000E-9	8.330000E-9	6.421000E-9	518.500000E-9	587.640000E-6	260.000000E+0	-5.275000E+0	4.286627E+3	NaN	NaN
	01/12/2022 14:28:24	462.620000E-3	7.340000E-9	8.280000E-9	6.268000E-9	518.500000E-9	597.000000E-6	260.000000E+0	-5.050000E+0	4.286739E+3	NaN	NaN
	01/12/2022 14:28:31	463.040000E-3	7.330000E-9	8.300000E-9	6.314000E-9	517.900000E-9	573.580000E-6	260.000000E+0	-5.163000E+0	4.286739E+3	NaN	NaN
	01/12/2022 14:28:38	462.600000E-3	7.330000E-9	8.350000E-9	6.569000E-9	518.500000E-9	581.950000E-6	260.000000E+0	-5.163000E+0	4.286964E+3	NaN	NaN
	01/12/2022 14:28:45	462.500000E-3	7.300000E-9	8.300000E-9	6.344000E-9	517.900000E-9	609.340000E-6	260.000000E+0	-5.163000E+0	4.286852E+3	NaN	NaN
	01/12/2022 14:28:53	462.100000E-3	7.310000E-9	8.290000E-9	6.261000E-9	516.700000E-9	602.190000E-6	260.000000E+0	-5.163000E+0	4.286964E+3	NaN	NaN
	01/12/2022 14:29:00	462.330000E-3	7.320000E-9	8.260000E-9	6.530000E-9	517.900000E-9	605.640000E-6	260.000000E+0	-5.275000E+0	4.286964E+3	NaN	NaN
	01/12/2022 14:29:07	462.470000E-3	7.270000E-9	8.240000E-9	6.537000E-9	516.100000E-9	577.540000E-6	260.000000E+0	-5.050000E+0	4.286852E+3	NaN	NaN
	01/12/2022 14:29:14	462.520000E-3	7.310000E-9	8.240000E-9	6.475000E-9	517.900000E-9	607.100000E-6	260.000000E+0	-5.163000E+0	4.287076E+3	NaN	NaN
	01/12/2022 14:29:21	463.290000E-3	7.290000E-9	8.250000E-9	6.186000E-9	518.500000E-9	614.020000E-6	260.000000E+0	-5.050000E+0	4.287076E+3	NaN	NaN
	01/12/2022 14:29:28	462.520000E-3	7.260000E-9	8.300000E-9	6.460000E-9	519.800000E-9	612.050000E-6	260.000000E+0	-5.163000E+0	4.286964E+3	NaN	NaN
	01/12/2022 14:29:36	462.970000E-3	7.300000E-9	8.310000E-9	6.413000E-9	522.300000E-9	591.100000E-6	260.000000E+0	-5.163000E+0	4.287076E+3	NaN	NaN
	01/12/2022 14:29:43	462.600000E-3	7.290000E-9	8.250000E-9	6.231000E-9	524.800000E-9	585.910000E-6	260.000000E+0	-5.163000E+0	4.287076E+3	NaN	NaN
	01/12/2022 14:29:50	463.190000E-3	7.240000E-9	8.260000E-9	6.344000E-9	520.400000E-9	612.530000E-6	260.000000E+0	-5.275000E+0	4.286964E+3	NaN	NaN
	01/12/2022 14:29:57	462.940000E-3	7.270000E-9	8.250000E-9	6.608000E-9	519.800000E-9	577.030000E-6	260.000000E+0	-5.163000E+0	4.286964E+3	NaN	NaN
	01/12/2022 14:30:04	458.800000E-3	7.280000E-9	8.200000E-9	6.276000E-9	519.800000E-9	598.220000E-6	260.000000E+0	-5.275000E+0	4.287188E+3	NaN	NaN
	01/12/2022 14:30:11	462.500000E-3	7.250000E-9	8.220000E-9	6.164000E-9	519.200000E-9	610.320000E-6	260.000000E+0	-5.050000E+0	4.287188E+3	NaN	NaN
	01/12/2022 14:30:18	462.420000E-3	7.230000E-9	8.260000E-9	6.329000E-9	519.800000E-9	614.260000E-6	260.000000E+0	-5.163000E+0	4.287188E+3	NaN	NaN
	01/12/2022 14:30:26	458.680000E-3	7.260000E-9	8.260000E-9	6.352000E-9	519.800000E-9	591.580000E-6	260.000000E+0	-5.163000E+0	4.287300E+3	NaN	NaN
	01/12/2022 14:30:33	462.920000E-3	7.220000E-9	8.230000E-9	6.352000E-9	520.400000E-9	593.070000E-6	260.000000E+0	-5.050000E+0	4.287188E+3	NaN	NaN
	01/12/2022 14:30:40	462.300000E-3	7.250000E-9	8.200000E-9	6.522000E-9	526.100000E-9	611.070000E-6	260.000000E+0	-5.050000E+0	4.287188E+3	NaN	NaN
	01/12/2022 14:30:47	463.190000E-3	7.240000E-9	8.200000E-9	6.164000E-9	524.800000E-9	584.190000E-6	260.000000E+0	-5.050000E+0	4.287188E+3	NaN	NaN
	01/12/2022 14:30:54	462.700000E-3	7.200000E-9	8.190000E-9	6.569000E-9	525.400000E-9	612.290000E-6	260.000000E+0	-5.163000E+0	4.287300E+3	NaN	NaN
	01/12/2022 14:31:02	462.620000E-3	7.270000E-9	8.200000E-9	6.569000E-9	524.800000E-9	591.580000E-6	260.000000E+0	-5.275000E+0	4.287300E+3	NaN	NaN
	01/12/2022 14:31:09	462.890000E-3	7.200000E-9	8.170000E-9	6.127000E-9	520.400000E-9	585.410000E-6	260.000000E+0	-5.163000E+0	4.287188E+3	NaN	NaN
	01/12/2022 14:31:16	462.890000E-3	7.240000E-9	8.180000E-9	6.164000E-9	524.800000E-9	595.270000E-6	260.000000E+0	-5.163000E+0	4.287413E+3	NaN	NaN
	01/12/2022 14:31:23	462.030000E-3	7.180000E-9	8.180000E-9	6.375000E-9	519.800000E-9	594.790000E-6	260.000000E+0	-5.050000E+0	4.287413E+3	NaN	NaN
	01/12/2022 14:31:30	462.600000E-3	7.240000E-9	8.170000E-9	6.413000E-9	520.400000E-9	606.630000E-6	260.000000E+0	-5.163000E+0	4.287300E+3	NaN	NaN
	01/12/2022 14:31:37	463.290000E-3	7.180000E-9	8.170000E-9	6.475000E-9	519.800000E-9	603.910000E-6	260.000000E+0	-5.050000E+0	4.287413E+3	NaN	NaN
	01/12/2022 14:31:45	462.570000E-3	7.190000E-9	8.170000E-9	6.382000E-9	519.800000E-9	601.440000E-6	260.000000E+0	-5.163000E+0	4.287525E+3	NaN	NaN
	01/12/2022 14:31:52	462.890000E-3	7.190000E-9	8.170000E-9	6.553000E-9	519.800000E-9	606.120000E-6	260.000000E+0	-5.163000E+0	4.287413E+3	NaN	NaN
	01/12/2022 14:31:59	462.300000E-3	7.190000E-9	8.160000E-9	6.712000E-9	519.800000E-9	615.000000E-6	260.000000E+0	-5.163000E+0	4.287637E+3	NaN	NaN
	01/12/2022 14:32:06	462.990000E-3	7.210000E-9	8.160000E-9	6.498000E-9	519.800000E-9	589.370000E-6	260.000000E+0	-5.163000E+0	4.287637E+3	NaN	NaN
	01/12/2022 14:32:13	462.700000E-3	7.150000E-9	8.130000E-9	6.208000E-9	519.800000E-9	605.640000E-6	260.000000E+0	-5.050000E+0	4.287637E+3	NaN	NaN
	01/12/2022 14:32:20	462.920000E-3	7.180000E-9	8.130000E-9	6.397000E-9	519.800000E-9	595.510000E-6	260.000000E+0	-5.163000E+0	4.287637E+3	NaN	NaN
	01/12/2022 14:32:28	462.970000E-3	7.170000E-9	8.120000E-9	6.452000E-9	520.400000E-9	577.270000E-6	260.000000E+0	-5.275000E+0	4.287525E+3	NaN	NaN
	01/12/2022 14:32:35	462.600000E-3	7.170000E-9	8.110000E-9	6.098000E-9	520.400000E-9	594.530000E-6	260.000000E+0	-5.163000E+0	4.287525E+3	NaN	NaN
	01/12/2022 14:32:42	462.100000E-3	7.150000E-9	8.110000E-9	6.337000E-9	520.400000E-9	600.220000E-6	260.000000E+0	-5.163000E+0	4.287749E+3	NaN	NaN
	01/12/2022 14:32:49	462.990000E-3	7.150000E-9	8.130000E-9	6.467000E-9	521.000000E-9	607.850000E-6	260.000000E+0	-5.275000E+0	4.287749E+3	NaN	NaN
	01/12/2022 14:32:56	462.500000E-3	7.140000E-9	8.110000E-9	6.216000E-9	524.800000E-9	580.250000E-6	260.000000E+0	-5.050000E+0	4.287749E+3	NaN	NaN
	01/12/2022 14:33:03	461.220000E-3	7.180000E-9	8.110000E-9	6.112000E-9	522.300000E-9	593.300000E-6	260.000000E+0	-5.163000E+0	4.287749E+3	NaN	NaN
	01/12/2022 14:33:11	462.130000E-3	7.150000E-9	8.100000E-9	6.283000E-9	524.800000E-9	591.100000E-6	260.000000E+0	-5.163000E+0	4.287862E+3	NaN	NaN
	01/12/2022 14:33:18	462.200000E-3	7.150000E-9	8.120000E-9	6.429000E-9	524.200000E-9	605.140000E-6	260.000000E+0	-5.163000E+0	4.287974E+3	NaN	NaN
	01/12/2022 14:33:25	462.740000E-3	7.120000E-9	8.140000E-9	6.098000E-9	524.800000E-9	596.520000E-6	260.000000E+0	-5.163000E+0	4.287974E+3	NaN	NaN
	01/12/2022 14:33:32	462.700000E-3	7.110000E-9	8.130000E-9	6.201000E-9	524.800000E-9	577.030000E-6	260.000000E+0	-5.163000E+0	4.287862E+3	NaN	NaN
	01/12/2022 14:33:39	462.840000E-3	7.130000E-9	8.100000E-9	6.483000E-9	524.800000E-9	597.240000E-6	260.000000E+0	-5.275000E+0	4.287862E+3	NaN	NaN
	01/12/2022 14:33:47	462.670000E-3	7.120000E-9	8.080000E-9	6.314000E-9	524.800000E-9	602.660000E-6	260.000000E+0	-5.163000E+0	4.287974E+3	NaN	NaN
	01/12/2022 14:33:54	462.280000E-3	7.130000E-9	8.080000E-9	6.069000E-9	523.500000E-9	594.050000E-6	260.000000E+0	-5.275000E+0	4.287749E+3	NaN	NaN
	01/12/2022 14:34:01	462.600000E-3	7.100000E-9	8.050000E-9	6.344000E-9	524.800000E-9	603.650000E-6	260.000000E+0	-5.050000E+0	4.287862E+3	NaN	NaN
	01/12/2022 14:34:08	462.720000E-3	7.100000E-9	8.030000E-9	6.076000E-9	524.200000E-9	595.270000E-6	260.000000E+0	-5.050000E+0	4.287862E+3	NaN	NaN
	01/12/2022 14:34:15	462.620000E-3	7.080000E-9	8.030000E-9	6.268000E-9	524.800000E-9	607.100000E-6	260.000000E+0	-5.163000E+0	4.287974E+3	NaN	NaN
	01/12/2022 14:34:22	463.040000E-3	7.090000E-9	8.040000E-9	6.069000E-9	524.800000E-9	595.270000E-6	260.000000E+0	-5.050000E+0	4.288086E+3	NaN	NaN
	01/12/2022 14:34:29	461.090000E-3	7.110000E-9	8.040000E-9	6.135000E-9	524.800000E-9	608.590000E-6	260.000000E+0	-4.938000E+0	4.287974E+3	NaN	NaN
	01/12/2022 14:34:37	462.230000E-3	7.070000E-9	8.050000E-9	6.253000E-9	524.800000E-9	593.300000E-6	260.000000E+0	-5.050000E+0	4.288086E+3	NaN	NaN
	01/12/2022 14:34:44	462.470000E-3	7.110000E-9	8.040000E-9	6.061000E-9	523.500000E-9	608.350000E-6	260.000000E+0	-5.163000E+0	4.288086E+3	NaN	NaN
	01/12/2022 14:34:51	462.080000E-3	7.050000E-9	8.050000E-9	6.421000E-9	524.800000E-9	606.120000E-6	260.000000E+0	-5.050000E+0	4.287974E+3	NaN	NaN
	01/12/2022 14:34:58	463.260000E-3	7.100000E-9	8.020000E-9	6.314000E-9	521.000000E-9	614.020000E-6	259.000000E+0	-5.050000E+0	4.288086E+3	NaN	NaN
	01/12/2022 14:35:05	462.330000E-3	7.070000E-9	8.030000E-9	6.224000E-9	521.000000E-9	579.000000E-6	260.000000E+0	-5.163000E+0	4.288311E+3	NaN	NaN
	01/12/2022 14:35:13	459.930000E-3	7.070000E-9	8.020000E-9	6.283000E-9	524.200000E-9	603.410000E-6	260.000000E+0	-5.163000E+0	4.287974E+3	NaN	NaN
	01/12/2022 14:35:20	462.700000E-3	7.060000E-9	8.030000E-9	6.413000E-9	519.800000E-9	579.240000E-6	260.000000E+0	-5.050000E+0	4.288198E+3	NaN	NaN
	01/12/2022 14:35:27	462.570000E-3	7.040000E-9	8.000000E-9	6.337000E-9	520.400000E-9	596.260000E-6	260.000000E+0	-5.163000E+0	4.288198E+3	NaN	NaN
	01/12/2022 14:35:34	462.300000E-3	7.070000E-9	7.990000E-9	6.405000E-9	519.800000E-9	582.700000E-6	259.000000E+0	-5.163000E+0	4.287974E+3	NaN	NaN
	01/12/2022 14:35:41	458.530000E-3	7.050000E-9	7.980000E-9	6.382000E-9	519.800000E-9	604.900000E-6	259.000000E+0	-5.275000E+0	4.288311E+3	NaN	NaN
	01/12/2022 14:35:48	462.450000E-3	7.070000E-9	7.980000E-9	6.047000E-9	519.200000E-9	610.080000E-6	259.000000E+0	-5.050000E+0	4.288198E+3	NaN	NaN
	01/12/2022 14:35:56	462.770000E-3	7.020000E-9	7.980000E-9	6.344000E-9	519.200000E-9	614.020000E-6	260.000000E+0	-5.163000E+0	4.288311E+3	NaN	NaN
	01/12/2022 14:36:03	462.180000E-3	7.030000E-9	7.980000E-9	6.298000E-9	518.500000E-9	608.090000E-6	259.000000E+0	-5.163000E+0	4.288086E+3	NaN	NaN
	01/12/2022 14:36:10	459.560000E-3	7.020000E-9	7.960000E-9	6.276000E-9	517.300000E-9	602.420000E-6	259.000000E+0	-5.163000E+0	4.288198E+3	NaN	NaN
	01/12/2022 14:36:17	462.790000E-3	7.050000E-9	7.960000E-9	6.444000E-9	519.200000E-9	617.950000E-6	259.000000E+0	-5.275000E+0	4.288086E+3	NaN	NaN
	01/12/2022 14:36:24	462.470000E-3	7.020000E-9	7.980000E-9	6.413000E-9	516.700000E-9	604.390000E-6	260.000000E+0	-5.050000E+0	4.288423E+3	NaN	NaN
	01/12/2022 14:36:31	461.320000E-3	7.010000E-9	7.990000E-9	6.010000E-9	517.300000E-9	606.360000E-6	259.000000E+0	-5.163000E+0	4.288423E+3	NaN	NaN
	01/12/2022 14:36:39	463.240000E-3	7.010000E-9	8.000000E-9	6.069000E-9	516.100000E-9	588.390000E-6	260.000000E+0	-5.275000E+0	4.288311E+3	NaN	NaN
	01/12/2022 14:36:46	462.200000E-3	6.990000E-9	8.000000E-9	6.298000E-9	514.800000E-9	601.440000E-6	260.000000E+0	-5.050000E+0	4.288311E+3	NaN	NaN
	01/12/2022 14:36:53	462.470000E-3	7.030000E-9	7.990000E-9	6.157000E-9	514.800000E-9	606.630000E-6	259.000000E+0	-5.163000E+0	4.288423E+3	NaN	NaN
	01/12/2022 14:37:00	462.920000E-3	6.990000E-9	7.990000E-9	6.375000E-9	514.200000E-9	616.730000E-6	259.000000E+0	-5.163000E+0	4.288311E+3	NaN	NaN
	01/12/2022 14:37:07	461.660000E-3	7.020000E-9	7.980000E-9	6.522000E-9	515.400000E-9	586.150000E-6	259.000000E+0	-5.275000E+0	4.288423E+3	NaN	NaN
	01/12/2022 14:37:14	462.330000E-3	6.980000E-9	7.970000E-9	6.231000E-9	514.200000E-9	590.590000E-6	259.000000E+0	-5.163000E+0	4.288311E+3	NaN	NaN
	01/12/2022 14:37:22	462.570000E-3	6.950000E-9	7.950000E-9	6.329000E-9	514.800000E-9	608.350000E-6	260.000000E+0	-5.050000E+0	4.288423E+3	NaN	NaN
	01/12/2022 14:37:29	462.350000E-3	7.000000E-9	7.960000E-9	5.974000E-9	514.200000E-9	571.100000E-6	259.000000E+0	-5.050000E+0	4.288311E+3	NaN	NaN
	01/12/2022 14:37:36	463.440000E-3	6.970000E-9	7.950000E-9	6.268000E-9	513.600000E-9	604.390000E-6	259.000000E+0	-5.163000E+0	4.288311E+3	NaN	NaN
	01/12/2022 14:37:43	462.870000E-3	6.990000E-9	7.950000E-9	6.083000E-9	514.200000E-9	595.270000E-6	259.000000E+0	-5.163000E+0	4.288198E+3	NaN	NaN
	01/12/2022 14:37:50	462.200000E-3	6.940000E-9	7.950000E-9	6.201000E-9	513.000000E-9	590.830000E-6	259.000000E+0	-5.163000E+0	4.288311E+3	NaN	NaN
	01/12/2022 14:37:58	462.890000E-3	6.980000E-9	7.940000E-9	6.171000E-9	513.600000E-9	596.760000E-6	259.000000E+0	-5.275000E+0	4.288535E+3	NaN	NaN
	01/12/2022 14:38:05	463.160000E-3	6.960000E-9	7.920000E-9	6.283000E-9	513.000000E-9	595.780000E-6	259.000000E+0	-5.275000E+0	4.288423E+3	NaN	NaN
	01/12/2022 14:38:12	462.280000E-3	6.960000E-9	7.910000E-9	6.238000E-9	513.600000E-9	614.020000E-6	259.000000E+0	-5.275000E+0	4.288311E+3	NaN	NaN
	01/12/2022 14:38:19	462.570000E-3	6.940000E-9	7.890000E-9	6.608000E-9	513.600000E-9	569.370000E-6	259.000000E+0	-5.163000E+0	4.288535E+3	NaN	NaN
	01/12/2022 14:38:26	462.840000E-3	6.950000E-9	7.890000E-9	6.164000E-9	511.700000E-9	578.250000E-6	259.000000E+0	-5.163000E+0	4.288535E+3	NaN	NaN
	01/12/2022 14:38:33	463.070000E-3	6.920000E-9	7.870000E-9	6.436000E-9	512.300000E-9	601.950000E-6	259.000000E+0	-5.050000E+0	4.288647E+3	NaN	NaN
	01/12/2022 14:38:41	462.150000E-3	6.940000E-9	7.860000E-9	6.276000E-9	511.100000E-9	587.640000E-6	259.000000E+0	-5.163000E+0	4.288535E+3	NaN	NaN
	01/12/2022 14:38:48	462.420000E-3	6.960000E-9	7.820000E-9	6.201000E-9	511.700000E-9	594.050000E-6	259.000000E+0	-5.050000E+0	4.288423E+3	NaN	NaN
	01/12/2022 14:38:55	462.180000E-3	6.920000E-9	7.830000E-9	6.142000E-9	510.500000E-9	604.660000E-6	259.000000E+0	-5.163000E+0	4.288423E+3	NaN	NaN
	01/12/2022 14:39:02	462.890000E-3	6.920000E-9	7.860000E-9	6.390000E-9	510.500000E-9	605.140000E-6	259.000000E+0	-4.938000E+0	4.288535E+3	NaN	NaN
	01/12/2022 14:39:09	458.680000E-3	6.940000E-9	7.850000E-9	6.397000E-9	510.500000E-9	605.140000E-6	259.000000E+0	-5.163000E+0	4.288647E+3	NaN	NaN
	01/12/2022 14:39:16	462.570000E-3	6.900000E-9	7.870000E-9	6.359000E-9	509.900000E-9	603.910000E-6	259.000000E+0	-5.050000E+0	4.288423E+3	NaN	NaN
	01/12/2022 14:39:23	462.650000E-3	6.910000E-9	7.880000E-9	6.032000E-9	510.500000E-9	590.590000E-6	259.000000E+0	-5.163000E+0	4.288423E+3	NaN	NaN
	01/12/2022 14:39:31	462.350000E-3	6.930000E-9	7.820000E-9	6.025000E-9	508.700000E-9	575.300000E-6	259.000000E+0	-5.275000E+0	4.288535E+3	NaN	NaN
	01/12/2022 14:39:38	459.120000E-3	6.900000E-9	7.790000E-9	6.224000E-9	509.900000E-9	591.810000E-6	259.000000E+0	-5.163000E+0	4.288759E+3	NaN	NaN
	01/12/2022 14:39:45	461.270000E-3	6.880000E-9	7.810000E-9	6.421000E-9	509.300000E-9	577.540000E-6	259.000000E+0	-5.163000E+0	4.288759E+3	NaN	NaN
	01/12/2022 14:39:52	458.480000E-3	6.890000E-9	7.840000E-9	6.314000E-9	508.700000E-9	609.820000E-6	259.000000E+0	-5.163000E+0	4.288759E+3	NaN	NaN
	01/12/2022 14:39:59	462.520000E-3	6.870000E-9	7.810000E-9	6.246000E-9	508.700000E-9	600.220000E-6	259.000000E+0	-5.050000E+0	4.288759E+3	NaN	NaN
	01/12/2022 14:40:07	458.260000E-3	6.920000E-9	7.810000E-9	6.032000E-9	506.200000E-9	580.250000E-6	259.000000E+0	-5.163000E+0	4.288759E+3	NaN	NaN
	01/12/2022 14:40:14	458.630000E-3	6.890000E-9	7.800000E-9	5.982000E-9	508.700000E-9	607.370000E-6	259.000000E+0	-5.163000E+0	4.288872E+3	NaN	NaN
	01/12/2022 14:40:21	462.670000E-3	6.880000E-9	7.810000E-9	6.216000E-9	506.200000E-9	597.980000E-6	259.000000E+0	-5.275000E+0	4.288759E+3	NaN	NaN
	01/12/2022 14:40:28	462.200000E-3	6.890000E-9	7.830000E-9	6.224000E-9	506.200000E-9	596.020000E-6	259.000000E+0	-5.387000E+0	4.288872E+3	NaN	NaN
	01/12/2022 14:40:35	458.650000E-3	6.870000E-9	7.840000E-9	6.186000E-9	505.600000E-9	601.950000E-6	259.000000E+0	-5.050000E+0	4.288647E+3	NaN	NaN
	01/12/2022 14:40:42	458.430000E-3	6.860000E-9	7.840000E-9	6.321000E-9	505.600000E-9	591.580000E-6	259.000000E+0	-5.050000E+0	4.288759E+3	NaN	NaN
	01/12/2022 14:40:50	462.790000E-3	6.830000E-9	7.760000E-9	6.382000E-9	505.600000E-9	574.830000E-6	259.000000E+0	-5.050000E+0	4.288647E+3	NaN	NaN
	01/12/2022 14:40:57	462.250000E-3	6.850000E-9	7.750000E-9	5.903000E-9	505.000000E-9	574.080000E-6	259.000000E+0	-5.163000E+0	4.288759E+3	NaN	NaN
	01/12/2022 14:41:04	461.410000E-3	6.880000E-9	7.780000E-9	6.105000E-9	505.000000E-9	605.640000E-6	259.000000E+0	-5.163000E+0	4.288872E+3	NaN	NaN
	01/12/2022 14:41:11	462.920000E-3	6.860000E-9	7.790000E-9	6.069000E-9	505.000000E-9	604.900000E-6	259.000000E+0	-5.275000E+0	4.288759E+3	NaN	NaN
	01/12/2022 14:41:18	462.570000E-3	6.870000E-9	7.770000E-9	6.337000E-9	505.000000E-9	590.590000E-6	259.000000E+0	-5.050000E+0	4.288759E+3	NaN	NaN
	01/12/2022 14:41:26	461.830000E-3	6.850000E-9	7.760000E-9	6.149000E-9	505.000000E-9	594.290000E-6	259.000000E+0	-5.163000E+0	4.288759E+3	NaN	NaN
	01/12/2022 14:41:33	462.840000E-3	6.830000E-9	7.800000E-9	6.076000E-9	505.000000E-9	570.630000E-6	259.000000E+0	-5.050000E+0	4.288984E+3	NaN	NaN
	01/12/2022 14:41:40	462.280000E-3	6.850000E-9	7.800000E-9	6.157000E-9	504.400000E-9	607.610000E-6	259.000000E+0	-5.275000E+0	4.288872E+3	NaN	NaN
	01/12/2022 14:41:47	462.230000E-3	6.820000E-9	7.730000E-9	5.989000E-9	500.800000E-9	587.140000E-6	259.000000E+0	-5.163000E+0	4.288872E+3	NaN	NaN
	01/12/2022 14:41:54	462.770000E-3	6.810000E-9	7.710000E-9	6.061000E-9	501.400000E-9	582.220000E-6	259.000000E+0	-5.163000E+0	4.288647E+3	NaN	NaN
	01/12/2022 14:42:02	462.840000E-3	6.820000E-9	7.710000E-9	6.344000E-9	500.200000E-9	605.140000E-6	259.000000E+0	-5.163000E+0	4.288872E+3	NaN	NaN
	01/12/2022 14:42:09	462.550000E-3	6.820000E-9	7.740000E-9	6.018000E-9	500.200000E-9	581.230000E-6	259.000000E+0	-5.163000E+0	4.288984E+3	NaN	NaN
	01/12/2022 14:42:16	462.350000E-3	6.910000E-9	7.830000E-9	5.889000E-9	500.200000E-9	580.490000E-6	259.000000E+0	-5.275000E+0	4.288872E+3	NaN	NaN
	01/12/2022 14:42:23	459.100000E-3	6.810000E-9	7.750000E-9	6.003000E-9	499.600000E-9	589.850000E-6	259.000000E+0	-5.163000E+0	4.288984E+3	NaN	NaN
	01/12/2022 14:42:30	463.260000E-3	6.820000E-9	7.730000E-9	6.490000E-9	500.200000E-9	605.880000E-6	259.000000E+0	-5.163000E+0	4.288872E+3	NaN	NaN
	01/12/2022 14:42:37	463.190000E-3	6.800000E-9	7.730000E-9	6.224000E-9	499.600000E-9	575.300000E-6	259.000000E+0	-5.050000E+0	4.288984E+3	NaN	NaN
	01/12/2022 14:42:45	462.450000E-3	6.780000E-9	7.740000E-9	6.397000E-9	500.200000E-9	574.830000E-6	259.000000E+0	-4.938000E+0	4.288984E+3	NaN	NaN
	01/12/2022 14:42:52	458.600000E-3	6.780000E-9	7.750000E-9	6.179000E-9	499.600000E-9	582.700000E-6	259.000000E+0	-5.163000E+0	4.288984E+3	NaN	NaN
	01/12/2022 14:42:59	461.810000E-3	6.790000E-9	7.750000E-9	6.179000E-9	499.600000E-9	587.370000E-6	259.000000E+0	-5.163000E+0	4.288872E+3	NaN	NaN
	01/12/2022 14:43:06	462.670000E-3	6.800000E-9	7.740000E-9	5.960000E-9	499.600000E-9	570.120000E-6	259.000000E+0	-5.163000E+0	4.288984E+3	NaN	NaN
	01/12/2022 14:43:13	462.180000E-3	6.770000E-9	7.720000E-9	6.047000E-9	497.200000E-9	578.020000E-6	259.000000E+0	-5.163000E+0	4.288872E+3	NaN	NaN
	01/12/2022 14:43:21	462.570000E-3	6.800000E-9	7.680000E-9	6.276000E-9	499.000000E-9	561.000000E-6	259.000000E+0	-5.050000E+0	4.288984E+3	NaN	NaN
	01/12/2022 14:43:28	462.370000E-3	6.750000E-9	7.640000E-9	6.010000E-9	495.400000E-9	584.190000E-6	259.000000E+0	-5.163000E+0	4.288984E+3	NaN	NaN
	01/12/2022 14:43:35	462.600000E-3	6.750000E-9	7.640000E-9	5.840000E-9	496.000000E-9	584.660000E-6	259.000000E+0	-5.050000E+0	4.289096E+3	NaN	NaN
	01/12/2022 14:43:42	462.650000E-3	6.730000E-9	7.640000E-9	6.039000E-9	495.400000E-9	604.900000E-6	259.000000E+0	-5.050000E+0	4.288984E+3	NaN	NaN
	01/12/2022 14:43:49	458.460000E-3	6.750000E-9	7.670000E-9	6.069000E-9	494.800000E-9	582.700000E-6	259.000000E+0	-5.163000E+0	4.288984E+3	NaN	NaN
	01/12/2022 14:43:56	462.790000E-3	6.770000E-9	7.660000E-9	6.076000E-9	495.400000E-9	604.390000E-6	259.000000E+0	-5.050000E+0	4.289096E+3	NaN	NaN
	01/12/2022 14:44:04	459.120000E-3	6.750000E-9	7.640000E-9	5.840000E-9	493.600000E-9	578.760000E-6	259.000000E+0	-5.163000E+0	4.289096E+3	NaN	NaN
	01/12/2022 14:44:11	462.280000E-3	6.770000E-9	7.700000E-9	6.047000E-9	494.200000E-9	603.910000E-6	259.000000E+0	-5.163000E+0	4.289096E+3	NaN	NaN
	01/12/2022 14:44:18	461.340000E-3	6.750000E-9	7.680000E-9	6.090000E-9	493.100000E-9	571.100000E-6	259.000000E+0	-5.163000E+0	4.288872E+3	NaN	NaN
	01/12/2022 14:44:25	459.370000E-3	6.720000E-9	7.610000E-9	6.413000E-9	494.800000E-9	599.950000E-6	259.000000E+0	-4.938000E+0	4.288984E+3	NaN	NaN
	01/12/2022 14:44:32	458.310000E-3	6.740000E-9	7.640000E-9	6.083000E-9	496.000000E-9	591.580000E-6	259.000000E+0	-5.050000E+0	4.289096E+3	NaN	NaN
	01/12/2022 14:44:40	463.040000E-3	6.720000E-9	7.640000E-9	6.039000E-9	496.600000E-9	587.640000E-6	258.000000E+0	-5.050000E+0	4.288984E+3	NaN	NaN
	01/12/2022 14:44:47	462.740000E-3	6.720000E-9	7.630000E-9	5.910000E-9	496.000000E-9	597.000000E-6	259.000000E+0	-5.275000E+0	4.288872E+3	NaN	NaN
	01/12/2022 14:44:54	459.690000E-3	6.710000E-9	7.610000E-9	6.276000E-9	494.200000E-9	589.370000E-6	258.000000E+0	-5.163000E+0	4.288984E+3	NaN	NaN
	01/12/2022 14:45:01	462.000000E-3	6.660000E-9	7.630000E-9	6.120000E-9	493.100000E-9	579.240000E-6	259.000000E+0	-5.050000E+0	4.288984E+3	NaN	NaN
	01/12/2022 14:45:08	458.380000E-3	6.740000E-9	7.650000E-9	5.840000E-9	490.700000E-9	597.510000E-6	259.000000E+0	-5.050000E+0	4.288984E+3	NaN	NaN
	01/12/2022 14:45:15	461.090000E-3	6.700000E-9	7.640000E-9	6.112000E-9	490.100000E-9	585.910000E-6	259.000000E+0	-5.050000E+0	4.289208E+3	NaN	NaN
	01/12/2022 14:45:23	462.030000E-3	6.730000E-9	7.620000E-9	5.833000E-9	491.900000E-9	595.270000E-6	259.000000E+0	-5.163000E+0	4.289096E+3	NaN	NaN
	01/12/2022 14:45:30	459.390000E-3	6.670000E-9	7.630000E-9	6.105000E-9	493.600000E-9	600.700000E-6	259.000000E+0	-5.050000E+0	4.288872E+3	NaN	NaN
	01/12/2022 14:45:37	458.730000E-3	6.700000E-9	7.640000E-9	6.268000E-9	493.600000E-9	583.440000E-6	258.000000E+0	-5.050000E+0	4.288759E+3	NaN	NaN
	01/12/2022 14:45:44	461.320000E-3	6.690000E-9	7.640000E-9	6.032000E-9	491.900000E-9	604.660000E-6	258.000000E+0	-5.275000E+0	4.288984E+3	NaN	NaN
	01/12/2022 14:45:51	458.700000E-3	6.710000E-9	7.640000E-9	5.946000E-9	490.700000E-9	584.420000E-6	259.000000E+0	-5.050000E+0	4.289096E+3	NaN	NaN
	01/12/2022 14:45:58	459.960000E-3	6.670000E-9	7.630000E-9	5.826000E-9	488.900000E-9	584.660000E-6	258.000000E+0	-5.163000E+0	4.288984E+3	NaN	NaN
	01/12/2022 14:46:06	460.750000E-3	6.700000E-9	7.620000E-9	6.224000E-9	487.700000E-9	590.830000E-6	259.000000E+0	-5.387000E+0	4.289096E+3	NaN	NaN
	01/12/2022 14:46:13	462.720000E-3	6.630000E-9	7.590000E-9	5.847000E-9	486.600000E-9	615.000000E-6	258.000000E+0	-5.050000E+0	4.289321E+3	NaN	NaN
	01/12/2022 14:46:20	462.350000E-3	6.690000E-9	7.590000E-9	6.090000E-9	486.000000E-9	584.930000E-6	259.000000E+0	-5.275000E+0	4.288984E+3	NaN	NaN
	01/12/2022 14:46:27	462.840000E-3	6.660000E-9	7.580000E-9	6.076000E-9	486.600000E-9	590.090000E-6	259.000000E+0	-5.163000E+0	4.289096E+3	NaN	NaN
	01/12/2022 14:46:34	458.600000E-3	6.680000E-9	7.550000E-9	6.010000E-9	485.400000E-9	592.560000E-6	258.000000E+0	-5.163000E+0	4.288984E+3	NaN	NaN
	01/12/2022 14:46:41	458.580000E-3	6.640000E-9	7.510000E-9	6.164000E-9	485.400000E-9	605.140000E-6	258.000000E+0	-5.163000E+0	4.288984E+3	NaN	NaN
	01/12/2022 14:46:49	459.930000E-3	6.650000E-9	7.520000E-9	5.875000E-9	483.100000E-9	597.240000E-6	258.000000E+0	-5.163000E+0	4.288984E+3	NaN	NaN
	01/12/2022 14:46:56	462.420000E-3	6.630000E-9	7.520000E-9	5.932000E-9	487.200000E-9	594.290000E-6	259.000000E+0	-5.050000E+0	4.288759E+3	NaN	NaN
	01/12/2022 14:47:03	461.730000E-3	6.670000E-9	7.510000E-9	6.208000E-9	489.500000E-9	576.790000E-6	258.000000E+0	-5.050000E+0	4.288984E+3	NaN	NaN
	01/12/2022 14:47:10	459.220000E-3	6.630000E-9	7.510000E-9	6.032000E-9	487.200000E-9	608.350000E-6	258.000000E+0	-5.050000E+0	4.289096E+3	NaN	NaN
	01/12/2022 14:47:17	458.400000E-3	6.650000E-9	7.500000E-9	6.216000E-9	486.600000E-9	591.810000E-6	258.000000E+0	-5.275000E+0	4.289096E+3	NaN	NaN
	01/12/2022 14:47:24	463.070000E-3	6.600000E-9	7.490000E-9	6.076000E-9	484.800000E-9	614.260000E-6	259.000000E+0	-5.163000E+0	4.289096E+3	NaN	NaN
	01/12/2022 14:47:32	459.150000E-3	6.620000E-9	7.490000E-9	5.833000E-9	481.900000E-9	603.650000E-6	258.000000E+0	-5.275000E+0	4.288984E+3	NaN	NaN
	01/12/2022 14:47:39	458.060000E-3	6.640000E-9	7.490000E-9	5.861000E-9	480.800000E-9	578.250000E-6	258.000000E+0	-5.163000E+0	4.288984E+3	NaN	NaN
	01/12/2022 14:47:46	462.870000E-3	6.620000E-9	7.510000E-9	6.246000E-9	480.200000E-9	608.350000E-6	258.000000E+0	-5.050000E+0	4.289208E+3	NaN	NaN
	01/12/2022 14:47:53	458.400000E-3	6.610000E-9	7.500000E-9	5.974000E-9	480.200000E-9	596.760000E-6	259.000000E+0	-5.050000E+0	4.288872E+3	NaN	NaN
	01/12/2022 14:48:00	459.440000E-3	6.610000E-9	7.490000E-9	6.010000E-9	477.900000E-9	586.150000E-6	258.000000E+0	-4.938000E+0	4.289321E+3	NaN	NaN
	01/12/2022 14:48:07	462.520000E-3	6.600000E-9	7.490000E-9	6.090000E-9	478.400000E-9	574.560000E-6	258.000000E+0	-5.387000E+0	4.289208E+3	NaN	NaN
	01/12/2022 14:48:15	459.710000E-3	6.630000E-9	7.500000E-9	5.910000E-9	477.300000E-9	573.580000E-6	258.000000E+0	-5.163000E+0	4.289096E+3	NaN	NaN
	01/12/2022 14:48:22	462.990000E-3	6.620000E-9	7.490000E-9	5.749000E-9	477.300000E-9	582.220000E-6	258.000000E+0	-5.163000E+0	4.289208E+3	NaN	NaN
	01/12/2022 14:48:29	462.920000E-3	6.590000E-9	7.510000E-9	6.018000E-9	477.300000E-9	587.140000E-6	258.000000E+0	-5.050000E+0	4.289321E+3	NaN	NaN
	01/12/2022 14:48:36	459.610000E-3	6.610000E-9	7.490000E-9	5.729000E-9	476.700000E-9	582.220000E-6	258.000000E+0	-5.163000E+0	4.288984E+3	NaN	NaN
	01/12/2022 14:48:43	462.400000E-3	6.550000E-9	7.480000E-9	5.953000E-9	476.700000E-9	588.630000E-6	258.000000E+0	-5.163000E+0	4.289321E+3	NaN	NaN
	01/12/2022 14:48:51	458.550000E-3	6.600000E-9	7.460000E-9	5.960000E-9	476.200000E-9	597.980000E-6	258.000000E+0	-5.163000E+0	4.288984E+3	NaN	NaN
	01/12/2022 14:48:58	458.950000E-3	6.570000E-9	7.450000E-9	6.076000E-9	476.700000E-9	589.850000E-6	258.000000E+0	-5.050000E+0	4.289208E+3	NaN	NaN
	01/12/2022 14:49:05	462.770000E-3	6.570000E-9	7.450000E-9	5.960000E-9	475.600000E-9	590.590000E-6	258.000000E+0	-5.163000E+0	4.289208E+3	NaN	NaN
	01/12/2022 14:49:12	458.600000E-3	6.550000E-9	7.460000E-9	5.925000E-9	476.200000E-9	574.560000E-6	258.000000E+0	-5.275000E+0	4.289321E+3	NaN	NaN
	01/12/2022 14:49:19	458.900000E-3	6.550000E-9	7.440000E-9	6.120000E-9	475.600000E-9	588.630000E-6	258.000000E+0	-5.163000E+0	4.289096E+3	NaN	NaN
	01/12/2022 14:49:26	463.140000E-3	6.570000E-9	7.420000E-9	5.847000E-9	475.600000E-9	602.420000E-6	258.000000E+0	-5.163000E+0	4.289208E+3	NaN	NaN
	01/12/2022 14:49:34	458.950000E-3	6.530000E-9	7.410000E-9	5.910000E-9	476.200000E-9	605.370000E-6	258.000000E+0	-5.050000E+0	4.289208E+3	NaN	NaN
	01/12/2022 14:49:41	458.820000E-3	6.560000E-9	7.390000E-9	5.798000E-9	475.600000E-9	575.300000E-6	258.000000E+0	-5.050000E+0	4.289096E+3	NaN	NaN
	01/12/2022 14:49:48	458.920000E-3	6.540000E-9	7.400000E-9	6.135000E-9	476.200000E-9	582.460000E-6	258.000000E+0	-5.163000E+0	4.289433E+3	NaN	NaN
	01/12/2022 14:49:55	459.190000E-3	6.520000E-9	7.390000E-9	6.047000E-9	476.200000E-9	577.780000E-6	258.000000E+0	-4.938000E+0	4.289096E+3	NaN	NaN
	01/12/2022 14:50:02	459.100000E-3	6.560000E-9	7.440000E-9	6.329000E-9	475.600000E-9	604.150000E-6	258.000000E+0	-5.050000E+0	4.289208E+3	NaN	NaN
	01/12/2022 14:50:10	462.790000E-3	6.520000E-9	7.470000E-9	6.164000E-9	475.600000E-9	575.070000E-6	258.000000E+0	-5.050000E+0	4.289321E+3	NaN	NaN
	01/12/2022 14:50:17	459.660000E-3	6.500000E-9	7.460000E-9	6.238000E-9	475.000000E-9	596.260000E-6	258.000000E+0	-5.275000E+0	4.289433E+3	NaN	NaN
	01/12/2022 14:50:24	462.450000E-3	6.550000E-9	7.430000E-9	5.939000E-9	475.600000E-9	577.270000E-6	258.000000E+0	-5.163000E+0	4.289096E+3	NaN	NaN
	01/12/2022 14:50:31	462.770000E-3	6.490000E-9	7.390000E-9	6.179000E-9	475.000000E-9	585.170000E-6	258.000000E+0	-5.163000E+0	4.289096E+3	NaN	NaN
	01/12/2022 14:50:38	460.450000E-3	6.520000E-9	7.400000E-9	5.854000E-9	475.600000E-9	573.100000E-6	258.000000E+0	-5.050000E+0	4.289208E+3	NaN	NaN
	01/12/2022 14:50:45	458.850000E-3	6.500000E-9	7.410000E-9	6.003000E-9	475.000000E-9	588.390000E-6	258.000000E+0	-5.275000E+0	4.289321E+3	NaN	NaN
	01/12/2022 14:50:53	462.620000E-3	6.500000E-9	7.400000E-9	6.397000E-9	475.000000E-9	574.560000E-6	258.000000E+0	-5.275000E+0	4.289096E+3	NaN	NaN
	01/12/2022 14:51:00	458.920000E-3	6.520000E-9	7.370000E-9	5.791000E-9	475.000000E-9	571.850000E-6	258.000000E+0	-5.163000E+0	4.289208E+3	NaN	NaN
	01/12/2022 14:51:07	458.210000E-3	6.460000E-9	7.340000E-9	5.868000E-9	473.900000E-9	578.250000E-6	258.000000E+0	-5.050000E+0	4.289321E+3	NaN	NaN
	01/12/2022 14:51:14	462.570000E-3	6.500000E-9	7.360000E-9	6.142000E-9	474.500000E-9	570.390000E-6	258.000000E+0	-4.938000E+0	4.289433E+3	NaN	NaN
	01/12/2022 14:51:21	463.260000E-3	6.490000E-9	7.410000E-9	6.224000E-9	473.900000E-9	612.290000E-6	258.000000E+0	-5.050000E+0	4.289321E+3	NaN	NaN
	01/12/2022 14:51:29	460.380000E-3	6.480000E-9	7.390000E-9	6.032000E-9	473.900000E-9	574.320000E-6	258.000000E+0	-5.163000E+0	4.289321E+3	NaN	NaN
	01/12/2022 14:51:36	459.370000E-3	6.500000E-9	7.350000E-9	6.164000E-9	473.300000E-9	577.780000E-6	258.000000E+0	-5.163000E+0	4.289321E+3	NaN	NaN
	01/12/2022 14:51:43	462.990000E-3	6.450000E-9	7.340000E-9	5.819000E-9	473.300000E-9	568.660000E-6	258.000000E+0	-5.050000E+0	4.289433E+3	NaN	NaN
	01/12/2022 14:51:50	458.920000E-3	6.470000E-9	7.340000E-9	6.224000E-9	472.800000E-9	585.170000E-6	258.000000E+0	-5.275000E+0	4.289208E+3	NaN	NaN
	01/12/2022 14:51:57	458.530000E-3	6.480000E-9	7.350000E-9	5.882000E-9	476.200000E-9	602.420000E-6	258.000000E+0	-5.050000E+0	4.289433E+3	NaN	NaN
	01/12/2022 14:52:04	458.530000E-3	6.460000E-9	7.360000E-9	5.729000E-9	477.900000E-9	577.780000E-6	258.000000E+0	-5.050000E+0	4.289321E+3	NaN	NaN
	01/12/2022 14:52:12	458.950000E-3	6.450000E-9	7.340000E-9	5.960000E-9	477.900000E-9	578.020000E-6	258.000000E+0	-5.163000E+0	4.289208E+3	NaN	NaN
	01/12/2022 14:52:19	462.370000E-3	6.460000E-9	7.320000E-9	5.812000E-9	477.900000E-9	587.880000E-6	258.000000E+0	-5.163000E+0	4.289321E+3	NaN	NaN
	01/12/2022 14:52:26	459.270000E-3	6.460000E-9	7.300000E-9	6.003000E-9	478.400000E-9	573.810000E-6	258.000000E+0	-5.050000E+0	4.289096E+3	NaN	NaN
	01/12/2022 14:52:33	458.430000E-3	6.420000E-9	7.320000E-9	6.306000E-9	477.300000E-9	572.830000E-6	258.000000E+0	-5.050000E+0	4.289096E+3	NaN	NaN
	01/12/2022 14:52:40	463.160000E-3	6.440000E-9	7.370000E-9	6.061000E-9	477.300000E-9	591.810000E-6	258.000000E+0	-4.938000E+0	4.289208E+3	NaN	NaN
	01/12/2022 14:52:48	459.240000E-3	6.450000E-9	7.340000E-9	5.974000E-9	476.700000E-9	595.030000E-6	258.000000E+0	-5.163000E+0	4.289096E+3	NaN	NaN
	01/12/2022 14:52:55	462.550000E-3	6.440000E-9	7.300000E-9	5.861000E-9	476.200000E-9	579.000000E-6	258.000000E+0	-5.163000E+0	4.289096E+3	NaN	NaN
	01/12/2022 14:53:02	458.900000E-3	6.420000E-9	7.310000E-9	5.889000E-9	476.200000E-9	575.300000E-6	258.000000E+0	-5.275000E+0	4.289208E+3	NaN	NaN
	01/12/2022 14:53:09	458.750000E-3	6.430000E-9	7.270000E-9	5.681000E-9	475.000000E-9	579.510000E-6	258.000000E+0	-5.050000E+0	4.289096E+3	NaN	NaN
	01/12/2022 14:53:16	458.230000E-3	6.440000E-9	7.260000E-9	5.722000E-9	475.600000E-9	595.270000E-6	258.000000E+0	-5.050000E+0	4.289208E+3	NaN	NaN
	01/12/2022 14:53:23	459.860000E-3	6.410000E-9	7.310000E-9	5.847000E-9	475.000000E-9	603.910000E-6	258.000000E+0	-5.163000E+0	4.289208E+3	NaN	NaN
	01/12/2022 14:53:31	459.120000E-3	6.430000E-9	7.360000E-9	5.770000E-9	474.500000E-9	587.140000E-6	258.000000E+0	-4.938000E+0	4.289096E+3	NaN	NaN
	01/12/2022 14:53:38	459.150000E-3	6.440000E-9	7.340000E-9	6.157000E-9	474.500000E-9	572.590000E-6	258.000000E+0	-5.275000E+0	4.288984E+3	NaN	NaN
	01/12/2022 14:53:45	458.530000E-3	6.440000E-9	7.330000E-9	6.047000E-9	473.900000E-9	602.190000E-6	258.000000E+0	-5.275000E+0	4.289096E+3	NaN	NaN
	01/12/2022 14:53:52	458.330000E-3	6.420000E-9	7.320000E-9	6.268000E-9	473.900000E-9	588.860000E-6	258.000000E+0	-5.050000E+0	4.288872E+3	NaN	NaN
	01/12/2022 14:53:59	458.920000E-3	6.410000E-9	7.290000E-9	6.253000E-9	473.900000E-9	577.780000E-6	257.000000E+0	-5.050000E+0	4.288984E+3	NaN	NaN
	01/12/2022 14:54:06	462.300000E-3	6.420000E-9	7.300000E-9	5.833000E-9	473.900000E-9	593.070000E-6	258.000000E+0	-5.387000E+0	4.288984E+3	NaN	NaN
	01/12/2022 14:54:14	459.020000E-3	6.400000E-9	7.290000E-9	6.083000E-9	473.900000E-9	588.120000E-6	258.000000E+0	-5.163000E+0	4.288872E+3	NaN	NaN
	01/12/2022 14:54:21	460.180000E-3	6.430000E-9	7.260000E-9	5.932000E-9	473.300000E-9	613.780000E-6	258.000000E+0	-5.163000E+0	4.288984E+3	NaN	NaN
	01/12/2022 14:54:28	462.790000E-3	6.400000E-9	7.240000E-9	5.882000E-9	473.300000E-9	592.800000E-6	258.000000E+0	-5.163000E+0	4.288984E+3	NaN	NaN
	01/12/2022 14:54:35	458.800000E-3	6.400000E-9	7.240000E-9	6.090000E-9	472.200000E-9	581.710000E-6	258.000000E+0	-5.163000E+0	4.288984E+3	NaN	NaN
	01/12/2022 14:54:42	458.750000E-3	6.400000E-9	7.280000E-9	5.932000E-9	472.800000E-9	576.050000E-6	257.000000E+0	-4.938000E+0	4.288984E+3	NaN	NaN
	01/12/2022 14:54:49	462.180000E-3	6.390000E-9	7.320000E-9	5.889000E-9	472.200000E-9	580.250000E-6	257.000000E+0	-5.275000E+0	4.288984E+3	NaN	NaN
	01/12/2022 14:54:57	459.370000E-3	6.410000E-9	7.310000E-9	6.098000E-9	472.200000E-9	591.100000E-6	257.000000E+0	-5.050000E+0	4.288872E+3	NaN	NaN
	01/12/2022 14:55:04	460.720000E-3	6.360000E-9	7.300000E-9	5.889000E-9	472.200000E-9	569.640000E-6	258.000000E+0	-5.275000E+0	4.288984E+3	NaN	NaN
	01/12/2022 14:55:11	458.310000E-3	6.400000E-9	7.290000E-9	5.763000E-9	471.000000E-9	580.730000E-6	257.000000E+0	-5.163000E+0	4.288984E+3	NaN	NaN
	01/12/2022 14:55:18	458.680000E-3	6.380000E-9	7.250000E-9	5.861000E-9	471.600000E-9	587.370000E-6	257.000000E+0	-5.275000E+0	4.288984E+3	NaN	NaN
	01/12/2022 14:55:25	458.460000E-3	6.370000E-9	7.250000E-9	6.083000E-9	470.500000E-9	589.370000E-6	257.000000E+0	-5.275000E+0	4.288759E+3	NaN	NaN
	01/12/2022 14:55:33	462.670000E-3	6.380000E-9	7.220000E-9	5.681000E-9	471.000000E-9	571.850000E-6	257.000000E+0	-5.275000E+0	4.288872E+3	NaN	NaN
	01/12/2022 14:55:40	458.260000E-3	6.370000E-9	7.230000E-9	5.932000E-9	471.000000E-9	579.980000E-6	257.000000E+0	-5.275000E+0	4.289096E+3	NaN	NaN
	01/12/2022 14:55:47	461.410000E-3	6.390000E-9	7.230000E-9	5.722000E-9	469.300000E-9	576.530000E-6	257.000000E+0	-5.050000E+0	4.288872E+3	NaN	NaN
	01/12/2022 14:55:54	458.880000E-3	6.350000E-9	7.240000E-9	5.875000E-9	471.000000E-9	598.730000E-6	258.000000E+0	-5.163000E+0	4.288984E+3	NaN	NaN
	01/12/2022 14:56:01	458.650000E-3	6.370000E-9	7.230000E-9	6.003000E-9	468.800000E-9	572.830000E-6	257.000000E+0	-5.163000E+0	4.288984E+3	NaN	NaN
	01/12/2022 14:56:08	458.230000E-3	6.370000E-9	7.210000E-9	5.896000E-9	469.900000E-9	575.300000E-6	257.000000E+0	-5.163000E+0	4.288984E+3	NaN	NaN
	01/12/2022 14:56:16	459.000000E-3	6.330000E-9	7.180000E-9	5.833000E-9	469.300000E-9	586.150000E-6	257.000000E+0	-5.163000E+0	4.288984E+3	NaN	NaN
	01/12/2022 14:56:23	459.390000E-3	6.390000E-9	7.170000E-9	5.742000E-9	468.800000E-9	597.000000E-6	257.000000E+0	-5.050000E+0	4.288984E+3	NaN	NaN
	01/12/2022 14:56:30	462.500000E-3	6.320000E-9	7.220000E-9	5.667000E-9	468.800000E-9	578.020000E-6	257.000000E+0	-5.275000E+0	4.288759E+3	NaN	NaN
	01/12/2022 14:56:37	458.210000E-3	6.330000E-9	7.250000E-9	6.224000E-9	468.200000E-9	598.490000E-6	257.000000E+0	-5.050000E+0	4.289096E+3	NaN	NaN
	01/12/2022 14:56:44	458.680000E-3	6.370000E-9	7.240000E-9	5.946000E-9	468.800000E-9	595.510000E-6	257.000000E+0	-5.163000E+0	4.288872E+3	NaN	NaN
	01/12/2022 14:56:51	460.800000E-3	6.330000E-9	7.210000E-9	5.749000E-9	468.200000E-9	579.980000E-6	257.000000E+0	-5.050000E+0	4.288872E+3	NaN	NaN
	01/12/2022 14:56:59	462.130000E-3	6.340000E-9	7.190000E-9	5.729000E-9	468.800000E-9	570.390000E-6	257.000000E+0	-5.163000E+0	4.289208E+3	NaN	NaN
	01/12/2022 14:57:06	461.290000E-3	6.350000E-9	7.200000E-9	5.812000E-9	468.200000E-9	583.200000E-6	257.000000E+0	-5.163000E+0	4.289208E+3	NaN	NaN
	01/12/2022 14:57:13	459.100000E-3	6.310000E-9	7.160000E-9	5.791000E-9	468.200000E-9	575.810000E-6	257.000000E+0	-5.050000E+0	4.289208E+3	NaN	NaN
	01/12/2022 14:57:20	458.530000E-3	6.320000E-9	7.150000E-9	5.749000E-9	468.200000E-9	594.290000E-6	257.000000E+0	-5.163000E+0	4.288872E+3	NaN	NaN
	01/12/2022 14:57:27	459.100000E-3	6.330000E-9	7.200000E-9	5.967000E-9	468.200000E-9	589.850000E-6	257.000000E+0	-5.275000E+0	4.288872E+3	NaN	NaN
	01/12/2022 14:57:34	462.990000E-3	6.310000E-9	7.220000E-9	5.606000E-9	468.200000E-9	576.050000E-6	257.000000E+0	-5.163000E+0	4.288872E+3	NaN	NaN
	01/12/2022 14:57:42	462.570000E-3	6.320000E-9	7.190000E-9	6.018000E-9	468.200000E-9	587.370000E-6	257.000000E+0	-5.163000E+0	4.289096E+3	NaN	NaN
	01/12/2022 14:57:49	462.790000E-3	6.310000E-9	7.160000E-9	5.989000E-9	468.200000E-9	598.970000E-6	257.000000E+0	-5.275000E+0	4.289096E+3	NaN	NaN
	01/12/2022 14:57:56	459.120000E-3	6.320000E-9	7.150000E-9	5.763000E-9	468.200000E-9	586.660000E-6	257.000000E+0	-5.275000E+0	4.288984E+3	NaN	NaN
	01/12/2022 14:58:03	458.650000E-3	6.290000E-9	7.160000E-9	5.840000E-9	468.200000E-9	573.100000E-6	257.000000E+0	-5.163000E+0	4.288984E+3	NaN	NaN
	01/12/2022 14:58:10	462.820000E-3	6.300000E-9	7.150000E-9	5.566000E-9	468.200000E-9	592.800000E-6	257.000000E+0	-5.275000E+0	4.288984E+3	NaN	NaN
	01/12/2022 14:58:18	458.730000E-3	6.310000E-9	7.160000E-9	5.847000E-9	468.200000E-9	577.780000E-6	257.000000E+0	-5.163000E+0	4.289096E+3	NaN	NaN
	01/12/2022 14:58:25	458.920000E-3	6.280000E-9	7.140000E-9	6.018000E-9	468.200000E-9	609.580000E-6	257.000000E+0	-5.050000E+0	4.288984E+3	NaN	NaN
	01/12/2022 14:58:32	458.090000E-3	6.320000E-9	7.100000E-9	5.974000E-9	468.200000E-9	574.560000E-6	257.000000E+0	-5.163000E+0	4.288984E+3	NaN	NaN
	01/12/2022 14:58:39	458.800000E-3	6.290000E-9	7.140000E-9	5.791000E-9	467.700000E-9	574.830000E-6	257.000000E+0	-5.163000E+0	4.288984E+3	NaN	NaN
	01/12/2022 14:58:46	460.650000E-3	6.260000E-9	7.170000E-9	5.770000E-9	468.200000E-9	586.660000E-6	257.000000E+0	-5.163000E+0	4.289096E+3	NaN	NaN
	01/12/2022 14:58:53	462.400000E-3	6.310000E-9	7.190000E-9	5.798000E-9	468.200000E-9	555.570000E-6	257.000000E+0	-5.050000E+0	4.289096E+3	NaN	NaN
	01/12/2022 14:59:01	458.130000E-3	6.270000E-9	7.160000E-9	5.667000E-9	468.200000E-9	575.810000E-6	257.000000E+0	-5.163000E+0	4.289321E+3	NaN	NaN
	01/12/2022 14:59:08	458.210000E-3	6.270000E-9	7.120000E-9	5.777000E-9	468.200000E-9	575.070000E-6	257.000000E+0	-5.050000E+0	4.288984E+3	NaN	NaN
	01/12/2022 14:59:15	458.750000E-3	6.300000E-9	7.120000E-9	5.903000E-9	467.700000E-9	578.760000E-6	257.000000E+0	-5.163000E+0	4.289208E+3	NaN	NaN
	01/12/2022 14:59:22	458.900000E-3	6.260000E-9	7.130000E-9	5.506000E-9	468.200000E-9	581.230000E-6	257.000000E+0	-5.050000E+0	4.289208E+3	NaN	NaN
	01/12/2022 14:59:29	462.330000E-3	6.240000E-9	7.080000E-9	5.960000E-9	467.700000E-9	594.790000E-6	257.000000E+0	-4.938000E+0	4.289208E+3	NaN	NaN
	01/12/2022 14:59:36	458.230000E-3	6.280000E-9	7.060000E-9	5.688000E-9	467.700000E-9	571.100000E-6	257.000000E+0	-5.050000E+0	4.288984E+3	NaN	NaN
	01/12/2022 14:59:44	458.950000E-3	6.240000E-9	7.100000E-9	5.826000E-9	468.200000E-9	577.780000E-6	257.000000E+0	-5.050000E+0	4.289096E+3	NaN	NaN
	01/12/2022 14:59:51	458.750000E-3	6.240000E-9	7.130000E-9	5.917000E-9	467.700000E-9	586.390000E-6	257.000000E+0	-5.163000E+0	4.289096E+3	NaN	NaN
	01/12/2022 14:59:58	458.820000E-3	6.260000E-9	7.090000E-9	5.840000E-9	468.200000E-9	579.740000E-6	257.000000E+0	-5.163000E+0	4.289096E+3	NaN	NaN
	01/12/2022 15:00:05	459.240000E-3	6.230000E-9	7.070000E-9	5.539000E-9	467.700000E-9	577.030000E-6	257.000000E+0	-5.387000E+0	4.289096E+3	NaN	NaN
	01/12/2022 15:00:12	459.240000E-3	6.230000E-9	7.060000E-9	5.770000E-9	467.700000E-9	609.820000E-6	257.000000E+0	-5.163000E+0	4.289208E+3	NaN	NaN
	01/12/2022 15:00:19	460.030000E-3	6.220000E-9	7.110000E-9	5.896000E-9	467.700000E-9	595.780000E-6	257.000000E+0	-4.938000E+0	4.289208E+3	NaN	NaN
	01/12/2022 15:00:27	458.510000E-3	6.260000E-9	7.070000E-9	5.833000E-9	467.700000E-9	586.900000E-6	257.000000E+0	-5.050000E+0	4.288984E+3	NaN	NaN
	01/12/2022 15:00:34	458.550000E-3	6.230000E-9	7.070000E-9	5.742000E-9	467.700000E-9	587.370000E-6	257.000000E+0	-5.163000E+0	4.289096E+3	NaN	NaN
	01/12/2022 15:00:41	458.630000E-3	6.200000E-9	7.070000E-9	5.903000E-9	467.700000E-9	604.390000E-6	257.000000E+0	-5.275000E+0	4.288984E+3	NaN	NaN
	01/12/2022 15:00:48	458.750000E-3	6.230000E-9	7.050000E-9	5.729000E-9	467.700000E-9	591.100000E-6	257.000000E+0	-5.050000E+0	4.289208E+3	NaN	NaN
	01/12/2022 15:00:55	458.920000E-3	6.220000E-9	7.030000E-9	5.681000E-9	467.700000E-9	565.440000E-6	257.000000E+0	-5.387000E+0	4.289208E+3	NaN	NaN
	01/12/2022 15:01:02	458.680000E-3	6.220000E-9	7.030000E-9	5.784000E-9	467.700000E-9	593.070000E-6	257.000000E+0	-5.163000E+0	4.289208E+3	NaN	NaN
	01/12/2022 15:01:10	460.200000E-3	6.170000E-9	7.010000E-9	5.784000E-9	468.200000E-9	573.340000E-6	257.000000E+0	-5.275000E+0	4.289208E+3	NaN	NaN
	01/12/2022 15:01:17	458.700000E-3	6.230000E-9	7.020000E-9	5.701000E-9	467.700000E-9	576.530000E-6	257.000000E+0	-5.050000E+0	4.289208E+3	NaN	NaN
	01/12/2022 15:01:24	458.700000E-3	6.180000E-9	7.050000E-9	5.798000E-9	467.700000E-9	577.270000E-6	257.000000E+0	-5.163000E+0	4.289208E+3	NaN	NaN
	01/12/2022 15:01:31	458.750000E-3	6.190000E-9	7.070000E-9	5.805000E-9	467.700000E-9	571.850000E-6	257.000000E+0	-5.050000E+0	4.289321E+3	NaN	NaN
	01/12/2022 15:01:38	458.880000E-3	6.200000E-9	7.070000E-9	5.770000E-9	466.500000E-9	580.730000E-6	257.000000E+0	-5.275000E+0	4.289208E+3	NaN	NaN
	01/12/2022 15:01:45	458.920000E-3	6.180000E-9	7.030000E-9	6.098000E-9	467.700000E-9	572.590000E-6	257.000000E+0	-5.163000E+0	4.289545E+3	NaN	NaN
	01/12/2022 15:01:53	458.630000E-3	6.200000E-9	7.010000E-9	5.559000E-9	467.100000E-9	577.540000E-6	257.000000E+0	-5.163000E+0	4.289208E+3	NaN	NaN
	01/12/2022 15:02:00	458.400000E-3	6.190000E-9	6.990000E-9	5.798000E-9	467.100000E-9	574.830000E-6	257.000000E+0	-5.050000E+0	4.289208E+3	NaN	NaN
	01/12/2022 15:02:07	458.650000E-3	6.140000E-9	7.070000E-9	5.499000E-9	467.700000E-9	586.900000E-6	257.000000E+0	-5.050000E+0	4.289208E+3	NaN	NaN
	01/12/2022 15:02:14	458.630000E-3	6.180000E-9	7.010000E-9	5.613000E-9	467.100000E-9	575.540000E-6	257.000000E+0	-5.163000E+0	4.289208E+3	NaN	NaN
	01/12/2022 15:02:21	458.850000E-3	6.170000E-9	7.000000E-9	5.889000E-9	467.700000E-9	589.610000E-6	257.000000E+0	-5.163000E+0	4.289433E+3	NaN	NaN
	01/12/2022 15:02:29	459.220000E-3	6.170000E-9	6.970000E-9	5.688000E-9	467.100000E-9	579.510000E-6	257.000000E+0	-5.275000E+0	4.289321E+3	NaN	NaN
	01/12/2022 15:02:36	462.370000E-3	6.140000E-9	7.030000E-9	5.777000E-9	468.200000E-9	581.230000E-6	257.000000E+0	-5.050000E+0	4.289208E+3	NaN	NaN
	01/12/2022 15:02:43	458.380000E-3	6.170000E-9	7.030000E-9	6.003000E-9	468.800000E-9	587.640000E-6	257.000000E+0	-5.050000E+0	4.289321E+3	NaN	NaN
	01/12/2022 15:02:50	459.120000E-3	6.170000E-9	6.980000E-9	5.777000E-9	469.300000E-9	591.340000E-6	257.000000E+0	-5.163000E+0	4.289208E+3	NaN	NaN
	01/12/2022 15:02:57	458.260000E-3	6.130000E-9	7.000000E-9	5.667000E-9	472.200000E-9	580.250000E-6	257.000000E+0	-5.163000E+0	4.289208E+3	NaN	NaN
	01/12/2022 15:03:04	458.850000E-3	6.170000E-9	6.970000E-9	5.586000E-9	472.200000E-9	603.650000E-6	257.000000E+0	-5.050000E+0	4.289208E+3	NaN	NaN
	01/12/2022 15:03:11	459.050000E-3	6.170000E-9	6.970000E-9	6.018000E-9	473.300000E-9	585.410000E-6	257.000000E+0	-4.938000E+0	4.289096E+3	NaN	NaN
	01/12/2022 15:03:19	458.650000E-3	6.130000E-9	7.010000E-9	5.579000E-9	472.800000E-9	591.100000E-6	257.000000E+0	-5.163000E+0	4.289096E+3	NaN	NaN
	01/12/2022 15:03:26	462.080000E-3	6.160000E-9	7.010000E-9	5.633000E-9	472.800000E-9	579.240000E-6	256.000000E+0	-5.163000E+0	4.289208E+3	NaN	NaN
	01/12/2022 15:03:33	458.700000E-3	6.140000E-9	6.970000E-9	5.840000E-9	473.300000E-9	579.000000E-6	257.000000E+0	-5.275000E+0	4.288984E+3	NaN	NaN
	01/12/2022 15:03:40	460.600000E-3	6.120000E-9	6.960000E-9	5.756000E-9	472.200000E-9	572.830000E-6	257.000000E+0	-5.050000E+0	4.288984E+3	NaN	NaN
	01/12/2022 15:03:47	462.870000E-3	6.160000E-9	6.960000E-9	5.889000E-9	472.800000E-9	576.050000E-6	257.000000E+0	-5.050000E+0	4.289208E+3	NaN	NaN
	01/12/2022 15:03:55	458.700000E-3	6.110000E-9	6.920000E-9	5.812000E-9	471.600000E-9	599.950000E-6	257.000000E+0	-5.050000E+0	4.289096E+3	NaN	NaN
	01/12/2022 15:04:02	458.600000E-3	11.200000E-9	13.400000E-9	6.382000E-9	471.600000E-9	587.880000E-6	257.000000E+0	-5.163000E+0	4.289321E+3	NaN	NaN
	01/12/2022 15:04:09	458.580000E-3	6.790000E-9	8.210000E-9	5.960000E-9	471.600000E-9	573.100000E-6	256.000000E+0	-5.050000E+0	4.289208E+3	NaN	NaN
	01/12/2022 15:04:16	459.470000E-3	6.480000E-9	7.750000E-9	5.805000E-9	469.300000E-9	591.340000E-6	257.000000E+0	-5.163000E+0	4.289096E+3	NaN	NaN
	01/12/2022 15:04:23	459.170000E-3	6.450000E-9	7.550000E-9	5.812000E-9	471.000000E-9	596.520000E-6	256.000000E+0	-5.163000E+0	4.289096E+3	NaN	NaN
	01/12/2022 15:04:30	462.500000E-3	6.380000E-9	7.470000E-9	6.127000E-9	469.300000E-9	596.520000E-6	256.000000E+0	-5.050000E+0	4.289208E+3	NaN	NaN
	01/12/2022 15:04:38	458.580000E-3	6.310000E-9	7.390000E-9	5.573000E-9	471.000000E-9	576.290000E-6	257.000000E+0	-5.163000E+0	4.288984E+3	NaN	NaN
	01/12/2022 15:04:45	459.020000E-3	6.330000E-9	7.350000E-9	5.701000E-9	469.300000E-9	574.320000E-6	256.000000E+0	-5.050000E+0	4.289208E+3	NaN	NaN
	01/12/2022 15:04:52	458.480000E-3	6.300000E-9	7.350000E-9	5.722000E-9	469.300000E-9	579.740000E-6	256.000000E+0	-5.050000E+0	4.289208E+3	NaN	NaN
	01/12/2022 15:04:59	458.700000E-3	6.290000E-9	7.290000E-9	5.729000E-9	468.800000E-9	576.050000E-6	257.000000E+0	-5.050000E+0	4.289208E+3	NaN	NaN
	01/12/2022 15:05:06	462.280000E-3	6.260000E-9	7.270000E-9	6.025000E-9	468.200000E-9	595.270000E-6	256.000000E+0	-4.938000E+0	4.289208E+3	NaN	NaN
	01/12/2022 15:05:13	459.070000E-3	6.260000E-9	7.200000E-9	6.135000E-9	468.800000E-9	597.000000E-6	256.000000E+0	-5.163000E+0	4.289096E+3	NaN	NaN
	01/12/2022 15:05:21	458.950000E-3	6.230000E-9	7.230000E-9	5.715000E-9	468.200000E-9	593.540000E-6	256.000000E+0	-5.163000E+0	4.289208E+3	NaN	NaN
	01/12/2022 15:05:28	458.680000E-3	6.220000E-9	7.250000E-9	5.791000E-9	468.200000E-9	601.680000E-6	256.000000E+0	-5.163000E+0	4.289321E+3	NaN	NaN
	01/12/2022 15:05:35	458.920000E-3	6.240000E-9	7.190000E-9	5.763000E-9	468.200000E-9	598.490000E-6	256.000000E+0	-5.163000E+0	4.289208E+3	NaN	NaN
	01/12/2022 15:05:42	458.310000E-3	6.220000E-9	7.160000E-9	5.974000E-9	467.700000E-9	576.050000E-6	256.000000E+0	-5.050000E+0	4.289208E+3	NaN	NaN
	01/12/2022 15:05:49	458.260000E-3	6.200000E-9	7.170000E-9	5.953000E-9	468.200000E-9	583.680000E-6	257.000000E+0	-5.163000E+0	4.289208E+3	NaN	NaN
	01/12/2022 15:05:56	459.050000E-3	6.200000E-9	7.190000E-9	5.742000E-9	468.800000E-9	585.170000E-6	256.000000E+0	-5.050000E+0	4.289208E+3	NaN	NaN
	01/12/2022 15:06:04	459.440000E-3	6.220000E-9	7.150000E-9	5.674000E-9	471.600000E-9	572.590000E-6	257.000000E+0	-4.938000E+0	4.288984E+3	NaN	NaN
	01/12/2022 15:06:11	458.330000E-3	6.190000E-9	7.120000E-9	5.667000E-9	472.200000E-9	579.980000E-6	256.000000E+0	-5.163000E+0	4.288984E+3	NaN	NaN
	01/12/2022 15:06:18	459.170000E-3	6.160000E-9	7.120000E-9	5.812000E-9	473.300000E-9	573.340000E-6	256.000000E+0	-5.275000E+0	4.289096E+3	NaN	NaN
	01/12/2022 15:06:25	458.530000E-3	6.190000E-9	7.170000E-9	5.729000E-9	472.800000E-9	579.510000E-6	256.000000E+0	-5.050000E+0	4.289208E+3	NaN	NaN
	01/12/2022 15:06:32	459.050000E-3	6.170000E-9	7.110000E-9	5.533000E-9	472.800000E-9	585.170000E-6	256.000000E+0	-5.050000E+0	4.289208E+3	NaN	NaN
	01/12/2022 15:06:40	458.850000E-3	6.170000E-9	7.110000E-9	6.010000E-9	473.300000E-9	588.860000E-6	256.000000E+0	-5.050000E+0	4.289096E+3	NaN	NaN
	01/12/2022 15:06:47	458.880000E-3	6.180000E-9	7.080000E-9	5.647000E-9	471.600000E-9	580.490000E-6	256.000000E+0	-5.163000E+0	4.289096E+3	NaN	NaN
	01/12/2022 15:06:54	459.050000E-3	6.190000E-9	7.100000E-9	5.493000E-9	472.800000E-9	591.810000E-6	256.000000E+0	-5.050000E+0	4.289096E+3	NaN	NaN
	01/12/2022 15:07:01	458.750000E-3	6.150000E-9	7.120000E-9	5.798000E-9	472.800000E-9	618.220000E-6	256.000000E+0	-5.050000E+0	4.289208E+3	NaN	NaN
	01/12/2022 15:07:08	460.380000E-3	6.130000E-9	7.090000E-9	5.742000E-9	472.800000E-9	576.530000E-6	256.000000E+0	-5.275000E+0	4.289096E+3	NaN	NaN
	01/12/2022 15:07:15	458.310000E-3	6.170000E-9	7.090000E-9	5.875000E-9	471.600000E-9	588.390000E-6	256.000000E+0	-5.050000E+0	4.288984E+3	NaN	NaN
	01/12/2022 15:07:23	459.320000E-3	6.140000E-9	7.030000E-9	5.896000E-9	469.300000E-9	576.790000E-6	256.000000E+0	-5.387000E+0	4.288984E+3	NaN	NaN
	01/12/2022 15:07:30	458.950000E-3	6.150000E-9	7.030000E-9	5.722000E-9	468.800000E-9	583.950000E-6	256.000000E+0	-5.163000E+0	4.289096E+3	NaN	NaN
	01/12/2022 15:07:37	458.800000E-3	6.150000E-9	7.060000E-9	5.599000E-9	467.700000E-9	578.250000E-6	256.000000E+0	-5.163000E+0	4.289208E+3	NaN	NaN
	01/12/2022 15:07:44	458.750000E-3	6.100000E-9	7.090000E-9	5.620000E-9	467.700000E-9	582.700000E-6	256.000000E+0	-5.163000E+0	4.289096E+3	NaN	NaN
	01/12/2022 15:07:51	458.400000E-3	6.140000E-9	7.050000E-9	5.833000E-9	465.400000E-9	577.780000E-6	256.000000E+0	-5.275000E+0	4.289321E+3	NaN	NaN
	01/12/2022 15:07:58	458.480000E-3	6.160000E-9	7.040000E-9	5.854000E-9	463.200000E-9	602.420000E-6	256.000000E+0	-5.163000E+0	4.289321E+3	NaN	NaN
	01/12/2022 15:08:06	459.070000E-3	6.130000E-9	6.990000E-9	5.854000E-9	463.200000E-9	584.420000E-6	256.000000E+0	-5.163000E+0	4.289321E+3	NaN	NaN
	01/12/2022 15:08:13	462.620000E-3	6.100000E-9	7.050000E-9	5.736000E-9	462.600000E-9	603.170000E-6	256.000000E+0	-5.050000E+0	4.289321E+3	NaN	NaN
	01/12/2022 15:08:20	458.330000E-3	6.120000E-9	7.080000E-9	6.157000E-9	463.200000E-9	579.510000E-6	256.000000E+0	-5.050000E+0	4.289321E+3	NaN	NaN
	01/12/2022 15:08:27	458.460000E-3	6.110000E-9	7.040000E-9	6.083000E-9	462.600000E-9	578.520000E-6	256.000000E+0	-5.050000E+0	4.289545E+3	NaN	NaN
	01/12/2022 15:08:34	458.550000E-3	6.120000E-9	7.020000E-9	6.120000E-9	463.200000E-9	591.100000E-6	256.000000E+0	-5.050000E+0	4.289433E+3	NaN	NaN
	01/12/2022 15:08:42	458.530000E-3	6.100000E-9	7.010000E-9	5.363000E-9	462.600000E-9	582.960000E-6	256.000000E+0	-5.275000E+0	4.289545E+3	NaN	NaN
	01/12/2022 15:08:49	459.340000E-3	6.090000E-9	7.020000E-9	5.681000E-9	462.600000E-9	614.020000E-6	256.000000E+0	-5.163000E+0	4.289321E+3	NaN	NaN
	01/12/2022 15:08:56	458.360000E-3	6.110000E-9	6.990000E-9	6.003000E-9	462.600000E-9	610.320000E-6	256.000000E+0	-5.163000E+0	4.289545E+3	NaN	NaN
	01/12/2022 15:09:03	458.730000E-3	6.070000E-9	6.980000E-9	5.480000E-9	462.600000E-9	571.100000E-6	256.000000E+0	-5.050000E+0	4.289545E+3	NaN	NaN
	01/12/2022 15:09:10	458.480000E-3	6.100000E-9	7.050000E-9	5.473000E-9	470.500000E-9	586.150000E-6	256.000000E+0	-4.938000E+0	4.289096E+3	NaN	NaN
	01/12/2022 15:09:17	458.800000E-3	6.110000E-9	7.000000E-9	5.499000E-9	1.415000E-6	578.020000E-6	256.000000E+0	-5.275000E+0	4.287076E+3	NaN	NaN
	01/12/2022 15:09:25	458.550000E-3	6.070000E-9	7.000000E-9	5.434000E-9	2.466000E-6	588.390000E-6	256.000000E+0	-5.275000E+0	4.284944E+3	NaN	NaN
	01/12/2022 15:09:32	459.070000E-3	6.080000E-9	6.990000E-9	5.770000E-9	2.107000E-6	579.510000E-6	256.000000E+0	-5.050000E+0	4.282699E+3	NaN	NaN
	01/12/2022 15:09:39	459.190000E-3	6.100000E-9	6.960000E-9	5.967000E-9	1.783000E-6	582.220000E-6	256.000000E+0	-5.163000E+0	4.280566E+3	NaN	NaN
	01/12/2022 15:09:46	459.070000E-3	6.040000E-9	6.940000E-9	5.633000E-9	1.541000E-6	599.710000E-6	256.000000E+0	-5.050000E+0	4.278322E+3	NaN	NaN
	01/12/2022 15:09:53	459.020000E-3	6.090000E-9	7.010000E-9	5.688000E-9	1.363000E-6	595.030000E-6	256.000000E+0	-5.275000E+0	4.276077E+3	NaN	NaN
	01/12/2022 15:10:01	459.020000E-3	6.080000E-9	7.010000E-9	5.681000E-9	1.225000E-6	581.230000E-6	256.000000E+0	-5.163000E+0	4.273945E+3	NaN	NaN
	01/12/2022 15:10:08	458.630000E-3	6.060000E-9	6.960000E-9	5.559000E-9	1.142000E-6	574.320000E-6	256.000000E+0	-5.050000E+0	4.271588E+3	NaN	NaN
	01/12/2022 15:10:15	458.430000E-3	6.080000E-9	6.960000E-9	5.854000E-9	1.132000E-6	569.640000E-6	256.000000E+0	-5.275000E+0	4.269343E+3	NaN	NaN
	01/12/2022 15:10:22	458.970000E-3	6.050000E-9	6.960000E-9	5.736000E-9	1.173000E-6	573.580000E-6	256.000000E+0	-5.163000E+0	4.267099E+3	NaN	NaN
	01/12/2022 15:10:29	458.880000E-3	6.050000E-9	6.970000E-9	5.756000E-9	1.162000E-6	578.760000E-6	256.000000E+0	-5.050000E+0	4.264517E+3	NaN	NaN
	01/12/2022 15:10:37	458.630000E-3	6.060000E-9	6.950000E-9	5.395000E-9	1.154000E-6	575.070000E-6	256.000000E+0	-5.050000E+0	4.262160E+3	NaN	NaN
	01/12/2022 15:10:44	458.920000E-3	6.070000E-9	6.910000E-9	5.480000E-9	1.127000E-6	583.680000E-6	256.000000E+0	-5.050000E+0	4.259691E+3	NaN	NaN
	01/12/2022 15:10:51	458.800000E-3	6.030000E-9	6.920000E-9	5.708000E-9	1.089000E-6	607.100000E-6	256.000000E+0	-5.163000E+0	4.257334E+3	NaN	NaN
	01/12/2022 15:10:58	459.070000E-3	6.050000E-9	6.950000E-9	5.903000E-9	1.106000E-6	582.460000E-6	256.000000E+0	-5.275000E+0	4.254753E+3	NaN	NaN
	01/12/2022 15:11:05	459.070000E-3	6.060000E-9	6.980000E-9	5.331000E-9	1.098000E-6	607.370000E-6	256.000000E+0	-5.163000E+0	4.251947E+3	NaN	NaN
	01/12/2022 15:11:12	458.680000E-3	6.020000E-9	6.940000E-9	5.486000E-9	1.203000E-6	581.950000E-6	256.000000E+0	-5.050000E+0	4.248917E+3	NaN	NaN
	01/12/2022 15:11:20	458.030000E-3	6.040000E-9	6.940000E-9	5.715000E-9	1.198000E-6	576.290000E-6	256.000000E+0	-5.050000E+0	4.245887E+3	NaN	NaN
	01/12/2022 15:11:27	458.460000E-3	6.050000E-9	6.910000E-9	5.763000E-9	1.093000E-6	593.810000E-6	256.000000E+0	-5.163000E+0	4.242744E+3	NaN	NaN
	01/12/2022 15:11:34	458.970000E-3	6.010000E-9	6.900000E-9	5.967000E-9	980.900000E-9	584.190000E-6	256.000000E+0	-5.163000E+0	4.239826E+3	NaN	NaN
	01/12/2022 15:11:41	459.320000E-3	6.050000E-9	6.940000E-9	5.910000E-9	871.000000E-9	572.350000E-6	256.000000E+0	-5.050000E+0	4.237020E+3	NaN	NaN
	01/12/2022 15:11:48	458.280000E-3	6.020000E-9	6.970000E-9	5.812000E-9	756.000000E-9	573.810000E-6	256.000000E+0	-5.050000E+0	4.234439E+3	NaN	NaN
	01/12/2022 15:11:55	458.700000E-3	6.010000E-9	6.950000E-9	5.833000E-9	654.500000E-9	581.710000E-6	256.000000E+0	-5.050000E+0	4.232194E+3	NaN	NaN
	01/12/2022 15:12:03	458.820000E-3	6.040000E-9	6.950000E-9	5.513000E-9	578.400000E-9	580.730000E-6	256.000000E+0	-5.275000E+0	4.230286E+3	NaN	NaN
	01/12/2022 15:12:10	458.880000E-3	6.000000E-9	6.910000E-9	5.896000E-9	529.900000E-9	577.780000E-6	256.000000E+0	-4.938000E+0	4.228603E+3	NaN	NaN
	01/12/2022 15:12:17	458.680000E-3	6.030000E-9	6.900000E-9	5.533000E-9	505.000000E-9	578.520000E-6	256.000000E+0	-5.050000E+0	4.227368E+3	NaN	NaN
	01/12/2022 15:12:24	458.820000E-3	5.990000E-9	6.920000E-9	5.292000E-9	490.100000E-9	576.530000E-6	256.000000E+0	-5.050000E+0	4.226246E+3	NaN	NaN
	01/12/2022 15:12:31	458.900000E-3	6.030000E-9	6.890000E-9	5.756000E-9	477.900000E-9	598.490000E-6	256.000000E+0	-5.275000E+0	4.225797E+3	NaN	NaN
	01/12/2022 15:12:38	458.650000E-3	6.010000E-9	6.870000E-9	5.553000E-9	472.200000E-9	601.680000E-6	256.000000E+0	-5.163000E+0	4.225123E+3	NaN	NaN
	01/12/2022 15:12:46	458.700000E-3	6.000000E-9	6.910000E-9	5.579000E-9	467.700000E-9	574.830000E-6	256.000000E+0	-5.050000E+0	4.224338E+3	NaN	NaN
	01/12/2022 15:12:53	458.680000E-3	6.030000E-9	6.910000E-9	5.715000E-9	462.600000E-9	589.370000E-6	256.000000E+0	-4.938000E+0	4.224001E+3	NaN	NaN
	01/12/2022 15:13:00	458.580000E-3	6.060000E-9	6.970000E-9	5.763000E-9	458.800000E-9	597.980000E-6	256.000000E+0	-4.938000E+0	4.223664E+3	NaN	NaN
	01/12/2022 15:13:07	458.310000E-3	6.030000E-9	6.920000E-9	5.756000E-9	456.000000E-9	587.140000E-6	256.000000E+0	-4.938000E+0	4.223552E+3	NaN	NaN
	01/12/2022 15:13:14	459.270000E-3	6.010000E-9	6.950000E-9	5.546000E-9	453.900000E-9	589.370000E-6	256.000000E+0	-5.050000E+0	4.223777E+3	NaN	NaN
	01/12/2022 15:13:21	458.700000E-3	6.040000E-9	6.930000E-9	5.640000E-9	450.600000E-9	580.490000E-6	256.000000E+0	-5.050000E+0	4.223664E+3	NaN	NaN
	01/12/2022 15:13:29	459.020000E-3	6.020000E-9	6.920000E-9	5.708000E-9	450.000000E-9	573.580000E-6	256.000000E+0	-5.275000E+0	4.223777E+3	NaN	NaN
	01/12/2022 15:13:36	459.050000E-3	6.010000E-9	6.880000E-9	5.805000E-9	445.800000E-9	579.980000E-6	256.000000E+0	-5.163000E+0	4.224001E+3	NaN	NaN
	01/12/2022 15:13:43	458.800000E-3	6.030000E-9	6.870000E-9	5.736000E-9	442.500000E-9	576.530000E-6	256.000000E+0	-5.163000E+0	4.224226E+3	NaN	NaN
	01/12/2022 15:13:50	458.630000E-3	6.020000E-9	6.940000E-9	5.440000E-9	439.900000E-9	575.810000E-6	256.000000E+0	-5.050000E+0	4.224226E+3	NaN	NaN
	01/12/2022 15:13:57	458.630000E-3	6.000000E-9	6.900000E-9	6.010000E-9	436.200000E-9	596.760000E-6	256.000000E+0	-5.050000E+0	4.224899E+3	NaN	NaN
	01/12/2022 15:14:05	458.260000E-3	6.000000E-9	6.900000E-9	5.486000E-9	433.100000E-9	591.100000E-6	256.000000E+0	-5.163000E+0	4.225011E+3	NaN	NaN
	01/12/2022 15:14:12	458.700000E-3	6.020000E-9	6.840000E-9	5.586000E-9	429.400000E-9	588.120000E-6	256.000000E+0	-5.163000E+0	4.225236E+3	NaN	NaN
	01/12/2022 15:14:19	458.880000E-3	5.990000E-9	6.900000E-9	5.917000E-9	428.400000E-9	574.560000E-6	256.000000E+0	-5.050000E+0	4.225685E+3	NaN	NaN
	01/12/2022 15:14:26	458.580000E-3	6.010000E-9	6.920000E-9	5.667000E-9	427.900000E-9	586.900000E-6	256.000000E+0	-5.275000E+0	4.225909E+3	NaN	NaN
	01/12/2022 15:14:33	459.000000E-3	5.990000E-9	6.870000E-9	5.819000E-9	425.400000E-9	601.200000E-6	256.000000E+0	-4.938000E+0	4.226246E+3	NaN	NaN
	01/12/2022 15:14:40	458.970000E-3	5.960000E-9	6.880000E-9	5.493000E-9	424.900000E-9	577.030000E-6	256.000000E+0	-5.050000E+0	4.226695E+3	NaN	NaN
	01/12/2022 15:14:48	458.780000E-3	6.010000E-9	6.860000E-9	5.694000E-9	423.300000E-9	585.410000E-6	256.000000E+0	-5.050000E+0	4.227256E+3	NaN	NaN
	01/12/2022 15:14:55	458.400000E-3	5.990000E-9	6.830000E-9	5.917000E-9	422.300000E-9	609.820000E-6	256.000000E+0	-5.050000E+0	4.227480E+3	NaN	NaN
	01/12/2022 15:15:02	458.550000E-3	5.950000E-9	6.870000E-9	5.599000E-9	421.300000E-9	600.700000E-6	256.000000E+0	-5.163000E+0	4.228154E+3	NaN	NaN
	01/12/2022 15:15:09	458.630000E-3	6.010000E-9	6.900000E-9	5.526000E-9	420.300000E-9	575.810000E-6	256.000000E+0	-5.163000E+0	4.228378E+3	NaN	NaN
	01/12/2022 15:15:16	458.580000E-3	5.970000E-9	6.870000E-9	5.967000E-9	417.800000E-9	578.760000E-6	256.000000E+0	-5.050000E+0	4.228939E+3	NaN	NaN
	01/12/2022 15:15:23	458.090000E-3	5.960000E-9	6.850000E-9	5.559000E-9	417.300000E-9	600.220000E-6	256.000000E+0	-5.163000E+0	4.229501E+3	NaN	NaN
	01/12/2022 15:15:31	458.820000E-3	5.990000E-9	6.850000E-9	5.660000E-9	416.800000E-9	604.390000E-6	256.000000E+0	-5.163000E+0	4.230174E+3	NaN	NaN
	01/12/2022 15:15:38	458.550000E-3	5.970000E-9	6.860000E-9	5.579000E-9	413.300000E-9	586.660000E-6	256.000000E+0	-5.163000E+0	4.230623E+3	NaN	NaN
	01/12/2022 15:15:45	458.800000E-3	5.960000E-9	6.810000E-9	5.946000E-9	412.800000E-9	595.030000E-6	256.000000E+0	-5.050000E+0	4.231072E+3	NaN	NaN
	01/12/2022 15:15:52	458.630000E-3	5.970000E-9	6.870000E-9	5.586000E-9	412.300000E-9	598.220000E-6	256.000000E+0	-5.050000E+0	4.231633E+3	NaN	NaN
	01/12/2022 15:15:59	458.920000E-3	5.930000E-9	6.830000E-9	5.486000E-9	412.300000E-9	590.090000E-6	256.000000E+0	-5.275000E+0	4.232194E+3	NaN	NaN
	01/12/2022 15:16:07	459.240000E-3	5.950000E-9	6.820000E-9	5.519000E-9	411.800000E-9	584.190000E-6	256.000000E+0	-5.387000E+0	4.232643E+3	NaN	NaN
	01/12/2022 15:16:14	458.800000E-3	5.950000E-9	6.840000E-9	5.593000E-9	411.300000E-9	575.810000E-6	256.000000E+0	-5.163000E+0	4.233316E+3	NaN	NaN
	01/12/2022 15:16:21	458.530000E-3	5.960000E-9	6.860000E-9	5.763000E-9	410.300000E-9	572.350000E-6	256.000000E+0	-5.163000E+0	4.233653E+3	NaN	NaN
	01/12/2022 15:16:28	462.620000E-3	5.930000E-9	6.820000E-9	5.840000E-9	409.800000E-9	577.780000E-6	256.000000E+0	-5.275000E+0	4.233990E+3	NaN	NaN
	01/12/2022 15:16:35	458.820000E-3	5.970000E-9	6.830000E-9	5.896000E-9	409.800000E-9	579.510000E-6	256.000000E+0	-5.050000E+0	4.234439E+3	NaN	NaN
	01/12/2022 15:16:43	458.820000E-3	5.940000E-9	6.800000E-9	5.647000E-9	409.800000E-9	573.100000E-6	256.000000E+0	-5.163000E+0	4.235224E+3	NaN	NaN
	01/12/2022 15:16:50	458.510000E-3	5.930000E-9	6.780000E-9	5.493000E-9	409.300000E-9	598.730000E-6	256.000000E+0	-5.163000E+0	4.235561E+3	NaN	NaN
	01/12/2022 15:16:57	458.430000E-3	5.960000E-9	6.780000E-9	5.667000E-9	409.300000E-9	580.970000E-6	256.000000E+0	-5.050000E+0	4.236234E+3	NaN	NaN
	01/12/2022 15:17:04	459.050000E-3	5.920000E-9	6.830000E-9	5.613000E-9	408.800000E-9	574.560000E-6	256.000000E+0	-4.938000E+0	4.236571E+3	NaN	NaN
	01/12/2022 15:17:11	458.630000E-3	5.950000E-9	6.860000E-9	5.499000E-9	408.800000E-9	575.300000E-6	256.000000E+0	-5.163000E+0	4.237245E+3	NaN	NaN
	01/12/2022 15:17:18	458.550000E-3	5.910000E-9	6.850000E-9	5.579000E-9	409.300000E-9	579.000000E-6	256.000000E+0	-4.938000E+0	4.237581E+3	NaN	NaN
	01/12/2022 15:17:26	458.460000E-3	5.960000E-9	6.830000E-9	5.395000E-9	408.800000E-9	590.090000E-6	256.000000E+0	-5.050000E+0	4.238030E+3	NaN	NaN
	01/12/2022 15:17:33	459.320000E-3	5.920000E-9	6.800000E-9	5.708000E-9	408.800000E-9	582.460000E-6	256.000000E+0	-5.050000E+0	4.238591E+3	NaN	NaN
	01/12/2022 15:17:40	458.970000E-3	5.920000E-9	6.790000E-9	5.546000E-9	408.800000E-9	602.660000E-6	256.000000E+0	-5.275000E+0	4.239040E+3	NaN	NaN
	01/12/2022 15:17:47	458.510000E-3	5.910000E-9	6.780000E-9	5.586000E-9	408.800000E-9	595.030000E-6	256.000000E+0	-5.050000E+0	4.239601E+3	NaN	NaN
	01/12/2022 15:17:54	459.000000E-3	5.910000E-9	6.750000E-9	5.633000E-9	408.300000E-9	593.300000E-6	256.000000E+0	-4.938000E+0	4.240050E+3	NaN	NaN
	01/12/2022 15:18:01	458.580000E-3	5.940000E-9	6.820000E-9	5.708000E-9	408.800000E-9	577.030000E-6	256.000000E+0	-4.938000E+0	4.240387E+3	NaN	NaN
	01/12/2022 15:18:09	458.700000E-3	5.900000E-9	6.780000E-9	5.261000E-9	408.800000E-9	587.880000E-6	256.000000E+0	-5.163000E+0	4.240948E+3	NaN	NaN
	01/12/2022 15:18:16	459.150000E-3	5.910000E-9	6.770000E-9	5.660000E-9	408.800000E-9	590.590000E-6	256.000000E+0	-5.163000E+0	4.241509E+3	NaN	NaN
	01/12/2022 15:18:23	458.460000E-3	5.910000E-9	6.750000E-9	5.311000E-9	408.800000E-9	601.680000E-6	256.000000E+0	-5.275000E+0	4.241958E+3	NaN	NaN
	01/12/2022 15:18:30	458.950000E-3	5.870000E-9	6.760000E-9	5.660000E-9	408.800000E-9	605.640000E-6	256.000000E+0	-5.275000E+0	4.242295E+3	NaN	NaN
	01/12/2022 15:18:37	458.970000E-3	5.930000E-9	6.810000E-9	5.633000E-9	408.800000E-9	595.780000E-6	256.000000E+0	-5.050000E+0	4.243081E+3	NaN	NaN
	01/12/2022 15:18:45	458.400000E-3	5.890000E-9	6.780000E-9	5.627000E-9	408.800000E-9	574.560000E-6	256.000000E+0	-5.163000E+0	4.243305E+3	NaN	NaN
	01/12/2022 15:18:52	458.260000E-3	5.890000E-9	6.750000E-9	5.467000E-9	408.800000E-9	590.590000E-6	256.000000E+0	-5.387000E+0	4.243866E+3	NaN	NaN
	01/12/2022 15:18:59	459.070000E-3	5.900000E-9	6.750000E-9	5.674000E-9	409.300000E-9	610.560000E-6	256.000000E+0	-5.050000E+0	4.244091E+3	NaN	NaN
	01/12/2022 15:19:06	458.460000E-3	5.880000E-9	6.740000E-9	5.434000E-9	408.800000E-9	580.250000E-6	256.000000E+0	-5.163000E+0	4.244652E+3	NaN	NaN
	01/12/2022 15:19:13	458.580000E-3	5.900000E-9	6.720000E-9	5.708000E-9	408.800000E-9	572.590000E-6	256.000000E+0	-5.163000E+0	4.244989E+3	NaN	NaN
	01/12/2022 15:19:20	458.530000E-3	5.870000E-9	6.780000E-9	5.660000E-9	408.800000E-9	582.960000E-6	256.000000E+0	-5.050000E+0	4.245662E+3	NaN	NaN
	01/12/2022 15:19:28	459.390000E-3	5.890000E-9	6.780000E-9	5.667000E-9	409.300000E-9	595.510000E-6	256.000000E+0	-5.163000E+0	4.245999E+3	NaN	NaN
	01/12/2022 15:19:35	458.850000E-3	5.840000E-9	6.770000E-9	5.434000E-9	409.300000E-9	604.390000E-6	256.000000E+0	-5.163000E+0	4.246448E+3	NaN	NaN
	01/12/2022 15:19:42	458.820000E-3	5.900000E-9	6.780000E-9	5.736000E-9	409.300000E-9	589.850000E-6	256.000000E+0	-5.050000E+0	4.246784E+3	NaN	NaN
	01/12/2022 15:19:49	458.920000E-3	5.860000E-9	6.770000E-9	5.513000E-9	409.800000E-9	590.830000E-6	256.000000E+0	-5.050000E+0	4.247121E+3	NaN	NaN
	01/12/2022 15:19:56	458.460000E-3	5.890000E-9	6.750000E-9	5.539000E-9	409.800000E-9	587.640000E-6	256.000000E+0	-5.163000E+0	4.247458E+3	NaN	NaN
	01/12/2022 15:20:03	458.510000E-3	5.830000E-9	6.720000E-9	5.324000E-9	409.800000E-9	580.730000E-6	256.000000E+0	-4.938000E+0	4.247794E+3	NaN	NaN
	01/12/2022 15:20:11	463.040000E-3	5.880000E-9	6.710000E-9	5.473000E-9	409.800000E-9	585.410000E-6	255.000000E+0	-5.163000E+0	4.248131E+3	NaN	NaN
	01/12/2022 15:20:18	458.850000E-3	5.870000E-9	6.720000E-9	5.539000E-9	410.800000E-9	591.340000E-6	256.000000E+0	-5.163000E+0	4.248356E+3	NaN	NaN
	01/12/2022 15:20:25	458.280000E-3	5.830000E-9	6.710000E-9	5.513000E-9	412.800000E-9	599.710000E-6	256.000000E+0	-5.050000E+0	4.248468E+3	NaN	NaN
	01/12/2022 15:20:32	458.160000E-3	5.880000E-9	6.670000E-9	5.593000E-9	412.800000E-9	615.750000E-6	255.000000E+0	-5.387000E+0	4.248917E+3	NaN	NaN
	01/12/2022 15:20:39	459.120000E-3	5.830000E-9	6.680000E-9	5.363000E-9	412.800000E-9	585.910000E-6	256.000000E+0	-5.050000E+0	4.249253E+3	NaN	NaN
	01/12/2022 15:20:47	458.920000E-3	5.850000E-9	6.710000E-9	5.573000E-9	412.800000E-9	576.290000E-6	256.000000E+0	-5.050000E+0	4.249253E+3	NaN	NaN
	01/12/2022 15:20:54	458.780000E-3	5.860000E-9	6.740000E-9	5.654000E-9	412.800000E-9	599.710000E-6	256.000000E+0	-5.163000E+0	4.249815E+3	NaN	NaN
	01/12/2022 15:21:01	458.880000E-3	5.850000E-9	6.740000E-9	5.805000E-9	412.800000E-9	576.290000E-6	256.000000E+0	-5.050000E+0	4.250039E+3	NaN	NaN
	01/12/2022 15:21:08	458.360000E-3	5.840000E-9	6.720000E-9	5.460000E-9	413.300000E-9	572.590000E-6	256.000000E+0	-5.163000E+0	4.250264E+3	NaN	NaN
	01/12/2022 15:21:15	459.190000E-3	5.800000E-9	6.660000E-9	5.486000E-9	412.800000E-9	594.290000E-6	256.000000E+0	-5.050000E+0	4.250713E+3	NaN	NaN
	01/12/2022 15:21:22	458.090000E-3	5.840000E-9	6.660000E-9	5.408000E-9	412.800000E-9	585.410000E-6	256.000000E+0	-5.163000E+0	4.251161E+3	NaN	NaN
	01/12/2022 15:21:29	458.580000E-3	5.800000E-9	6.670000E-9	5.235000E-9	412.800000E-9	574.560000E-6	256.000000E+0	-5.163000E+0	4.251161E+3	NaN	NaN
	01/12/2022 15:21:37	459.100000E-3	5.820000E-9	6.630000E-9	5.627000E-9	413.300000E-9	578.250000E-6	256.000000E+0	-5.050000E+0	4.251835E+3	NaN	NaN
	01/12/2022 15:21:44	458.480000E-3	5.810000E-9	6.620000E-9	5.526000E-9	412.800000E-9	582.700000E-6	255.000000E+0	-5.050000E+0	4.251835E+3	NaN	NaN
	01/12/2022 15:21:51	458.550000E-3	5.790000E-9	6.600000E-9	5.519000E-9	413.300000E-9	596.520000E-6	255.000000E+0	-5.050000E+0	4.252396E+3	NaN	NaN
	01/12/2022 15:21:58	458.580000E-3	5.790000E-9	6.610000E-9	5.440000E-9	413.300000E-9	589.610000E-6	255.000000E+0	-5.050000E+0	4.252508E+3	NaN	NaN
	01/12/2022 15:22:05	459.170000E-3	5.790000E-9	6.610000E-9	5.599000E-9	413.300000E-9	580.730000E-6	255.000000E+0	-5.050000E+0	4.252845E+3	NaN	NaN
	01/12/2022 15:22:13	458.550000E-3	5.800000E-9	6.600000E-9	5.736000E-9	416.300000E-9	599.950000E-6	255.000000E+0	-5.050000E+0	4.253069E+3	NaN	NaN
	01/12/2022 15:22:20	458.230000E-3	5.810000E-9	6.600000E-9	5.337000E-9	416.800000E-9	588.860000E-6	255.000000E+0	-5.050000E+0	4.253406E+3	NaN	NaN
	01/12/2022 15:22:27	458.160000E-3	5.780000E-9	6.620000E-9	5.493000E-9	416.800000E-9	581.230000E-6	256.000000E+0	-5.163000E+0	4.253743E+3	NaN	NaN
	01/12/2022 15:22:34	458.400000E-3	5.800000E-9	6.620000E-9	5.742000E-9	416.300000E-9	605.640000E-6	255.000000E+0	-5.163000E+0	4.254080E+3	NaN	NaN
	01/12/2022 15:22:41	458.630000E-3	5.760000E-9	6.620000E-9	5.939000E-9	416.300000E-9	578.520000E-6	255.000000E+0	-5.163000E+0	4.254528E+3	NaN	NaN
	01/12/2022 15:22:48	458.530000E-3	5.820000E-9	6.590000E-9	5.553000E-9	416.300000E-9	571.100000E-6	255.000000E+0	-5.050000E+0	4.254753E+3	NaN	NaN
	01/12/2022 15:22:56	457.760000E-3	5.760000E-9	6.600000E-9	5.573000E-9	501.400000E-9	592.560000E-6	255.000000E+0	-5.163000E+0	4.255090E+3	NaN	NaN
	01/12/2022 15:23:03	459.240000E-3	5.780000E-9	6.630000E-9	5.123000E-9	433.100000E-9	574.320000E-6	255.000000E+0	-5.163000E+0	4.255539E+3	NaN	NaN
	01/12/2022 15:23:10	458.650000E-3	5.760000E-9	6.660000E-9	5.331000E-9	428.900000E-9	586.900000E-6	255.000000E+0	-4.826000E+0	4.255539E+3	NaN	NaN
	01/12/2022 15:23:17	458.510000E-3	5.780000E-9	6.650000E-9	5.414000E-9	428.900000E-9	584.660000E-6	255.000000E+0	-5.050000E+0	4.256100E+3	NaN	NaN
	01/12/2022 15:23:24	458.580000E-3	5.790000E-9	6.600000E-9	5.480000E-9	428.400000E-9	581.710000E-6	255.000000E+0	-5.163000E+0	4.256324E+3	NaN	NaN
	01/12/2022 15:23:31	458.950000E-3	5.730000E-9	6.620000E-9	5.674000E-9	425.900000E-9	575.070000E-6	255.000000E+0	-5.163000E+0	4.256885E+3	NaN	NaN
	01/12/2022 15:23:39	458.900000E-3	5.790000E-9	6.580000E-9	5.688000E-9	424.900000E-9	574.830000E-6	255.000000E+0	-5.163000E+0	4.257222E+3	NaN	NaN
	01/12/2022 15:23:46	458.750000E-3	5.760000E-9	6.560000E-9	5.566000E-9	423.800000E-9	584.190000E-6	255.000000E+0	-5.050000E+0	4.257671E+3	NaN	NaN
	01/12/2022 15:23:53	458.820000E-3	5.770000E-9	6.560000E-9	5.388000E-9	422.300000E-9	609.070000E-6	255.000000E+0	-5.163000E+0	4.257895E+3	NaN	NaN
	01/12/2022 15:24:00	458.950000E-3	5.710000E-9	6.550000E-9	5.573000E-9	421.300000E-9	573.340000E-6	255.000000E+0	-5.050000E+0	4.258457E+3	NaN	NaN
	01/12/2022 15:24:07	458.730000E-3	5.780000E-9	6.570000E-9	5.136000E-9	420.300000E-9	598.970000E-6	255.000000E+0	-5.275000E+0	4.258793E+3	NaN	NaN
	01/12/2022 15:24:14	461.660000E-3	5.740000E-9	6.600000E-9	5.688000E-9	419.800000E-9	576.530000E-6	255.000000E+0	-5.163000E+0	4.259242E+3	NaN	NaN
	01/12/2022 15:24:22	458.970000E-3	5.770000E-9	6.620000E-9	5.701000E-9	419.800000E-9	570.390000E-6	255.000000E+0	-5.163000E+0	4.259691E+3	NaN	NaN
	01/12/2022 15:24:29	459.340000E-3	5.720000E-9	6.620000E-9	5.480000E-9	418.300000E-9	601.950000E-6	255.000000E+0	-5.050000E+0	4.259916E+3	NaN	NaN
	01/12/2022 15:24:36	458.900000E-3	5.750000E-9	6.590000E-9	5.573000E-9	417.800000E-9	579.740000E-6	255.000000E+0	-5.275000E+0	4.260701E+3	NaN	NaN
	01/12/2022 15:24:43	458.400000E-3	5.760000E-9	6.570000E-9	5.254000E-9	417.800000E-9	597.750000E-6	255.000000E+0	-5.050000E+0	4.260926E+3	NaN	NaN
