Live comments	Time	injection 100mbar	Barion_2	Barion_1	DUAL experiment	DUAL insulation	injection 1mbar	helium	T-platinum	T-CERNOX	I_emission	I_grid
	14/11/2022 11:03:33	705.350000E-3	3.210000E-9	1.010000E-9	4.996000E-9	588.900000E-9	780.320000E-3	0.000000E+0	-109.988000E+0	56.229000E+0	0.000000E+0	NaN
	14/11/2022 11:03:43	704.730000E-3	3.210000E-9	1.010000E-9	4.996000E-9	588.900000E-9	780.930000E-3	0.000000E+0	-109.988000E+0	56.116000E+0	0.000000E+0	NaN
	14/11/2022 11:03:52	705.100000E-3	3.200000E-9	1.000000E-9	4.996000E-9	588.900000E-9	781.490000E-3	0.000000E+0	-109.876000E+0	56.116000E+0	0.000000E+0	NaN
	14/11/2022 11:04:01	704.830000E-3	3.180000E-9	1.000000E-9	4.996000E-9	588.900000E-9	782.090000E-3	0.000000E+0	-109.988000E+0	56.004000E+0	0.000000E+0	NaN
	14/11/2022 11:04:10	705.320000E-3	3.170000E-9	1.000000E-9	4.996000E-9	588.900000E-9	782.730000E-3	0.000000E+0	-109.988000E+0	56.116000E+0	0.000000E+0	NaN
	14/11/2022 11:04:19	705.000000E-3	3.160000E-9	994.000000E-12	4.996000E-9	588.900000E-9	783.350000E-3	0.000000E+0	-109.988000E+0	56.116000E+0	0.000000E+0	NaN
	14/11/2022 11:04:29	704.770000E-3	3.160000E-9	996.000000E-12	4.996000E-9	588.900000E-9	783.980000E-3	0.000000E+0	-110.100000E+0	56.116000E+0	0.000000E+0	NaN
	14/11/2022 11:04:38	708.600000E-3	3.140000E-9	997.000000E-12	4.996000E-9	588.900000E-9	784.560000E-3	0.000000E+0	-109.988000E+0	55.892000E+0	0.000000E+0	NaN
	14/11/2022 11:04:47	705.050000E-3	3.140000E-9	998.000000E-12	4.996000E-9	588.200000E-9	785.160000E-3	0.000000E+0	-109.988000E+0	56.116000E+0	0.000000E+0	NaN
	14/11/2022 11:04:56	704.290000E-3	3.130000E-9	1.000000E-9	4.996000E-9	588.900000E-9	785.720000E-3	0.000000E+0	-109.988000E+0	56.116000E+0	0.000000E+0	NaN
	14/11/2022 11:05:05	708.740000E-3	3.120000E-9	994.000000E-12	4.996000E-9	588.900000E-9	786.280000E-3	0.000000E+0	-109.652000E+0	56.116000E+0	0.000000E+0	NaN
	14/11/2022 11:05:14	708.800000E-3	3.110000E-9	988.000000E-12	4.996000E-9	588.900000E-9	786.860000E-3	0.000000E+0	-109.988000E+0	56.229000E+0	0.000000E+0	NaN
	14/11/2022 11:05:24	707.240000E-3	3.110000E-9	994.000000E-12	4.996000E-9	588.200000E-9	787.410000E-3	0.000000E+0	-109.764000E+0	56.004000E+0	0.000000E+0	NaN
	14/11/2022 11:05:33	708.450000E-3	3.100000E-9	990.000000E-12	4.996000E-9	588.900000E-9	787.980000E-3	0.000000E+0	-109.988000E+0	56.116000E+0	0.000000E+0	NaN
	14/11/2022 11:05:42	708.870000E-3	3.090000E-9	993.000000E-12	4.996000E-9	588.900000E-9	788.580000E-3	0.000000E+0	-109.764000E+0	56.116000E+0	0.000000E+0	NaN
	14/11/2022 11:05:51	709.320000E-3	3.080000E-9	984.000000E-12	4.996000E-9	584.700000E-9	789.170000E-3	0.000000E+0	-109.876000E+0	56.341000E+0	0.000000E+0	NaN
	14/11/2022 11:06:00	708.940000E-3	3.070000E-9	974.000000E-12	4.996000E-9	585.400000E-9	789.680000E-3	0.000000E+0	-109.876000E+0	56.116000E+0	0.000000E+0	NaN
	14/11/2022 11:06:10	709.320000E-3	3.060000E-9	984.000000E-12	4.996000E-9	584.000000E-9	790.260000E-3	0.000000E+0	-109.876000E+0	56.116000E+0	0.000000E+0	NaN
	14/11/2022 11:06:19	709.110000E-3	3.060000E-9	979.000000E-12	4.996000E-9	585.400000E-9	790.780000E-3	0.000000E+0	-109.764000E+0	56.116000E+0	0.000000E+0	NaN
	14/11/2022 11:06:28	709.630000E-3	3.050000E-9	980.000000E-12	4.996000E-9	584.000000E-9	791.350000E-3	0.000000E+0	-109.876000E+0	56.229000E+0	0.000000E+0	NaN
	14/11/2022 11:06:37	712.890000E-3	3.040000E-9	984.000000E-12	4.996000E-9	584.000000E-9	791.910000E-3	0.000000E+0	-109.764000E+0	56.116000E+0	0.000000E+0	NaN
	14/11/2022 11:06:46	712.860000E-3	3.040000E-9	974.000000E-12	4.996000E-9	584.000000E-9	792.500000E-3	0.000000E+0	-109.876000E+0	56.229000E+0	0.000000E+0	NaN
	14/11/2022 11:06:56	713.550000E-3	3.020000E-9	971.000000E-12	4.996000E-9	584.000000E-9	793.030000E-3	0.000000E+0	-109.988000E+0	56.229000E+0	0.000000E+0	NaN
	14/11/2022 11:07:05	713.080000E-3	3.020000E-9	961.000000E-12	4.996000E-9	584.000000E-9	793.620000E-3	0.000000E+0	-109.876000E+0	56.229000E+0	0.000000E+0	NaN
	14/11/2022 11:07:14	712.690000E-3	3.000000E-9	968.000000E-12	4.996000E-9	583.300000E-9	794.140000E-3	0.000000E+0	-109.764000E+0	56.116000E+0	0.000000E+0	NaN
	14/11/2022 11:07:23	712.810000E-3	3.000000E-9	966.000000E-12	4.996000E-9	583.300000E-9	794.740000E-3	0.000000E+0	-109.764000E+0	56.229000E+0	0.000000E+0	NaN
	14/11/2022 11:07:32	716.660000E-3	2.990000E-9	966.000000E-12	4.996000E-9	583.300000E-9	795.310000E-3	0.000000E+0	-109.652000E+0	56.229000E+0	0.000000E+0	NaN
	14/11/2022 11:07:42	716.740000E-3	2.980000E-9	964.000000E-12	4.996000E-9	583.300000E-9	795.900000E-3	0.000000E+0	-109.988000E+0	56.341000E+0	0.000000E+0	NaN
	14/11/2022 11:07:51	716.960000E-3	2.970000E-9	962.000000E-12	4.996000E-9	583.300000E-9	796.460000E-3	0.000000E+0	-109.764000E+0	56.229000E+0	0.000000E+0	NaN
	14/11/2022 11:08:00	717.200000E-3	2.970000E-9	959.000000E-12	4.996000E-9	583.300000E-9	797.030000E-3	0.000000E+0	-109.876000E+0	56.116000E+0	0.000000E+0	NaN
	14/11/2022 11:08:09	716.460000E-3	2.960000E-9	958.000000E-12	4.996000E-9	583.300000E-9	797.600000E-3	0.000000E+0	-109.876000E+0	56.229000E+0	0.000000E+0	NaN
	14/11/2022 11:08:18	716.390000E-3	2.950000E-9	957.000000E-12	4.996000E-9	583.300000E-9	798.140000E-3	0.000000E+0	-109.764000E+0	56.341000E+0	0.000000E+0	NaN
	14/11/2022 11:08:27	719.300000E-3	2.940000E-9	961.000000E-12	4.996000E-9	583.300000E-9	798.730000E-3	0.000000E+0	-109.652000E+0	56.116000E+0	0.000000E+0	NaN
	14/11/2022 11:08:37	720.560000E-3	2.940000E-9	959.000000E-12	4.996000E-9	583.300000E-9	799.260000E-3	0.000000E+0	-109.876000E+0	56.341000E+0	0.000000E+0	NaN
	14/11/2022 11:08:46	716.740000E-3	2.930000E-9	943.000000E-12	4.996000E-9	583.300000E-9	799.850000E-3	0.000000E+0	-109.764000E+0	56.116000E+0	0.000000E+0	NaN
	14/11/2022 11:08:55	721.100000E-3	2.930000E-9	943.000000E-12	4.996000E-9	583.300000E-9	800.370000E-3	0.000000E+0	-109.652000E+0	56.229000E+0	0.000000E+0	NaN
	14/11/2022 11:09:04	720.410000E-3	2.920000E-9	951.000000E-12	4.996000E-9	583.300000E-9	800.910000E-3	0.000000E+0	-109.652000E+0	56.229000E+0	0.000000E+0	NaN
	14/11/2022 11:09:13	720.830000E-3	2.910000E-9	945.000000E-12	4.996000E-9	582.600000E-9	801.480000E-3	0.000000E+0	-109.652000E+0	56.116000E+0	0.000000E+0	NaN
	14/11/2022 11:09:23	720.680000E-3	2.910000E-9	952.000000E-12	4.996000E-9	582.600000E-9	802.070000E-3	0.000000E+0	-109.652000E+0	56.116000E+0	0.000000E+0	NaN
	14/11/2022 11:09:32	721.240000E-3	2.890000E-9	952.000000E-12	4.996000E-9	582.600000E-9	802.630000E-3	0.000000E+0	-109.652000E+0	56.341000E+0	0.000000E+0	NaN
	14/11/2022 11:09:41	725.440000E-3	2.890000E-9	946.000000E-12	4.996000E-9	582.600000E-9	803.220000E-3	0.000000E+0	-109.764000E+0	56.341000E+0	0.000000E+0	NaN
	14/11/2022 11:09:50	720.560000E-3	2.880000E-9	934.000000E-12	4.996000E-9	582.600000E-9	803.770000E-3	0.000000E+0	-109.539000E+0	56.341000E+0	0.000000E+0	NaN
	14/11/2022 11:09:59	725.040000E-3	2.880000E-9	934.000000E-12	4.996000E-9	582.600000E-9	804.300000E-3	0.000000E+0	-109.764000E+0	56.229000E+0	0.000000E+0	NaN
	14/11/2022 11:10:08	724.920000E-3	2.870000E-9	934.000000E-12	4.996000E-9	581.900000E-9	804.850000E-3	0.000000E+0	-109.764000E+0	56.341000E+0	0.000000E+0	NaN
	14/11/2022 11:10:18	724.720000E-3	2.870000E-9	940.000000E-12	4.996000E-9	582.600000E-9	805.380000E-3	0.000000E+0	-109.539000E+0	56.116000E+0	0.000000E+0	NaN
	14/11/2022 11:10:27	725.270000E-3	2.860000E-9	935.000000E-12	4.996000E-9	581.900000E-9	805.960000E-3	0.000000E+0	-109.652000E+0	56.341000E+0	0.000000E+0	NaN
	14/11/2022 11:10:36	724.990000E-3	2.850000E-9	936.000000E-12	4.996000E-9	581.900000E-9	806.470000E-3	0.000000E+0	-109.539000E+0	56.229000E+0	0.000000E+0	NaN
	14/11/2022 11:10:45	728.960000E-3	2.860000E-9	942.000000E-12	4.996000E-9	581.200000E-9	807.040000E-3	0.000000E+0	-109.764000E+0	56.229000E+0	0.000000E+0	NaN
	14/11/2022 11:10:54	725.070000E-3	2.840000E-9	936.000000E-12	4.996000E-9	580.500000E-9	807.540000E-3	0.000000E+0	-109.652000E+0	56.229000E+0	0.000000E+0	NaN
	14/11/2022 11:11:04	728.590000E-3	2.840000E-9	937.000000E-12	4.996000E-9	579.800000E-9	808.090000E-3	0.000000E+0	-109.539000E+0	56.453000E+0	0.000000E+0	NaN
	14/11/2022 11:11:13	728.960000E-3	2.830000E-9	933.000000E-12	4.996000E-9	579.100000E-9	808.560000E-3	0.000000E+0	-109.539000E+0	56.116000E+0	0.000000E+0	NaN
	14/11/2022 11:11:22	729.830000E-3	2.820000E-9	932.000000E-12	4.996000E-9	580.500000E-9	809.070000E-3	0.000000E+0	-109.539000E+0	56.341000E+0	0.000000E+0	NaN
	14/11/2022 11:11:31	729.040000E-3	2.820000E-9	930.000000E-12	4.996000E-9	580.500000E-9	809.560000E-3	0.000000E+0	-109.652000E+0	56.116000E+0	0.000000E+0	NaN
	14/11/2022 11:11:40	728.870000E-3	2.810000E-9	929.000000E-12	4.996000E-9	579.800000E-9	810.080000E-3	0.000000E+0	-109.764000E+0	56.229000E+0	0.000000E+0	NaN
	14/11/2022 11:11:50	729.280000E-3	2.810000E-9	916.000000E-12	4.996000E-9	664.000000E-9	810.620000E-3	0.000000E+0	-109.539000E+0	56.341000E+0	0.000000E+0	NaN
	14/11/2022 11:11:59	729.500000E-3	2.800000E-9	913.000000E-12	4.996000E-9	721.400000E-9	811.210000E-3	0.000000E+0	-109.652000E+0	56.229000E+0	0.000000E+0	NaN
	14/11/2022 11:12:08	731.110000E-3	2.800000E-9	920.000000E-12	4.996000E-9	696.700000E-9	811.730000E-3	0.000000E+0	-109.427000E+0	56.341000E+0	0.000000E+0	NaN
	14/11/2022 11:12:17	733.400000E-3	2.790000E-9	921.000000E-12	4.996000E-9	664.000000E-9	812.290000E-3	0.000000E+0	-109.539000E+0	56.229000E+0	0.000000E+0	NaN
	14/11/2022 11:12:26	733.210000E-3	2.780000E-9	918.000000E-12	4.996000E-9	635.200000E-9	812.810000E-3	0.000000E+0	-109.764000E+0	56.341000E+0	0.000000E+0	NaN
	14/11/2022 11:12:36	733.720000E-3	2.780000E-9	922.000000E-12	4.996000E-9	613.500000E-9	813.400000E-3	0.000000E+0	-109.539000E+0	56.341000E+0	0.000000E+0	NaN
	14/11/2022 11:12:45	733.750000E-3	2.770000E-9	924.000000E-12	4.996000E-9	603.900000E-9	813.930000E-3	0.000000E+0	-109.652000E+0	56.229000E+0	0.000000E+0	NaN
	14/11/2022 11:12:54	733.350000E-3	2.770000E-9	916.000000E-12	4.996000E-9	596.000000E-9	814.470000E-3	0.000000E+0	-109.427000E+0	56.453000E+0	0.000000E+0	NaN
	14/11/2022 11:13:03	733.250000E-3	2.760000E-9	908.000000E-12	4.996000E-9	591.700000E-9	814.950000E-3	0.000000E+0	-109.539000E+0	56.341000E+0	0.000000E+0	NaN
	14/11/2022 11:13:12	733.720000E-3	2.760000E-9	904.000000E-12	4.996000E-9	589.600000E-9	815.530000E-3	0.000000E+0	-109.539000E+0	56.453000E+0	0.000000E+0	NaN
	14/11/2022 11:13:22	737.400000E-3	2.750000E-9	900.000000E-12	4.996000E-9	588.900000E-9	816.020000E-3	0.000000E+0	-109.652000E+0	56.341000E+0	0.000000E+0	NaN
	14/11/2022 11:13:31	737.370000E-3	2.750000E-9	900.000000E-12	4.996000E-9	586.100000E-9	816.570000E-3	0.000000E+0	-109.427000E+0	56.229000E+0	0.000000E+0	NaN
	14/11/2022 11:13:40	736.600000E-3	2.750000E-9	898.000000E-12	4.996000E-9	588.900000E-9	817.100000E-3	0.000000E+0	-109.652000E+0	56.453000E+0	0.000000E+0	NaN
	14/11/2022 11:13:49	737.050000E-3	2.740000E-9	898.000000E-12	4.996000E-9	584.000000E-9	817.670000E-3	0.000000E+0	-109.427000E+0	56.116000E+0	0.000000E+0	NaN
	14/11/2022 11:13:58	745.310000E-3	2.740000E-9	897.000000E-12	4.996000E-9	583.300000E-9	818.210000E-3	0.000000E+0	-109.427000E+0	56.229000E+0	0.000000E+0	NaN
	14/11/2022 11:14:07	744.890000E-3	2.730000E-9	902.000000E-12	4.996000E-9	583.300000E-9	818.740000E-3	0.000000E+0	-109.652000E+0	56.453000E+0	0.000000E+0	NaN
	14/11/2022 11:14:17	745.510000E-3	2.730000E-9	908.000000E-12	4.996000E-9	583.300000E-9	819.260000E-3	0.000000E+0	-109.315000E+0	56.229000E+0	0.000000E+0	NaN
	14/11/2022 11:14:26	745.210000E-3	2.720000E-9	900.000000E-12	4.996000E-9	583.300000E-9	819.790000E-3	0.000000E+0	-109.427000E+0	56.453000E+0	0.000000E+0	NaN
	14/11/2022 11:14:35	745.010000E-3	2.710000E-9	904.000000E-12	4.996000E-9	583.300000E-9	820.310000E-3	0.000000E+0	-109.539000E+0	56.229000E+0	0.000000E+0	NaN
	14/11/2022 11:14:44	744.820000E-3	2.710000E-9	903.000000E-12	4.996000E-9	583.300000E-9	820.870000E-3	0.000000E+0	-109.539000E+0	56.453000E+0	0.000000E+0	NaN
	14/11/2022 11:14:53	745.260000E-3	2.700000E-9	907.000000E-12	4.996000E-9	583.300000E-9	821.360000E-3	0.000000E+0	-109.539000E+0	56.341000E+0	0.000000E+0	NaN
	14/11/2022 11:15:03	748.140000E-3	2.700000E-9	907.000000E-12	4.996000E-9	583.300000E-9	821.890000E-3	0.000000E+0	-109.315000E+0	56.341000E+0	0.000000E+0	NaN
	14/11/2022 11:15:12	748.910000E-3	2.690000E-9	904.000000E-12	4.996000E-9	583.300000E-9	822.380000E-3	0.000000E+0	-109.315000E+0	56.229000E+0	0.000000E+0	NaN
	14/11/2022 11:15:21	748.690000E-3	2.690000E-9	902.000000E-12	4.996000E-9	583.300000E-9	822.880000E-3	0.000000E+0	-109.427000E+0	56.229000E+0	0.000000E+0	NaN
	14/11/2022 11:15:30	748.860000E-3	2.680000E-9	889.000000E-12	4.996000E-9	583.300000E-9	823.350000E-3	0.000000E+0	-109.427000E+0	56.341000E+0	0.000000E+0	NaN
	14/11/2022 11:15:39	748.460000E-3	2.680000E-9	888.000000E-12	4.996000E-9	583.300000E-9	823.880000E-3	0.000000E+0	-109.315000E+0	56.341000E+0	0.000000E+0	NaN
	14/11/2022 11:15:49	748.640000E-3	2.680000E-9	884.000000E-12	4.996000E-9	583.300000E-9	824.350000E-3	0.000000E+0	-109.427000E+0	56.229000E+0	0.000000E+0	NaN
	14/11/2022 11:15:58	749.790000E-3	2.680000E-9	882.000000E-12	4.996000E-9	583.300000E-9	824.890000E-3	0.000000E+0	-109.203000E+0	56.229000E+0	0.000000E+0	NaN
	14/11/2022 11:16:07	749.250000E-3	2.670000E-9	887.000000E-12	4.996000E-9	583.300000E-9	825.390000E-3	0.000000E+0	-109.427000E+0	56.341000E+0	0.000000E+0	NaN
	14/11/2022 11:16:16	752.310000E-3	2.660000E-9	898.000000E-12	4.996000E-9	583.300000E-9	825.920000E-3	0.000000E+0	-109.539000E+0	56.341000E+0	0.000000E+0	NaN
	14/11/2022 11:16:25	753.420000E-3	2.660000E-9	893.000000E-12	4.996000E-9	583.300000E-9	826.430000E-3	0.000000E+0	-109.427000E+0	56.453000E+0	0.000000E+0	NaN
	14/11/2022 11:16:35	753.070000E-3	2.660000E-9	895.000000E-12	4.996000E-9	583.300000E-9	827.010000E-3	0.000000E+0	-109.315000E+0	56.229000E+0	0.000000E+0	NaN
	14/11/2022 11:16:44	753.020000E-3	2.650000E-9	891.000000E-12	4.996000E-9	584.000000E-9	827.510000E-3	0.000000E+0	-109.427000E+0	56.453000E+0	0.000000E+0	NaN
	14/11/2022 11:16:53	753.220000E-3	2.640000E-9	893.000000E-12	4.996000E-9	584.000000E-9	828.030000E-3	0.000000E+0	-109.315000E+0	56.453000E+0	0.000000E+0	NaN
	14/11/2022 11:17:02	752.830000E-3	2.640000E-9	891.000000E-12	4.996000E-9	584.000000E-9	828.510000E-3	0.000000E+0	-109.203000E+0	56.229000E+0	0.000000E+0	NaN
	14/11/2022 11:17:11	753.150000E-3	2.640000E-9	890.000000E-12	4.996000E-9	583.300000E-9	829.080000E-3	0.000000E+0	-109.427000E+0	56.453000E+0	0.000000E+0	NaN
	14/11/2022 11:17:21	753.070000E-3	2.630000E-9	883.000000E-12	4.996000E-9	584.000000E-9	829.590000E-3	0.000000E+0	-109.315000E+0	56.453000E+0	0.000000E+0	NaN
	14/11/2022 11:17:30	753.240000E-3	2.630000E-9	871.000000E-12	4.996000E-9	584.000000E-9	830.110000E-3	0.000000E+0	-109.315000E+0	56.453000E+0	0.000000E+0	NaN
	14/11/2022 11:17:39	754.260000E-3	2.630000E-9	873.000000E-12	4.996000E-9	584.700000E-9	830.590000E-3	0.000000E+0	-109.315000E+0	56.453000E+0	0.000000E+0	NaN
	14/11/2022 11:17:48	757.340000E-3	2.620000E-9	881.000000E-12	4.996000E-9	587.500000E-9	831.100000E-3	0.000000E+0	-109.203000E+0	56.565000E+0	0.000000E+0	NaN
	14/11/2022 11:17:57	757.270000E-3	2.610000E-9	877.000000E-12	4.996000E-9	588.200000E-9	831.550000E-3	0.000000E+0	-109.203000E+0	56.341000E+0	0.000000E+0	NaN
	14/11/2022 11:18:06	757.490000E-3	2.610000E-9	877.000000E-12	4.996000E-9	588.900000E-9	832.080000E-3	0.000000E+0	-109.315000E+0	56.341000E+0	0.000000E+0	NaN
	14/11/2022 11:18:16	757.240000E-3	2.600000E-9	877.000000E-12	4.996000E-9	588.900000E-9	832.550000E-3	0.000000E+0	-109.315000E+0	56.453000E+0	0.000000E+0	NaN
	14/11/2022 11:18:25	757.460000E-3	2.600000E-9	880.000000E-12	4.996000E-9	588.900000E-9	833.060000E-3	0.000000E+0	-109.090000E+0	56.341000E+0	0.000000E+0	NaN
	14/11/2022 11:18:34	757.390000E-3	2.600000E-9	883.000000E-12	4.996000E-9	588.900000E-9	833.540000E-3	0.000000E+0	-109.315000E+0	56.453000E+0	0.000000E+0	NaN
	14/11/2022 11:18:43	757.070000E-3	2.590000E-9	877.000000E-12	4.996000E-9	588.900000E-9	834.050000E-3	0.000000E+0	-109.315000E+0	56.453000E+0	0.000000E+0	NaN
	14/11/2022 11:18:52	757.930000E-3	2.590000E-9	875.000000E-12	4.996000E-9	588.900000E-9	834.560000E-3	0.000000E+0	-109.315000E+0	56.565000E+0	0.000000E+0	NaN
	14/11/2022 11:19:02	757.290000E-3	2.590000E-9	864.000000E-12	4.996000E-9	588.900000E-9	835.030000E-3	0.000000E+0	-109.203000E+0	56.453000E+0	0.000000E+0	NaN
	14/11/2022 11:19:11	759.930000E-3	2.580000E-9	863.000000E-12	4.996000E-9	588.900000E-9	835.530000E-3	0.000000E+0	-109.203000E+0	56.341000E+0	0.000000E+0	NaN
	14/11/2022 11:19:20	758.940000E-3	2.580000E-9	871.000000E-12	4.996000E-9	589.600000E-9	836.030000E-3	0.000000E+0	-109.203000E+0	56.453000E+0	0.000000E+0	NaN
	14/11/2022 11:19:29	761.160000E-3	2.580000E-9	872.000000E-12	4.996000E-9	589.600000E-9	836.580000E-3	0.000000E+0	-109.203000E+0	56.341000E+0	0.000000E+0	NaN
	14/11/2022 11:19:38	761.010000E-3	2.570000E-9	869.000000E-12	4.996000E-9	589.600000E-9	837.030000E-3	0.000000E+0	-109.090000E+0	56.341000E+0	0.000000E+0	NaN
	14/11/2022 11:19:48	762.020000E-3	2.570000E-9	868.000000E-12	4.996000E-9	589.600000E-9	837.550000E-3	0.000000E+0	-109.203000E+0	56.565000E+0	0.000000E+0	NaN
	14/11/2022 11:19:57	761.260000E-3	2.560000E-9	868.000000E-12	4.996000E-9	589.600000E-9	838.070000E-3	0.000000E+0	-109.090000E+0	56.565000E+0	0.000000E+0	NaN
	14/11/2022 11:20:06	760.940000E-3	2.560000E-9	874.000000E-12	4.996000E-9	589.600000E-9	838.580000E-3	0.000000E+0	-109.315000E+0	56.229000E+0	0.000000E+0	NaN
	14/11/2022 11:20:15	761.240000E-3	2.550000E-9	871.000000E-12	4.996000E-9	590.300000E-9	839.040000E-3	0.000000E+0	-109.090000E+0	56.453000E+0	0.000000E+0	NaN
	14/11/2022 11:20:24	761.530000E-3	2.550000E-9	871.000000E-12	4.996000E-9	591.000000E-9	839.560000E-3	0.000000E+0	-109.203000E+0	56.565000E+0	0.000000E+0	NaN
	14/11/2022 11:20:33	764.090000E-3	2.540000E-9	870.000000E-12	4.996000E-9	590.300000E-9	840.070000E-3	0.000000E+0	-109.090000E+0	56.453000E+0	0.000000E+0	NaN
	14/11/2022 11:20:43	764.890000E-3	2.550000E-9	868.000000E-12	4.996000E-9	592.500000E-9	840.630000E-3	0.000000E+0	-109.315000E+0	56.453000E+0	0.000000E+0	NaN
	14/11/2022 11:20:52	765.550000E-3	2.540000E-9	862.000000E-12	4.996000E-9	593.200000E-9	841.080000E-3	0.000000E+0	-109.203000E+0	56.453000E+0	0.000000E+0	NaN
	14/11/2022 11:21:01	765.450000E-3	2.540000E-9	855.000000E-12	4.996000E-9	593.200000E-9	841.610000E-3	0.000000E+0	-109.315000E+0	56.453000E+0	0.000000E+0	NaN
	14/11/2022 11:21:10	764.740000E-3	2.530000E-9	856.000000E-12	4.996000E-9	593.900000E-9	842.110000E-3	0.000000E+0	-109.090000E+0	56.341000E+0	0.000000E+0	NaN
	14/11/2022 11:21:19	765.000000E-3	2.540000E-9	851.000000E-12	4.996000E-9	593.200000E-9	842.620000E-3	0.000000E+0	-109.203000E+0	56.229000E+0	0.000000E+0	NaN
	14/11/2022 11:21:29	764.780000E-3	2.530000E-9	849.000000E-12	4.996000E-9	593.900000E-9	843.060000E-3	0.000000E+0	-109.203000E+0	56.565000E+0	0.000000E+0	NaN
	14/11/2022 11:21:38	768.950000E-3	2.530000E-9	851.000000E-12	4.996000E-9	593.900000E-9	843.580000E-3	0.000000E+0	-109.090000E+0	56.453000E+0	0.000000E+0	NaN
	14/11/2022 11:21:47	768.950000E-3	2.520000E-9	850.000000E-12	4.996000E-9	594.600000E-9	844.040000E-3	0.000000E+0	-108.978000E+0	56.565000E+0	0.000000E+0	NaN
	14/11/2022 11:21:56	769.450000E-3	2.520000E-9	848.000000E-12	4.996000E-9	594.600000E-9	844.510000E-3	0.000000E+0	-109.090000E+0	56.790000E+0	0.000000E+0	NaN
	14/11/2022 11:22:05	769.490000E-3	2.520000E-9	854.000000E-12	4.996000E-9	595.300000E-9	844.940000E-3	0.000000E+0	-109.203000E+0	56.453000E+0	0.000000E+0	NaN
	14/11/2022 11:22:15	768.730000E-3	2.510000E-9	855.000000E-12	4.996000E-9	595.300000E-9	845.380000E-3	0.000000E+0	-109.203000E+0	56.453000E+0	0.000000E+0	NaN
	14/11/2022 11:22:24	769.710000E-3	2.510000E-9	853.000000E-12	4.996000E-9	595.300000E-9	845.840000E-3	0.000000E+0	-109.090000E+0	56.565000E+0	0.000000E+0	NaN
	14/11/2022 11:22:33	772.380000E-3	2.500000E-9	850.000000E-12	4.996000E-9	596.000000E-9	846.280000E-3	0.000000E+0	-109.090000E+0	56.678000E+0	0.000000E+0	NaN
	14/11/2022 11:22:42	769.840000E-3	2.500000E-9	850.000000E-12	4.996000E-9	596.000000E-9	846.760000E-3	0.000000E+0	-108.978000E+0	56.453000E+0	0.000000E+0	NaN
	14/11/2022 11:22:51	773.440000E-3	2.500000E-9	854.000000E-12	4.996000E-9	596.700000E-9	847.200000E-3	0.000000E+0	-109.090000E+0	56.453000E+0	0.000000E+0	NaN
	14/11/2022 11:23:00	773.930000E-3	2.490000E-9	859.000000E-12	4.996000E-9	596.700000E-9	847.680000E-3	0.000000E+0	-108.978000E+0	56.453000E+0	0.000000E+0	NaN
	14/11/2022 11:23:10	773.020000E-3	2.500000E-9	850.000000E-12	4.996000E-9	597.400000E-9	848.130000E-3	0.000000E+0	-108.978000E+0	56.565000E+0	0.000000E+0	NaN
	14/11/2022 11:23:19	773.490000E-3	2.490000E-9	850.000000E-12	4.996000E-9	598.200000E-9	848.560000E-3	0.000000E+0	-108.978000E+0	56.453000E+0	0.000000E+0	NaN
	14/11/2022 11:23:28	773.050000E-3	2.490000E-9	846.000000E-12	4.996000E-9	598.200000E-9	849.030000E-3	0.000000E+0	-108.978000E+0	56.453000E+0	0.000000E+0	NaN
	14/11/2022 11:23:37	772.530000E-3	2.480000E-9	849.000000E-12	4.996000E-9	598.900000E-9	849.490000E-3	0.000000E+0	-109.090000E+0	56.565000E+0	0.000000E+0	NaN
	14/11/2022 11:23:46	777.190000E-3	2.480000E-9	847.000000E-12	4.996000E-9	598.900000E-9	849.970000E-3	0.000000E+0	-109.090000E+0	56.565000E+0	0.000000E+0	NaN
	14/11/2022 11:23:56	777.060000E-3	2.480000E-9	835.000000E-12	4.996000E-9	599.600000E-9	850.430000E-3	0.000000E+0	-109.090000E+0	56.565000E+0	0.000000E+0	NaN
	14/11/2022 11:24:05	777.160000E-3	2.470000E-9	840.000000E-12	4.996000E-9	600.300000E-9	850.960000E-3	0.000000E+0	-108.978000E+0	56.453000E+0	0.000000E+0	NaN
	14/11/2022 11:24:14	777.310000E-3	2.470000E-9	848.000000E-12	4.996000E-9	600.300000E-9	851.410000E-3	0.000000E+0	-108.978000E+0	56.678000E+0	0.000000E+0	NaN
	14/11/2022 11:24:23	776.990000E-3	2.460000E-9	850.000000E-12	4.996000E-9	600.300000E-9	851.960000E-3	0.000000E+0	-109.203000E+0	56.565000E+0	0.000000E+0	NaN
	14/11/2022 11:24:32	778.270000E-3	2.470000E-9	848.000000E-12	4.996000E-9	600.300000E-9	852.420000E-3	0.000000E+0	-108.866000E+0	56.565000E+0	0.000000E+0	NaN
	14/11/2022 11:24:41	781.210000E-3	2.470000E-9	841.000000E-12	4.996000E-9	601.000000E-9	852.930000E-3	0.000000E+0	-108.978000E+0	56.678000E+0	0.000000E+0	NaN
	14/11/2022 11:24:51	781.570000E-3	2.460000E-9	843.000000E-12	4.996000E-9	601.800000E-9	853.390000E-3	0.000000E+0	-109.090000E+0	56.678000E+0	0.000000E+0	NaN
	14/11/2022 11:25:00	780.710000E-3	2.460000E-9	832.000000E-12	4.996000E-9	601.800000E-9	853.860000E-3	0.000000E+0	-108.866000E+0	56.565000E+0	0.000000E+0	NaN
	14/11/2022 11:25:09	779.880000E-3	2.460000E-9	837.000000E-12	4.996000E-9	602.500000E-9	854.320000E-3	0.000000E+0	-108.978000E+0	56.565000E+0	0.000000E+0	NaN
	14/11/2022 11:25:18	781.100000E-3	2.450000E-9	849.000000E-12	4.996000E-9	602.500000E-9	854.770000E-3	0.000000E+0	-108.866000E+0	56.565000E+0	0.000000E+0	NaN
	14/11/2022 11:25:27	780.690000E-3	2.450000E-9	843.000000E-12	4.996000E-9	604.700000E-9	855.280000E-3	0.000000E+0	-109.090000E+0	56.678000E+0	0.000000E+0	NaN
	14/11/2022 11:25:37	781.010000E-3	2.450000E-9	838.000000E-12	4.996000E-9	604.700000E-9	855.750000E-3	0.000000E+0	-108.978000E+0	56.565000E+0	0.000000E+0	NaN
	14/11/2022 11:25:46	781.430000E-3	2.450000E-9	831.000000E-12	4.996000E-9	605.400000E-9	856.230000E-3	0.000000E+0	-108.978000E+0	56.678000E+0	0.000000E+0	NaN
	14/11/2022 11:25:55	784.580000E-3	2.430000E-9	829.000000E-12	4.996000E-9	605.400000E-9	856.660000E-3	0.000000E+0	-108.978000E+0	56.565000E+0	0.000000E+0	NaN
	14/11/2022 11:26:04	780.980000E-3	2.440000E-9	836.000000E-12	4.996000E-9	605.400000E-9	857.170000E-3	0.000000E+0	-108.978000E+0	56.565000E+0	0.000000E+0	NaN
	14/11/2022 11:26:13	781.250000E-3	2.430000E-9	833.000000E-12	4.996000E-9	606.100000E-9	857.620000E-3	0.000000E+0	-108.866000E+0	56.678000E+0	0.000000E+0	NaN
	14/11/2022 11:26:23	785.720000E-3	2.430000E-9	834.000000E-12	4.996000E-9	606.100000E-9	858.080000E-3	0.000000E+0	-108.978000E+0	56.678000E+0	0.000000E+0	NaN
	14/11/2022 11:26:32	785.170000E-3	2.430000E-9	832.000000E-12	4.996000E-9	606.100000E-9	858.600000E-3	0.000000E+0	-108.978000E+0	56.790000E+0	0.000000E+0	NaN
	14/11/2022 11:26:41	785.270000E-3	2.430000E-9	833.000000E-12	4.996000E-9	606.100000E-9	859.050000E-3	0.000000E+0	-109.090000E+0	56.565000E+0	0.000000E+0	NaN
	14/11/2022 11:26:50	785.150000E-3	2.430000E-9	830.000000E-12	4.996000E-9	606.100000E-9	859.540000E-3	0.000000E+0	-108.866000E+0	56.678000E+0	0.000000E+0	NaN
	14/11/2022 11:26:59	785.790000E-3	2.420000E-9	835.000000E-12	4.996000E-9	606.100000E-9	859.970000E-3	0.000000E+0	-108.866000E+0	56.565000E+0	0.000000E+0	NaN
	14/11/2022 11:27:09	784.980000E-3	2.420000E-9	836.000000E-12	4.996000E-9	606.100000E-9	860.450000E-3	0.000000E+0	-108.866000E+0	56.678000E+0	0.000000E+0	NaN
	14/11/2022 11:27:18	785.540000E-3	2.410000E-9	829.000000E-12	4.996000E-9	606.100000E-9	860.870000E-3	0.000000E+0	-108.978000E+0	56.565000E+0	0.000000E+0	NaN
	14/11/2022 11:27:27	785.000000E-3	2.410000E-9	831.000000E-12	4.996000E-9	606.100000E-9	861.340000E-3	0.000000E+0	-108.978000E+0	56.790000E+0	0.000000E+0	NaN
	14/11/2022 11:27:36	785.170000E-3	2.400000E-9	829.000000E-12	4.996000E-9	606.900000E-9	861.820000E-3	0.000000E+0	-108.866000E+0	56.453000E+0	0.000000E+0	NaN
	14/11/2022 11:27:45	784.850000E-3	2.410000E-9	833.000000E-12	4.996000E-9	609.000000E-9	862.300000E-3	0.000000E+0	-109.090000E+0	56.678000E+0	0.000000E+0	NaN
	14/11/2022 11:27:54	789.490000E-3	2.410000E-9	830.000000E-12	4.996000E-9	610.500000E-9	862.770000E-3	0.000000E+0	-108.978000E+0	56.678000E+0	0.000000E+0	NaN
	14/11/2022 11:28:04	788.700000E-3	2.400000E-9	831.000000E-12	4.996000E-9	612.000000E-9	863.220000E-3	0.000000E+0	-108.754000E+0	56.453000E+0	0.000000E+0	NaN
	14/11/2022 11:28:13	788.750000E-3	2.400000E-9	828.000000E-12	4.996000E-9	612.000000E-9	863.710000E-3	0.000000E+0	-108.754000E+0	56.565000E+0	0.000000E+0	NaN
	14/11/2022 11:28:22	785.250000E-3	2.390000E-9	828.000000E-12	4.996000E-9	612.000000E-9	864.140000E-3	0.000000E+0	-108.754000E+0	56.565000E+0	0.000000E+0	NaN
	14/11/2022 11:28:31	785.320000E-3	2.400000E-9	827.000000E-12	4.996000E-9	612.000000E-9	864.630000E-3	0.000000E+0	-108.754000E+0	56.678000E+0	0.000000E+0	NaN
	14/11/2022 11:28:40	785.570000E-3	2.390000E-9	826.000000E-12	4.996000E-9	612.000000E-9	865.050000E-3	0.000000E+0	-108.754000E+0	56.790000E+0	0.000000E+0	NaN
	14/11/2022 11:28:50	787.930000E-3	2.390000E-9	831.000000E-12	4.996000E-9	612.700000E-9	865.510000E-3	0.000000E+0	-108.866000E+0	56.565000E+0	0.000000E+0	NaN
	14/11/2022 11:28:59	788.600000E-3	2.390000E-9	825.000000E-12	4.996000E-9	612.000000E-9	865.940000E-3	0.000000E+0	-108.754000E+0	56.678000E+0	0.000000E+0	NaN
	14/11/2022 11:29:08	786.020000E-3	2.380000E-9	826.000000E-12	4.996000E-9	612.700000E-9	866.350000E-3	0.000000E+0	-108.978000E+0	56.790000E+0	0.000000E+0	NaN
	14/11/2022 11:29:17	789.070000E-3	2.380000E-9	820.000000E-12	4.996000E-9	612.700000E-9	866.790000E-3	0.000000E+0	-108.641000E+0	56.678000E+0	0.000000E+0	NaN
	14/11/2022 11:29:26	788.900000E-3	2.380000E-9	814.000000E-12	4.996000E-9	612.700000E-9	867.220000E-3	0.000000E+0	-108.978000E+0	56.790000E+0	0.000000E+0	NaN
	14/11/2022 11:29:36	789.320000E-3	2.380000E-9	820.000000E-12	4.996000E-9	613.500000E-9	867.670000E-3	0.000000E+0	-108.866000E+0	56.565000E+0	0.000000E+0	NaN
	14/11/2022 11:29:45	789.320000E-3	2.380000E-9	829.000000E-12	4.996000E-9	613.500000E-9	868.100000E-3	0.000000E+0	-108.866000E+0	56.565000E+0	0.000000E+0	NaN
	14/11/2022 11:29:54	789.070000E-3	2.370000E-9	824.000000E-12	4.996000E-9	613.500000E-9	868.550000E-3	0.000000E+0	-108.754000E+0	56.678000E+0	0.000000E+0	NaN
	14/11/2022 11:30:03	789.410000E-3	2.370000E-9	821.000000E-12	4.996000E-9	614.900000E-9	869.030000E-3	0.000000E+0	-108.754000E+0	56.565000E+0	0.000000E+0	NaN
	14/11/2022 11:30:12	789.040000E-3	2.370000E-9	825.000000E-12	4.996000E-9	616.400000E-9	869.450000E-3	0.000000E+0	-108.754000E+0	56.678000E+0	0.000000E+0	NaN
	14/11/2022 11:30:22	789.340000E-3	2.360000E-9	820.000000E-12	4.996000E-9	616.400000E-9	869.910000E-3	0.000000E+0	-108.754000E+0	56.678000E+0	0.000000E+0	NaN
	14/11/2022 11:30:31	789.560000E-3	2.360000E-9	814.000000E-12	4.996000E-9	616.400000E-9	870.330000E-3	0.000000E+0	-108.754000E+0	56.790000E+0	0.000000E+0	NaN
	14/11/2022 11:30:40	789.340000E-3	2.360000E-9	810.000000E-12	4.996000E-9	617.100000E-9	870.830000E-3	0.000000E+0	-108.641000E+0	56.790000E+0	0.000000E+0	NaN
	14/11/2022 11:30:49	789.240000E-3	2.360000E-9	817.000000E-12	4.996000E-9	617.100000E-9	871.270000E-3	0.000000E+0	-108.754000E+0	56.678000E+0	0.000000E+0	NaN
	14/11/2022 11:30:58	789.440000E-3	2.360000E-9	821.000000E-12	4.996000E-9	617.900000E-9	871.670000E-3	0.000000E+0	-108.754000E+0	56.678000E+0	0.000000E+0	NaN
	14/11/2022 11:31:07	789.340000E-3	2.360000E-9	816.000000E-12	4.996000E-9	617.900000E-9	872.120000E-3	0.000000E+0	-108.754000E+0	56.678000E+0	0.000000E+0	NaN
	14/11/2022 11:31:17	792.380000E-3	2.360000E-9	818.000000E-12	4.996000E-9	618.600000E-9	872.550000E-3	0.000000E+0	-108.641000E+0	56.453000E+0	0.000000E+0	NaN
	14/11/2022 11:31:26	793.360000E-3	2.350000E-9	815.000000E-12	4.996000E-9	619.400000E-9	873.010000E-3	0.000000E+0	-108.754000E+0	56.790000E+0	0.000000E+0	NaN
	14/11/2022 11:31:35	793.630000E-3	2.340000E-9	815.000000E-12	4.996000E-9	619.400000E-9	873.420000E-3	0.000000E+0	-108.754000E+0	56.678000E+0	0.000000E+0	NaN
	14/11/2022 11:31:44	789.690000E-3	2.350000E-9	816.000000E-12	4.996000E-9	620.100000E-9	873.900000E-3	0.000000E+0	-108.641000E+0	56.790000E+0	0.000000E+0	NaN
	14/11/2022 11:31:53	792.820000E-3	2.350000E-9	814.000000E-12	4.996000E-9	620.100000E-9	874.390000E-3	0.000000E+0	-108.641000E+0	56.678000E+0	0.000000E+0	NaN
	14/11/2022 11:32:03	793.210000E-3	2.340000E-9	807.000000E-12	4.996000E-9	620.800000E-9	874.810000E-3	0.000000E+0	-108.754000E+0	56.678000E+0	0.000000E+0	NaN
	14/11/2022 11:32:12	793.510000E-3	2.340000E-9	806.000000E-12	4.996000E-9	621.600000E-9	875.300000E-3	0.000000E+0	-108.641000E+0	56.790000E+0	0.000000E+0	NaN
	14/11/2022 11:32:21	792.820000E-3	2.340000E-9	815.000000E-12	4.996000E-9	621.600000E-9	875.710000E-3	0.000000E+0	-108.529000E+0	56.790000E+0	0.000000E+0	NaN
	14/11/2022 11:32:30	796.930000E-3	2.330000E-9	818.000000E-12	4.996000E-9	622.400000E-9	876.160000E-3	0.000000E+0	-108.529000E+0	56.678000E+0	0.000000E+0	NaN
	14/11/2022 11:32:39	797.230000E-3	2.330000E-9	816.000000E-12	4.996000E-9	622.400000E-9	876.580000E-3	0.000000E+0	-108.641000E+0	56.790000E+0	0.000000E+0	NaN
	14/11/2022 11:32:49	797.650000E-3	2.330000E-9	811.000000E-12	4.996000E-9	623.100000E-9	877.030000E-3	0.000000E+0	-108.641000E+0	56.678000E+0	0.000000E+0	NaN
	14/11/2022 11:32:58	797.010000E-3	2.330000E-9	813.000000E-12	4.996000E-9	623.100000E-9	877.450000E-3	0.000000E+0	-108.641000E+0	56.790000E+0	0.000000E+0	NaN
	14/11/2022 11:33:07	797.110000E-3	2.330000E-9	812.000000E-12	4.996000E-9	623.800000E-9	877.870000E-3	0.000000E+0	-108.529000E+0	56.678000E+0	0.000000E+0	NaN
	14/11/2022 11:33:16	797.820000E-3	2.330000E-9	811.000000E-12	4.996000E-9	623.800000E-9	878.330000E-3	0.000000E+0	-108.529000E+0	56.790000E+0	0.000000E+0	NaN
	14/11/2022 11:33:25	796.960000E-3	2.320000E-9	806.000000E-12	4.996000E-9	623.800000E-9	878.760000E-3	0.000000E+0	-108.529000E+0	56.790000E+0	0.000000E+0	NaN
	14/11/2022 11:33:34	797.630000E-3	2.320000E-9	797.000000E-12	4.996000E-9	624.600000E-9	879.250000E-3	0.000000E+0	-108.417000E+0	56.790000E+0	0.000000E+0	NaN
	14/11/2022 11:33:44	801.270000E-3	2.320000E-9	804.000000E-12	4.996000E-9	624.600000E-9	879.680000E-3	0.000000E+0	-108.529000E+0	56.790000E+0	0.000000E+0	NaN
	14/11/2022 11:33:53	800.880000E-3	2.320000E-9	810.000000E-12	4.996000E-9	624.600000E-9	880.130000E-3	0.000000E+0	-108.641000E+0	56.790000E+0	0.000000E+0	NaN
	14/11/2022 11:34:02	801.320000E-3	2.310000E-9	810.000000E-12	4.996000E-9	625.300000E-9	880.550000E-3	0.000000E+0	-108.641000E+0	56.790000E+0	0.000000E+0	NaN
	14/11/2022 11:34:11	801.300000E-3	2.310000E-9	810.000000E-12	4.996000E-9	625.300000E-9	880.960000E-3	0.000000E+0	-108.417000E+0	56.790000E+0	0.000000E+0	NaN
	14/11/2022 11:34:20	801.000000E-3	2.310000E-9	805.000000E-12	4.996000E-9	626.100000E-9	881.460000E-3	0.000000E+0	-108.641000E+0	56.790000E+0	0.000000E+0	NaN
	14/11/2022 11:34:30	801.640000E-3	2.310000E-9	797.000000E-12	4.996000E-9	626.800000E-9	881.920000E-3	0.000000E+0	-108.529000E+0	56.790000E+0	0.000000E+0	NaN
	14/11/2022 11:34:39	804.600000E-3	2.310000E-9	805.000000E-12	4.996000E-9	627.600000E-9	882.470000E-3	0.000000E+0	-108.641000E+0	56.790000E+0	0.000000E+0	NaN
	14/11/2022 11:34:48	805.090000E-3	2.300000E-9	810.000000E-12	4.996000E-9	627.600000E-9	882.890000E-3	0.000000E+0	-108.641000E+0	56.902000E+0	0.000000E+0	NaN
	14/11/2022 11:34:57	804.850000E-3	2.290000E-9	812.000000E-12	4.996000E-9	628.300000E-9	883.380000E-3	0.000000E+0	-108.529000E+0	56.790000E+0	0.000000E+0	NaN
	14/11/2022 11:35:06	805.050000E-3	2.300000E-9	804.000000E-12	4.996000E-9	629.100000E-9	883.850000E-3	0.000000E+0	-108.529000E+0	56.790000E+0	0.000000E+0	NaN
	14/11/2022 11:35:16	808.870000E-3	2.300000E-9	805.000000E-12	4.996000E-9	629.100000E-9	884.280000E-3	0.000000E+0	-108.529000E+0	56.565000E+0	0.000000E+0	NaN
	14/11/2022 11:35:25	809.240000E-3	2.290000E-9	805.000000E-12	4.996000E-9	629.100000E-9	884.850000E-3	0.000000E+0	-108.417000E+0	56.790000E+0	0.000000E+0	NaN
	14/11/2022 11:35:34	809.240000E-3	2.300000E-9	796.000000E-12	4.996000E-9	629.100000E-9	885.310000E-3	0.000000E+0	-108.529000E+0	56.790000E+0	0.000000E+0	NaN
	14/11/2022 11:35:43	808.820000E-3	2.300000E-9	794.000000E-12	4.996000E-9	629.100000E-9	885.750000E-3	0.000000E+0	-108.529000E+0	56.790000E+0	0.000000E+0	NaN
	14/11/2022 11:35:52	808.960000E-3	2.290000E-9	799.000000E-12	4.996000E-9	629.800000E-9	886.180000E-3	0.000000E+0	-108.529000E+0	56.678000E+0	0.000000E+0	NaN
	14/11/2022 11:36:02	809.190000E-3	2.290000E-9	808.000000E-12	4.996000E-9	629.800000E-9	886.650000E-3	0.000000E+0	-108.417000E+0	56.790000E+0	0.000000E+0	NaN
	14/11/2022 11:36:11	813.010000E-3	2.290000E-9	806.000000E-12	4.996000E-9	629.800000E-9	887.040000E-3	0.000000E+0	-108.417000E+0	56.790000E+0	0.000000E+0	NaN
	14/11/2022 11:36:20	812.890000E-3	2.280000E-9	798.000000E-12	4.996000E-9	629.800000E-9	887.490000E-3	0.000000E+0	-108.529000E+0	56.790000E+0	0.000000E+0	NaN
	14/11/2022 11:36:29	813.400000E-3	2.280000E-9	802.000000E-12	4.996000E-9	629.800000E-9	887.930000E-3	0.000000E+0	-108.417000E+0	57.014000E+0	0.000000E+0	NaN
	14/11/2022 11:36:38	813.360000E-3	2.280000E-9	802.000000E-12	4.996000E-9	630.600000E-9	888.320000E-3	0.000000E+0	-108.417000E+0	56.902000E+0	0.000000E+0	NaN
	14/11/2022 11:36:48	812.960000E-3	2.280000E-9	802.000000E-12	4.996000E-9	630.600000E-9	888.730000E-3	0.000000E+0	-108.417000E+0	56.902000E+0	0.000000E+0	NaN
	14/11/2022 11:36:57	813.080000E-3	2.270000E-9	799.000000E-12	4.996000E-9	635.200000E-9	889.120000E-3	0.000000E+0	-108.305000E+0	57.127000E+0	0.000000E+0	NaN
	14/11/2022 11:37:06	815.870000E-3	2.270000E-9	788.000000E-12	4.996000E-9	635.900000E-9	889.530000E-3	0.000000E+0	-108.417000E+0	56.902000E+0	0.000000E+0	NaN
	14/11/2022 11:37:15	817.370000E-3	2.260000E-9	800.000000E-12	4.996000E-9	635.900000E-9	890.010000E-3	0.000000E+0	-108.305000E+0	56.678000E+0	0.000000E+0	NaN
	14/11/2022 11:37:24	816.960000E-3	2.270000E-9	802.000000E-12	4.996000E-9	635.900000E-9	890.450000E-3	0.000000E+0	-108.417000E+0	57.014000E+0	0.000000E+0	NaN
	14/11/2022 11:37:34	817.790000E-3	2.270000E-9	806.000000E-12	4.996000E-9	635.900000E-9	890.930000E-3	0.000000E+0	-108.529000E+0	56.902000E+0	0.000000E+0	NaN
	14/11/2022 11:37:43	817.300000E-3	2.270000E-9	800.000000E-12	4.996000E-9	636.700000E-9	891.330000E-3	0.000000E+0	-108.417000E+0	56.790000E+0	0.000000E+0	NaN
	14/11/2022 11:37:52	816.610000E-3	2.270000E-9	790.000000E-12	4.996000E-9	636.700000E-9	891.800000E-3	0.000000E+0	-108.193000E+0	57.014000E+0	0.000000E+0	NaN
	14/11/2022 11:38:01	817.100000E-3	2.270000E-9	787.000000E-12	4.996000E-9	636.700000E-9	892.230000E-3	0.000000E+0	-108.417000E+0	56.902000E+0	0.000000E+0	NaN
	14/11/2022 11:38:10	817.350000E-3	2.260000E-9	786.000000E-12	4.996000E-9	636.700000E-9	892.640000E-3	0.000000E+0	-108.529000E+0	56.790000E+0	0.000000E+0	NaN
	14/11/2022 11:38:19	820.700000E-3	2.260000E-9	790.000000E-12	4.996000E-9	636.700000E-9	893.090000E-3	0.000000E+0	-108.305000E+0	56.902000E+0	0.000000E+0	NaN
	14/11/2022 11:38:29	819.020000E-3	2.260000E-9	789.000000E-12	4.996000E-9	637.500000E-9	893.540000E-3	0.000000E+0	-108.417000E+0	56.902000E+0	0.000000E+0	NaN
	14/11/2022 11:38:38	820.580000E-3	2.260000E-9	795.000000E-12	4.996000E-9	637.500000E-9	893.980000E-3	0.000000E+0	-108.417000E+0	57.014000E+0	0.000000E+0	NaN
	14/11/2022 11:38:47	821.390000E-3	2.260000E-9	794.000000E-12	4.996000E-9	637.500000E-9	894.420000E-3	0.000000E+0	-108.417000E+0	56.902000E+0	0.000000E+0	NaN
	14/11/2022 11:38:56	821.070000E-3	2.250000E-9	794.000000E-12	4.996000E-9	639.000000E-9	894.900000E-3	0.000000E+0	-108.417000E+0	56.902000E+0	0.000000E+0	NaN
	14/11/2022 11:39:05	821.320000E-3	2.260000E-9	783.000000E-12	4.996000E-9	640.500000E-9	895.310000E-3	0.000000E+0	-108.305000E+0	57.014000E+0	0.000000E+0	NaN
	14/11/2022 11:39:15	821.320000E-3	2.250000E-9	797.000000E-12	4.996000E-9	640.500000E-9	895.740000E-3	0.000000E+0	-108.305000E+0	56.902000E+0	0.000000E+0	NaN
	14/11/2022 11:39:24	820.950000E-3	2.250000E-9	796.000000E-12	4.996000E-9	640.500000E-9	896.160000E-3	0.000000E+0	-108.305000E+0	57.014000E+0	0.000000E+0	NaN
	14/11/2022 11:39:33	821.980000E-3	2.250000E-9	790.000000E-12	4.996000E-9	640.500000E-9	896.580000E-3	0.000000E+0	-108.193000E+0	57.014000E+0	0.000000E+0	NaN
	14/11/2022 11:39:42	822.400000E-3	2.240000E-9	792.000000E-12	4.996000E-9	641.300000E-9	897.040000E-3	0.000000E+0	-108.417000E+0	57.014000E+0	0.000000E+0	NaN
	14/11/2022 11:39:51	823.100000E-3	2.240000E-9	792.000000E-12	4.996000E-9	641.300000E-9	897.460000E-3	0.000000E+0	-108.417000E+0	56.902000E+0	0.000000E+0	NaN
	14/11/2022 11:40:01	825.380000E-3	2.240000E-9	784.000000E-12	4.996000E-9	642.100000E-9	897.900000E-3	0.000000E+0	-108.305000E+0	57.014000E+0	0.000000E+0	NaN
	14/11/2022 11:40:10	821.070000E-3	2.240000E-9	785.000000E-12	4.996000E-9	642.900000E-9	898.390000E-3	0.000000E+0	-108.305000E+0	57.014000E+0	0.000000E+0	NaN
	14/11/2022 11:40:19	823.950000E-3	2.240000E-9	797.000000E-12	4.996000E-9	642.900000E-9	898.840000E-3	0.000000E+0	-108.305000E+0	57.014000E+0	0.000000E+0	NaN
	14/11/2022 11:40:28	825.410000E-3	2.230000E-9	788.000000E-12	4.996000E-9	643.600000E-9	899.310000E-3	0.000000E+0	-108.193000E+0	56.902000E+0	0.000000E+0	NaN
	14/11/2022 11:40:37	824.900000E-3	2.240000E-9	792.000000E-12	4.996000E-9	643.600000E-9	899.730000E-3	0.000000E+0	-108.193000E+0	56.902000E+0	0.000000E+0	NaN
	14/11/2022 11:40:46	825.160000E-3	2.240000E-9	787.000000E-12	4.996000E-9	643.600000E-9	900.190000E-3	0.000000E+0	-108.417000E+0	56.902000E+0	0.000000E+0	NaN
	14/11/2022 11:40:56	825.190000E-3	2.230000E-9	779.000000E-12	4.996000E-9	644.400000E-9	900.640000E-3	0.000000E+0	-108.193000E+0	56.902000E+0	0.000000E+0	NaN
	14/11/2022 11:41:05	825.270000E-3	2.230000E-9	782.000000E-12	4.996000E-9	644.400000E-9	901.160000E-3	0.000000E+0	-108.080000E+0	56.790000E+0	0.000000E+0	NaN
	14/11/2022 11:41:14	825.270000E-3	2.230000E-9	786.000000E-12	4.996000E-9	644.400000E-9	901.620000E-3	0.000000E+0	-108.193000E+0	56.902000E+0	0.000000E+0	NaN
	14/11/2022 11:41:23	825.530000E-3	2.220000E-9	795.000000E-12	4.996000E-9	645.200000E-9	902.070000E-3	0.000000E+0	-108.305000E+0	57.239000E+0	0.000000E+0	NaN
	14/11/2022 11:41:32	825.070000E-3	2.220000E-9	792.000000E-12	4.996000E-9	646.000000E-9	902.540000E-3	0.000000E+0	-108.305000E+0	57.014000E+0	0.000000E+0	NaN
	14/11/2022 11:41:42	824.920000E-3	2.220000E-9	791.000000E-12	4.996000E-9	646.000000E-9	902.950000E-3	0.000000E+0	-108.305000E+0	56.790000E+0	0.000000E+0	NaN
	14/11/2022 11:41:51	824.990000E-3	2.230000E-9	790.000000E-12	4.996000E-9	646.000000E-9	903.430000E-3	0.000000E+0	-108.080000E+0	56.790000E+0	0.000000E+0	NaN
	14/11/2022 11:42:00	824.920000E-3	2.220000E-9	795.000000E-12	4.996000E-9	646.700000E-9	903.880000E-3	0.000000E+0	-108.193000E+0	57.014000E+0	0.000000E+0	NaN
	14/11/2022 11:42:09	825.270000E-3	2.210000E-9	787.000000E-12	4.996000E-9	646.700000E-9	904.340000E-3	0.000000E+0	-108.193000E+0	56.902000E+0	0.000000E+0	NaN
	14/11/2022 11:42:18	825.340000E-3	2.220000E-9	785.000000E-12	4.996000E-9	647.500000E-9	904.810000E-3	0.000000E+0	-108.080000E+0	56.902000E+0	0.000000E+0	NaN
	14/11/2022 11:42:27	824.940000E-3	2.220000E-9	784.000000E-12	4.996000E-9	647.500000E-9	905.240000E-3	0.000000E+0	-108.193000E+0	57.127000E+0	0.000000E+0	NaN
	14/11/2022 11:42:37	825.290000E-3	2.210000E-9	785.000000E-12	4.996000E-9	647.500000E-9	905.710000E-3	0.000000E+0	-108.080000E+0	56.902000E+0	0.000000E+0	NaN
	14/11/2022 11:42:46	828.910000E-3	2.220000E-9	786.000000E-12	4.996000E-9	647.500000E-9	906.110000E-3	0.000000E+0	-108.080000E+0	56.902000E+0	0.000000E+0	NaN
	14/11/2022 11:42:55	826.420000E-3	2.210000E-9	776.000000E-12	4.996000E-9	647.500000E-9	906.550000E-3	0.000000E+0	-108.193000E+0	57.014000E+0	0.000000E+0	NaN
	14/11/2022 11:43:04	825.210000E-3	2.210000E-9	775.000000E-12	4.996000E-9	648.300000E-9	907.000000E-3	0.000000E+0	-108.193000E+0	57.014000E+0	0.000000E+0	NaN
	14/11/2022 11:43:13	825.290000E-3	2.200000E-9	792.000000E-12	4.996000E-9	649.000000E-9	907.480000E-3	0.000000E+0	-108.080000E+0	57.014000E+0	0.000000E+0	NaN
	14/11/2022 11:43:23	827.180000E-3	2.210000E-9	780.000000E-12	4.996000E-9	650.600000E-9	135.490000E-3	0.000000E+0	-108.193000E+0	57.014000E+0	0.000000E+0	NaN
	14/11/2022 11:43:32	-48.932000E-3	2.210000E-9	783.000000E-12	4.996000E-9	649.800000E-9	2.685600E-3	0.000000E+0	-108.193000E+0	57.014000E+0	0.000000E+0	NaN
	14/11/2022 11:43:41	-67.127000E-3	2.200000E-9	774.000000E-12	4.996000E-9	649.800000E-9	649.270000E-6	0.000000E+0	-108.193000E+0	57.014000E+0	0.000000E+0	NaN
	14/11/2022 11:43:50	-66.781000E-3	2.200000E-9	779.000000E-12	4.996000E-9	649.800000E-9	495.170000E-6	0.000000E+0	-108.417000E+0	56.902000E+0	0.000000E+0	NaN
	14/11/2022 11:43:59	-66.906000E-3	2.190000E-9	788.000000E-12	4.996000E-9	649.800000E-9	447.090000E-6	0.000000E+0	-108.080000E+0	56.902000E+0	0.000000E+0	NaN
	14/11/2022 11:44:09	-67.177000E-3	2.200000E-9	782.000000E-12	4.996000E-9	652.200000E-9	413.060000E-6	0.000000E+0	-107.856000E+0	57.127000E+0	0.000000E+0	NaN
	14/11/2022 11:44:18	-66.635000E-3	2.200000E-9	782.000000E-12	4.996000E-9	649.800000E-9	408.140000E-6	0.000000E+0	-108.080000E+0	57.127000E+0	0.000000E+0	NaN
	14/11/2022 11:44:27	-67.005000E-3	2.190000E-9	779.000000E-12	4.996000E-9	651.400000E-9	384.210000E-6	0.000000E+0	-108.080000E+0	57.014000E+0	0.000000E+0	NaN
	14/11/2022 11:44:36	-67.028000E-3	2.200000E-9	771.000000E-12	4.996000E-9	653.000000E-9	381.260000E-6	0.000000E+0	-108.080000E+0	57.127000E+0	0.000000E+0	NaN
	14/11/2022 11:44:45	-66.584000E-3	2.190000E-9	778.000000E-12	4.996000E-9	653.000000E-9	367.190000E-6	0.000000E+0	-107.968000E+0	56.902000E+0	0.000000E+0	NaN
	14/11/2022 11:44:54	-66.707000E-3	2.190000E-9	787.000000E-12	4.996000E-9	653.000000E-9	365.230000E-6	0.000000E+0	-107.968000E+0	57.014000E+0	0.000000E+0	NaN
	14/11/2022 11:45:04	-66.364000E-3	2.180000E-9	780.000000E-12	4.996000E-9	653.000000E-9	333.940000E-6	0.000000E+0	-108.080000E+0	57.014000E+0	0.000000E+0	NaN
	14/11/2022 11:45:13	-66.608000E-3	2.190000E-9	777.000000E-12	4.996000E-9	653.000000E-9	337.360000E-6	0.000000E+0	-108.080000E+0	57.127000E+0	0.000000E+0	NaN
	14/11/2022 11:45:22	-67.225000E-3	2.190000E-9	778.000000E-12	4.996000E-9	653.000000E-9	339.600000E-6	0.000000E+0	-108.080000E+0	57.127000E+0	0.000000E+0	NaN
	14/11/2022 11:45:31	-66.584000E-3	2.180000E-9	778.000000E-12	4.996000E-9	653.700000E-9	323.560000E-6	0.000000E+0	-108.080000E+0	57.127000E+0	0.000000E+0	NaN
	14/11/2022 11:45:40	-66.930000E-3	2.180000E-9	769.000000E-12	4.996000E-9	653.700000E-9	348.480000E-6	0.000000E+0	-107.968000E+0	56.902000E+0	0.000000E+0	NaN
	14/11/2022 11:45:50	-67.300000E-3	2.180000E-9	767.000000E-12	4.996000E-9	653.700000E-9	337.360000E-6	0.000000E+0	-107.968000E+0	57.014000E+0	0.000000E+0	NaN
	14/11/2022 11:45:59	-67.201000E-3	2.180000E-9	773.000000E-12	4.996000E-9	654.500000E-9	333.430000E-6	0.000000E+0	-108.080000E+0	57.239000E+0	0.000000E+0	NaN
	14/11/2022 11:46:08	-66.683000E-3	2.180000E-9	782.000000E-12	4.996000E-9	800.800000E-9	329.490000E-6	0.000000E+0	-108.080000E+0	57.014000E+0	0.000000E+0	NaN
	14/11/2022 11:46:17	-66.707000E-3	2.180000E-9	781.000000E-12	4.996000E-9	738.000000E-9	310.510000E-6	0.000000E+0	-108.080000E+0	57.127000E+0	0.000000E+0	NaN
	14/11/2022 11:46:26	-67.005000E-3	2.180000E-9	782.000000E-12	4.996000E-9	706.000000E-9	328.240000E-6	0.000000E+0	-108.080000E+0	57.127000E+0	0.000000E+0	NaN
	14/11/2022 11:46:35	-66.337000E-3	2.180000E-9	775.000000E-12	4.996000E-9	687.500000E-9	323.090000E-6	0.000000E+0	-107.856000E+0	56.902000E+0	0.000000E+0	NaN
	14/11/2022 11:46:45	-66.733000E-3	2.170000E-9	780.000000E-12	4.996000E-9	678.500000E-9	322.820000E-6	0.000000E+0	-108.080000E+0	57.127000E+0	0.000000E+0	NaN
	14/11/2022 11:46:54	-66.707000E-3	2.170000E-9	783.000000E-12	4.996000E-9	672.000000E-9	324.820000E-6	0.000000E+0	-107.856000E+0	56.902000E+0	0.000000E+0	NaN
	14/11/2022 11:47:03	-67.398000E-3	2.180000E-9	787.000000E-12	4.996000E-9	667.200000E-9	310.510000E-6	0.000000E+0	-107.856000E+0	57.014000E+0	0.000000E+0	NaN
	14/11/2022 11:47:12	63.935000E-3	2.170000E-9	782.000000E-12	4.996000E-9	665.600000E-9	46.281000E-3	0.000000E+0	-107.968000E+0	57.127000E+0	0.000000E+0	NaN
	14/11/2022 11:47:21	-61.876000E-3	2.160000E-9	769.000000E-12	4.996000E-9	662.400000E-9	2.130100E-3	0.000000E+0	-107.968000E+0	57.239000E+0	0.000000E+0	NaN
	14/11/2022 11:47:31	-67.201000E-3	2.170000E-9	772.000000E-12	4.996000E-9	661.600000E-9	1.048200E-3	0.000000E+0	-107.968000E+0	57.239000E+0	0.000000E+0	NaN
	14/11/2022 11:47:40	-66.683000E-3	2.160000E-9	775.000000E-12	4.996000E-9	660.800000E-9	835.690000E-6	0.000000E+0	-107.968000E+0	57.014000E+0	0.000000E+0	NaN
	14/11/2022 11:47:49	-66.906000E-3	2.170000E-9	775.000000E-12	4.996000E-9	660.800000E-9	745.920000E-6	0.000000E+0	-107.856000E+0	57.127000E+0	0.000000E+0	NaN
	14/11/2022 11:47:58	-66.978000E-3	2.170000E-9	776.000000E-12	4.996000E-9	660.800000E-9	889.420000E-6	0.000000E+0	-107.968000E+0	57.127000E+0	0.000000E+0	NaN
	14/11/2022 11:48:07	-67.177000E-3	2.170000E-9	774.000000E-12	4.996000E-9	660.800000E-9	1.253800E-3	0.000000E+0	-107.856000E+0	57.127000E+0	0.000000E+0	NaN
	14/11/2022 11:48:17	-67.276000E-3	2.160000E-9	778.000000E-12	4.996000E-9	660.800000E-9	5.305800E-3	0.000000E+0	-107.856000E+0	57.127000E+0	0.000000E+0	NaN
	14/11/2022 11:48:26	-62.910000E-3	2.160000E-9	780.000000E-12	4.996000E-9	660.800000E-9	6.970300E-3	0.000000E+0	-107.744000E+0	57.014000E+0	0.000000E+0	NaN
	14/11/2022 11:48:35	566.860000E-3	2.160000E-9	781.000000E-12	4.996000E-9	660.800000E-9	644.160000E-3	0.000000E+0	-107.968000E+0	57.014000E+0	0.000000E+0	NaN
	14/11/2022 11:48:44	569.160000E-3	2.160000E-9	779.000000E-12	4.996000E-9	661.600000E-9	644.170000E-3	0.000000E+0	-107.856000E+0	57.239000E+0	0.000000E+0	NaN
	14/11/2022 11:48:53	569.180000E-3	2.150000E-9	776.000000E-12	4.996000E-9	660.800000E-9	644.200000E-3	0.000000E+0	-107.744000E+0	57.239000E+0	0.000000E+0	NaN
	14/11/2022 11:49:02	569.050000E-3	2.150000E-9	780.000000E-12	4.996000E-9	660.800000E-9	644.180000E-3	0.000000E+0	-107.856000E+0	57.239000E+0	0.000000E+0	NaN
	14/11/2022 11:49:12	568.640000E-3	2.150000E-9	780.000000E-12	4.996000E-9	661.600000E-9	644.170000E-3	0.000000E+0	-107.856000E+0	57.014000E+0	0.000000E+0	NaN
	14/11/2022 11:49:21	569.790000E-3	2.150000E-9	777.000000E-12	4.996000E-9	661.600000E-9	644.170000E-3	0.000000E+0	-107.744000E+0	57.127000E+0	0.000000E+0	NaN
	14/11/2022 11:49:30	568.910000E-3	2.180000E-9	776.000000E-12	4.996000E-9	661.600000E-9	644.130000E-3	0.000000E+0	-107.856000E+0	57.239000E+0	0.000000E+0	NaN
	14/11/2022 11:49:39	568.860000E-3	3.090000E-9	1.990000E-9	4.996000E-9	662.400000E-9	644.160000E-3	0.000000E+0	-107.968000E+0	57.463000E+0	0.000000E+0	NaN
	14/11/2022 11:49:48	569.010000E-3	30.600000E-9	12.600000E-9	4.996000E-9	661.600000E-9	644.150000E-3	0.000000E+0	-107.856000E+0	57.239000E+0	0.000000E+0	NaN
	14/11/2022 11:49:58	568.640000E-3	34.400000E-9	14.100000E-9	4.996000E-9	661.600000E-9	644.090000E-3	0.000000E+0	-107.744000E+0	57.127000E+0	0.000000E+0	NaN
	14/11/2022 11:50:07	568.540000E-3	38.500000E-9	16.000000E-9	4.996000E-9	662.400000E-9	644.060000E-3	0.000000E+0	-107.744000E+0	57.239000E+0	0.000000E+0	NaN
	14/11/2022 11:50:16	568.440000E-3	55.000000E-9	23.000000E-9	4.996000E-9	662.400000E-9	644.060000E-3	0.000000E+0	-107.631000E+0	57.127000E+0	0.000000E+0	NaN
	14/11/2022 11:50:25	569.050000E-3	82.200000E-9	33.800000E-9	4.996000E-9	727.500000E-9	644.000000E-3	0.000000E+0	-107.856000E+0	57.014000E+0	0.000000E+0	NaN
	14/11/2022 11:50:34	568.340000E-3	83.600000E-9	36.000000E-9	4.996000E-9	706.000000E-9	643.850000E-3	0.000000E+0	-107.744000E+0	57.127000E+0	0.000000E+0	NaN
	14/11/2022 11:50:43	564.590000E-3	1.060000E-6	440.000000E-9	4.996000E-9	691.700000E-9	643.330000E-3	0.000000E+0	-107.968000E+0	57.127000E+0	0.000000E+0	NaN
	14/11/2022 11:50:53	565.110000E-3	1.170000E-6	489.000000E-9	4.996000E-9	683.400000E-9	642.720000E-3	0.000000E+0	-107.744000E+0	57.239000E+0	0.000000E+0	NaN
	14/11/2022 11:51:02	565.060000E-3	1.180000E-6	491.000000E-9	4.996000E-9	678.500000E-9	642.120000E-3	0.000000E+0	-107.744000E+0	57.014000E+0	0.000000E+0	NaN
	14/11/2022 11:51:11	565.010000E-3	1.180000E-6	491.000000E-9	4.996000E-9	674.500000E-9	641.540000E-3	0.000000E+0	-107.744000E+0	57.239000E+0	0.000000E+0	NaN
	14/11/2022 11:51:20	563.930000E-3	466.000000E-9	206.000000E-9	4.996000E-9	672.800000E-9	641.250000E-3	0.000000E+0	-107.744000E+0	57.239000E+0	0.000000E+0	NaN
	14/11/2022 11:51:29	563.430000E-3	394.000000E-9	156.000000E-9	4.996000E-9	671.200000E-9	641.040000E-3	0.000000E+0	-107.856000E+0	57.127000E+0	0.000000E+0	NaN
	14/11/2022 11:51:39	561.120000E-3	256.000000E-9	105.000000E-9	4.996000E-9	669.600000E-9	640.880000E-3	0.000000E+0	-107.744000E+0	57.014000E+0	0.000000E+0	NaN
	14/11/2022 11:51:48	560.920000E-3	254.000000E-9	104.000000E-9	4.996000E-9	668.800000E-9	640.770000E-3	0.000000E+0	-107.744000E+0	57.127000E+0	0.000000E+0	NaN
	14/11/2022 11:51:57	565.160000E-3	253.000000E-9	103.000000E-9	4.996000E-9	668.000000E-9	640.700000E-3	0.000000E+0	-107.856000E+0	57.351000E+0	0.000000E+0	NaN
	14/11/2022 11:52:06	561.140000E-3	253.000000E-9	103.000000E-9	4.996000E-9	668.000000E-9	640.600000E-3	0.000000E+0	-107.856000E+0	57.351000E+0	0.000000E+0	NaN
	14/11/2022 11:52:15	561.120000E-3	253.000000E-9	103.000000E-9	4.996000E-9	668.000000E-9	640.520000E-3	0.000000E+0	-107.631000E+0	57.239000E+0	0.000000E+0	NaN
	14/11/2022 11:52:25	561.090000E-3	253.000000E-9	103.000000E-9	4.996000E-9	668.800000E-9	640.430000E-3	0.000000E+0	-107.744000E+0	57.239000E+0	0.000000E+0	NaN
	14/11/2022 11:52:34	560.790000E-3	253.000000E-9	103.000000E-9	4.996000E-9	668.800000E-9	640.330000E-3	0.000000E+0	-107.744000E+0	57.239000E+0	0.000000E+0	NaN
	14/11/2022 11:52:43	560.970000E-3	253.000000E-9	103.000000E-9	4.996000E-9	668.800000E-9	640.160000E-3	0.000000E+0	-107.744000E+0	57.351000E+0	0.000000E+0	NaN
	14/11/2022 11:52:52	561.290000E-3	253.000000E-9	103.000000E-9	4.996000E-9	668.000000E-9	640.020000E-3	0.000000E+0	-107.631000E+0	57.351000E+0	0.000000E+0	NaN
	14/11/2022 11:53:01	561.530000E-3	253.000000E-9	103.000000E-9	4.996000E-9	668.800000E-9	639.910000E-3	0.000000E+0	-107.744000E+0	57.239000E+0	0.000000E+0	NaN
	14/11/2022 11:53:11	561.190000E-3	253.000000E-9	103.000000E-9	4.996000E-9	668.800000E-9	639.800000E-3	0.000000E+0	-107.631000E+0	57.127000E+0	0.000000E+0	NaN
	14/11/2022 11:53:20	560.970000E-3	253.000000E-9	103.000000E-9	4.996000E-9	668.800000E-9	639.710000E-3	0.000000E+0	-107.631000E+0	57.239000E+0	0.000000E+0	NaN
	14/11/2022 11:53:29	561.360000E-3	253.000000E-9	103.000000E-9	4.996000E-9	668.800000E-9	639.620000E-3	0.000000E+0	-107.631000E+0	57.127000E+0	0.000000E+0	NaN
	14/11/2022 11:53:38	560.890000E-3	253.000000E-9	103.000000E-9	4.996000E-9	668.800000E-9	639.480000E-3	0.000000E+0	-107.631000E+0	57.239000E+0	0.000000E+0	NaN
	14/11/2022 11:53:47	560.570000E-3	253.000000E-9	103.000000E-9	4.996000E-9	668.800000E-9	639.400000E-3	0.000000E+0	-107.631000E+0	57.351000E+0	0.000000E+0	NaN
	14/11/2022 11:53:57	560.750000E-3	254.000000E-9	103.000000E-9	4.996000E-9	668.800000E-9	639.270000E-3	0.000000E+0	-107.631000E+0	57.239000E+0	0.000000E+0	NaN
	14/11/2022 11:54:06	559.910000E-3	254.000000E-9	103.000000E-9	4.996000E-9	670.400000E-9	639.160000E-3	0.000000E+0	-107.631000E+0	57.351000E+0	0.000000E+0	NaN
	14/11/2022 11:54:15	560.890000E-3	254.000000E-9	103.000000E-9	4.996000E-9	669.600000E-9	638.980000E-3	0.000000E+0	-107.631000E+0	57.127000E+0	0.000000E+0	NaN
	14/11/2022 11:54:24	557.000000E-3	254.000000E-9	103.000000E-9	4.996000E-9	671.200000E-9	638.870000E-3	0.000000E+0	-107.631000E+0	57.239000E+0	0.000000E+0	NaN
	14/11/2022 11:54:33	560.870000E-3	254.000000E-9	103.000000E-9	4.996000E-9	671.200000E-9	638.750000E-3	0.000000E+0	-107.631000E+0	57.014000E+0	0.000000E+0	NaN
	14/11/2022 11:54:42	560.700000E-3	254.000000E-9	103.000000E-9	4.996000E-9	671.200000E-9	638.640000E-3	0.000000E+0	-107.407000E+0	57.239000E+0	0.000000E+0	NaN
	14/11/2022 11:54:52	557.170000E-3	254.000000E-9	103.000000E-9	4.996000E-9	672.000000E-9	638.510000E-3	0.000000E+0	-107.519000E+0	57.351000E+0	0.000000E+0	NaN
	14/11/2022 11:55:01	556.880000E-3	253.000000E-9	103.000000E-9	4.996000E-9	672.000000E-9	638.400000E-3	0.000000E+0	-107.631000E+0	57.351000E+0	0.000000E+0	NaN
	14/11/2022 11:55:10	560.700000E-3	253.000000E-9	103.000000E-9	4.996000E-9	672.800000E-9	638.280000E-3	0.000000E+0	-107.519000E+0	57.351000E+0	0.000000E+0	NaN
	14/11/2022 11:55:19	560.890000E-3	253.000000E-9	103.000000E-9	4.996000E-9	672.000000E-9	638.190000E-3	0.000000E+0	-107.519000E+0	57.351000E+0	0.000000E+0	NaN
	14/11/2022 11:55:28	557.250000E-3	253.000000E-9	103.000000E-9	4.996000E-9	672.800000E-9	638.080000E-3	0.000000E+0	-107.407000E+0	57.351000E+0	0.000000E+0	NaN
	14/11/2022 11:55:38	557.120000E-3	253.000000E-9	103.000000E-9	4.996000E-9	672.800000E-9	637.880000E-3	0.000000E+0	-107.407000E+0	57.351000E+0	0.000000E+0	NaN
	14/11/2022 11:55:47	560.850000E-3	253.000000E-9	103.000000E-9	4.996000E-9	672.800000E-9	637.760000E-3	0.000000E+0	-107.631000E+0	57.239000E+0	0.000000E+0	NaN
	14/11/2022 11:55:56	557.250000E-3	253.000000E-9	103.000000E-9	4.996000E-9	673.700000E-9	637.640000E-3	0.000000E+0	-107.519000E+0	57.351000E+0	0.000000E+0	NaN
	14/11/2022 11:56:05	557.620000E-3	253.000000E-9	103.000000E-9	4.996000E-9	673.700000E-9	637.560000E-3	0.000000E+0	-107.519000E+0	57.351000E+0	0.000000E+0	NaN
	14/11/2022 11:56:14	556.970000E-3	253.000000E-9	103.000000E-9	4.996000E-9	674.500000E-9	637.450000E-3	0.000000E+0	-107.519000E+0	57.239000E+0	0.000000E+0	NaN
	14/11/2022 11:56:24	557.250000E-3	253.000000E-9	103.000000E-9	4.996000E-9	674.500000E-9	637.390000E-3	0.000000E+0	-107.407000E+0	57.351000E+0	0.000000E+0	NaN
	14/11/2022 11:56:33	557.050000E-3	253.000000E-9	103.000000E-9	4.996000E-9	674.500000E-9	637.290000E-3	0.000000E+0	-107.407000E+0	57.463000E+0	0.000000E+0	NaN
	14/11/2022 11:56:42	556.920000E-3	253.000000E-9	103.000000E-9	4.996000E-9	674.500000E-9	637.160000E-3	0.000000E+0	-107.519000E+0	57.351000E+0	0.000000E+0	NaN
	14/11/2022 11:56:51	557.020000E-3	253.000000E-9	103.000000E-9	4.996000E-9	674.500000E-9	637.040000E-3	0.000000E+0	-107.519000E+0	57.351000E+0	0.000000E+0	NaN
	14/11/2022 11:57:00	556.920000E-3	253.000000E-9	103.000000E-9	4.996000E-9	674.500000E-9	636.870000E-3	0.000000E+0	-107.407000E+0	57.351000E+0	0.000000E+0	NaN
	14/11/2022 11:57:10	556.900000E-3	253.000000E-9	103.000000E-9	4.996000E-9	674.500000E-9	636.750000E-3	0.000000E+0	-107.519000E+0	57.463000E+0	0.000000E+0	NaN
	14/11/2022 11:57:19	557.270000E-3	253.000000E-9	103.000000E-9	4.996000E-9	675.300000E-9	636.640000E-3	0.000000E+0	-107.407000E+0	57.351000E+0	0.000000E+0	NaN
	14/11/2022 11:57:28	557.050000E-3	253.000000E-9	103.000000E-9	4.996000E-9	675.300000E-9	636.520000E-3	0.000000E+0	-107.407000E+0	57.351000E+0	0.000000E+0	NaN
	14/11/2022 11:57:37	557.290000E-3	253.000000E-9	103.000000E-9	4.996000E-9	676.100000E-9	636.400000E-3	0.000000E+0	-107.407000E+0	57.351000E+0	0.000000E+0	NaN
	14/11/2022 11:57:46	556.950000E-3	253.000000E-9	103.000000E-9	4.996000E-9	676.100000E-9	636.260000E-3	0.000000E+0	-107.295000E+0	57.239000E+0	0.000000E+0	NaN
	14/11/2022 11:57:55	556.750000E-3	253.000000E-9	103.000000E-9	4.996000E-9	675.300000E-9	636.120000E-3	0.000000E+0	-107.519000E+0	57.239000E+0	0.000000E+0	NaN
	14/11/2022 11:58:05	557.120000E-3	253.000000E-9	103.000000E-9	4.996000E-9	678.500000E-9	636.000000E-3	0.000000E+0	-107.519000E+0	57.575000E+0	0.000000E+0	NaN
	14/11/2022 11:58:14	556.580000E-3	253.000000E-9	103.000000E-9	4.996000E-9	678.500000E-9	635.840000E-3	0.000000E+0	-107.295000E+0	57.463000E+0	0.000000E+0	NaN
	14/11/2022 11:58:23	556.560000E-3	252.000000E-9	102.000000E-9	4.996000E-9	678.500000E-9	635.730000E-3	0.000000E+0	-107.407000E+0	57.463000E+0	0.000000E+0	NaN
	14/11/2022 11:58:32	557.050000E-3	252.000000E-9	102.000000E-9	4.996000E-9	679.300000E-9	635.640000E-3	0.000000E+0	-107.407000E+0	57.463000E+0	0.000000E+0	NaN
	14/11/2022 11:58:41	557.220000E-3	252.000000E-9	102.000000E-9	4.996000E-9	679.300000E-9	635.520000E-3	0.000000E+0	-107.295000E+0	57.463000E+0	0.000000E+0	NaN
	14/11/2022 11:58:51	552.960000E-3	252.000000E-9	102.000000E-9	4.996000E-9	679.300000E-9	635.400000E-3	0.000000E+0	-107.407000E+0	57.575000E+0	0.000000E+0	NaN
	14/11/2022 11:59:00	557.100000E-3	252.000000E-9	102.000000E-9	4.996000E-9	679.300000E-9	635.320000E-3	0.000000E+0	-107.295000E+0	57.351000E+0	0.000000E+0	NaN
	14/11/2022 11:59:09	553.350000E-3	252.000000E-9	102.000000E-9	4.996000E-9	679.300000E-9	635.240000E-3	0.000000E+0	-107.295000E+0	57.463000E+0	0.000000E+0	NaN
	14/11/2022 11:59:18	556.040000E-3	252.000000E-9	102.000000E-9	4.996000E-9	679.300000E-9	635.120000E-3	0.000000E+0	-107.519000E+0	57.351000E+0	0.000000E+0	NaN
	14/11/2022 11:59:27	556.820000E-3	252.000000E-9	102.000000E-9	4.996000E-9	680.100000E-9	635.040000E-3	0.000000E+0	-107.519000E+0	57.575000E+0	0.000000E+0	NaN
	14/11/2022 11:59:36	553.030000E-3	252.000000E-9	102.000000E-9	4.996000E-9	680.100000E-9	634.880000E-3	0.000000E+0	-107.295000E+0	57.351000E+0	0.000000E+0	NaN
	14/11/2022 11:59:46	553.130000E-3	252.000000E-9	102.000000E-9	4.996000E-9	680.100000E-9	634.750000E-3	0.000000E+0	-107.295000E+0	57.463000E+0	0.000000E+0	NaN
	14/11/2022 11:59:55	557.340000E-3	252.000000E-9	102.000000E-9	4.996000E-9	680.100000E-9	634.640000E-3	0.000000E+0	-107.182000E+0	57.351000E+0	0.000000E+0	NaN
	14/11/2022 12:00:04	555.670000E-3	252.000000E-9	103.000000E-9	4.996000E-9	680.100000E-9	634.520000E-3	0.000000E+0	-107.407000E+0	57.575000E+0	0.000000E+0	NaN
	14/11/2022 12:00:13	553.470000E-3	252.000000E-9	102.000000E-9	4.996000E-9	680.100000E-9	634.390000E-3	0.000000E+0	-107.295000E+0	57.351000E+0	0.000000E+0	NaN
	14/11/2022 12:00:23	553.520000E-3	252.000000E-9	102.000000E-9	4.996000E-9	680.100000E-9	634.280000E-3	0.000000E+0	-107.407000E+0	57.351000E+0	0.000000E+0	NaN
	14/11/2022 12:00:32	552.850000E-3	252.000000E-9	102.000000E-9	4.996000E-9	680.100000E-9	634.150000E-3	0.000000E+0	-107.182000E+0	57.351000E+0	0.000000E+0	NaN
	14/11/2022 12:00:41	553.430000E-3	151.000000E-9	58.800000E-9	4.996000E-9	688.400000E-9	634.070000E-3	0.000000E+0	-107.407000E+0	57.351000E+0	0.000000E+0	NaN
	14/11/2022 12:00:50	552.660000E-3	137.000000E-9	55.100000E-9	4.996000E-9	686.700000E-9	633.990000E-3	0.000000E+0	-107.182000E+0	57.463000E+0	0.000000E+0	NaN
	14/11/2022 12:00:59	552.630000E-3	137.000000E-9	55.000000E-9	4.996000E-9	686.700000E-9	633.940000E-3	0.000000E+0	-107.295000E+0	57.463000E+0	0.000000E+0	NaN
	14/11/2022 12:01:09	553.150000E-3	137.000000E-9	55.000000E-9	4.996000E-9	686.700000E-9	633.890000E-3	0.000000E+0	-107.407000E+0	57.463000E+0	0.000000E+0	NaN
	14/11/2022 12:01:18	552.540000E-3	137.000000E-9	54.900000E-9	4.996000E-9	685.900000E-9	633.830000E-3	0.000000E+0	-107.407000E+0	57.351000E+0	0.000000E+0	NaN
	14/11/2022 12:01:27	553.000000E-3	137.000000E-9	55.000000E-9	4.996000E-9	685.900000E-9	633.800000E-3	0.000000E+0	-107.182000E+0	57.575000E+0	0.000000E+0	NaN
	14/11/2022 12:01:36	553.000000E-3	137.000000E-9	55.000000E-9	4.996000E-9	686.700000E-9	633.780000E-3	0.000000E+0	-107.407000E+0	57.463000E+0	0.000000E+0	NaN
	14/11/2022 12:01:45	553.030000E-3	137.000000E-9	55.100000E-9	4.996000E-9	686.700000E-9	633.750000E-3	0.000000E+0	-107.295000E+0	57.463000E+0	0.000000E+0	NaN
	14/11/2022 12:01:54	552.710000E-3	137.000000E-9	55.200000E-9	4.996000E-9	686.700000E-9	633.720000E-3	0.000000E+0	-107.407000E+0	57.463000E+0	0.000000E+0	NaN
	14/11/2022 12:02:04	553.690000E-3	137.000000E-9	55.000000E-9	4.996000E-9	686.700000E-9	633.680000E-3	0.000000E+0	-107.070000E+0	57.463000E+0	0.000000E+0	NaN
	14/11/2022 12:02:13	553.300000E-3	137.000000E-9	55.000000E-9	4.996000E-9	686.700000E-9	633.600000E-3	0.000000E+0	-107.295000E+0	57.575000E+0	0.000000E+0	NaN
	14/11/2022 12:02:22	553.060000E-3	137.000000E-9	55.000000E-9	4.996000E-9	685.900000E-9	633.560000E-3	0.000000E+0	-107.182000E+0	57.575000E+0	0.000000E+0	NaN
	14/11/2022 12:02:31	553.870000E-3	137.000000E-9	55.000000E-9	4.996000E-9	685.900000E-9	633.480000E-3	0.000000E+0	-107.182000E+0	57.463000E+0	0.000000E+0	NaN
	14/11/2022 12:02:40	552.960000E-3	137.000000E-9	55.000000E-9	4.996000E-9	686.700000E-9	633.400000E-3	0.000000E+0	-107.182000E+0	57.575000E+0	0.000000E+0	NaN
	14/11/2022 12:02:49	553.100000E-3	137.000000E-9	55.000000E-9	4.996000E-9	686.700000E-9	633.360000E-3	0.000000E+0	-107.070000E+0	57.463000E+0	0.000000E+0	NaN
	14/11/2022 12:02:59	552.390000E-3	137.000000E-9	55.000000E-9	4.996000E-9	686.700000E-9	633.320000E-3	0.000000E+0	-107.182000E+0	57.688000E+0	0.000000E+0	NaN
	14/11/2022 12:03:08	552.830000E-3	137.000000E-9	55.100000E-9	4.996000E-9	686.700000E-9	633.280000E-3	0.000000E+0	-107.295000E+0	57.463000E+0	0.000000E+0	NaN
	14/11/2022 12:03:17	552.680000E-3	137.000000E-9	55.000000E-9	4.996000E-9	686.700000E-9	633.230000E-3	0.000000E+0	-107.182000E+0	57.575000E+0	0.000000E+0	NaN
	14/11/2022 12:03:26	552.540000E-3	137.000000E-9	55.000000E-9	4.996000E-9	686.700000E-9	633.160000E-3	0.000000E+0	-107.182000E+0	57.575000E+0	0.000000E+0	NaN
	14/11/2022 12:03:35	553.570000E-3	137.000000E-9	55.200000E-9	4.996000E-9	686.700000E-9	633.100000E-3	0.000000E+0	-107.295000E+0	57.575000E+0	0.000000E+0	NaN
	14/11/2022 12:03:45	552.510000E-3	137.000000E-9	55.200000E-9	4.996000E-9	686.700000E-9	633.050000E-3	0.000000E+0	-107.295000E+0	57.575000E+0	0.000000E+0	NaN
	14/11/2022 12:03:54	553.000000E-3	137.000000E-9	55.100000E-9	4.996000E-9	686.700000E-9	632.970000E-3	0.000000E+0	-107.070000E+0	57.351000E+0	0.000000E+0	NaN
	14/11/2022 12:04:03	553.520000E-3	137.000000E-9	55.000000E-9	4.996000E-9	687.500000E-9	632.900000E-3	0.000000E+0	-107.070000E+0	57.575000E+0	0.000000E+0	NaN
	14/11/2022 12:04:12	552.850000E-3	136.000000E-9	55.000000E-9	4.996000E-9	686.700000E-9	632.780000E-3	0.000000E+0	-107.070000E+0	57.575000E+0	0.000000E+0	NaN
	14/11/2022 12:04:21	552.960000E-3	136.000000E-9	55.000000E-9	4.996000E-9	687.500000E-9	632.730000E-3	0.000000E+0	-107.182000E+0	57.463000E+0	0.000000E+0	NaN
	14/11/2022 12:04:31	552.850000E-3	136.000000E-9	54.900000E-9	4.996000E-9	687.500000E-9	632.670000E-3	0.000000E+0	-107.070000E+0	57.575000E+0	0.000000E+0	NaN
	14/11/2022 12:04:40	553.370000E-3	136.000000E-9	54.800000E-9	4.996000E-9	687.500000E-9	632.580000E-3	0.000000E+0	-107.070000E+0	57.575000E+0	0.000000E+0	NaN
	14/11/2022 12:04:49	552.730000E-3	136.000000E-9	54.900000E-9	4.996000E-9	687.500000E-9	632.510000E-3	0.000000E+0	-106.958000E+0	57.688000E+0	0.000000E+0	NaN
	14/11/2022 12:04:58	553.180000E-3	136.000000E-9	55.000000E-9	4.996000E-9	687.500000E-9	632.470000E-3	0.000000E+0	-107.182000E+0	57.463000E+0	0.000000E+0	NaN
	14/11/2022 12:05:07	553.280000E-3	136.000000E-9	55.000000E-9	4.996000E-9	687.500000E-9	632.450000E-3	0.000000E+0	-107.182000E+0	57.463000E+0	0.000000E+0	NaN
	14/11/2022 12:05:17	552.850000E-3	136.000000E-9	54.800000E-9	4.996000E-9	687.500000E-9	632.370000E-3	0.000000E+0	-107.182000E+0	57.575000E+0	0.000000E+0	NaN
	14/11/2022 12:05:26	553.130000E-3	136.000000E-9	54.900000E-9	4.996000E-9	687.500000E-9	632.300000E-3	0.000000E+0	-107.070000E+0	57.575000E+0	0.000000E+0	NaN
	14/11/2022 12:05:35	553.350000E-3	136.000000E-9	54.800000E-9	4.996000E-9	688.400000E-9	632.230000E-3	0.000000E+0	-106.958000E+0	57.463000E+0	0.000000E+0	NaN
	14/11/2022 12:05:44	553.320000E-3	136.000000E-9	54.800000E-9	4.996000E-9	688.400000E-9	632.140000E-3	0.000000E+0	-107.182000E+0	57.575000E+0	0.000000E+0	NaN
	14/11/2022 12:05:53	552.760000E-3	136.000000E-9	54.900000E-9	4.996000E-9	688.400000E-9	632.080000E-3	0.000000E+0	-106.958000E+0	57.575000E+0	0.000000E+0	NaN
	14/11/2022 12:06:02	550.120000E-3	136.000000E-9	54.800000E-9	4.996000E-9	689.200000E-9	631.990000E-3	0.000000E+0	-107.070000E+0	57.575000E+0	0.000000E+0	NaN
	14/11/2022 12:06:12	552.830000E-3	136.000000E-9	54.800000E-9	4.996000E-9	688.400000E-9	631.930000E-3	0.000000E+0	-106.958000E+0	57.575000E+0	0.000000E+0	NaN
	14/11/2022 12:06:21	552.880000E-3	136.000000E-9	54.800000E-9	4.996000E-9	689.200000E-9	631.870000E-3	0.000000E+0	-106.958000E+0	57.575000E+0	0.000000E+0	NaN
	14/11/2022 12:06:30	552.830000E-3	136.000000E-9	54.600000E-9	4.996000E-9	690.000000E-9	631.830000E-3	0.000000E+0	-107.070000E+0	57.688000E+0	0.000000E+0	NaN
	14/11/2022 12:06:39	551.160000E-3	136.000000E-9	54.800000E-9	4.996000E-9	690.900000E-9	631.790000E-3	0.000000E+0	-107.070000E+0	57.575000E+0	0.000000E+0	NaN
	14/11/2022 12:06:48	553.130000E-3	136.000000E-9	54.700000E-9	4.996000E-9	690.900000E-9	631.690000E-3	0.000000E+0	-107.070000E+0	57.463000E+0	0.000000E+0	NaN
	14/11/2022 12:06:58	554.020000E-3	136.000000E-9	54.600000E-9	4.996000E-9	691.700000E-9	631.660000E-3	0.000000E+0	-107.070000E+0	57.575000E+0	0.000000E+0	NaN
	14/11/2022 12:07:07	551.970000E-3	14.600000E-9	3.570000E-9	4.996000E-9	691.700000E-9	631.640000E-3	0.000000E+0	-106.846000E+0	57.463000E+0	0.000000E+0	NaN
