Live comments	Time	injection 100mbar	Barion_2	Barion_1	DUAL experiment	DUAL insulation	injection 1mbar	helium	T-platinum	T-CERNOX	I_emission	I_grid
	24/02/2023 09:59:06	82.108000E+0	43.000000E-9	17.900000E-9	19.820000E-9	428.900000E-9	1.100000E+0	16.000000E+0	-5.948000E+0	673.061000E+0	NaN	NaN
	24/02/2023 09:59:13	82.108000E+0	42.500000E-9	17.700000E-9	19.560000E-9	428.400000E-9	1.100000E+0	16.000000E+0	-5.948000E+0	672.275000E+0	NaN	NaN
	24/02/2023 09:59:19	82.108000E+0	42.000000E-9	17.400000E-9	19.280000E-9	425.900000E-9	1.100000E+0	16.000000E+0	-5.724000E+0	671.602000E+0	NaN	NaN
	24/02/2023 09:59:26	82.107000E+0	41.400000E-9	17.300000E-9	18.940000E-9	425.400000E-9	1.100000E+0	16.000000E+0	-5.836000E+0	670.928000E+0	NaN	NaN
	24/02/2023 09:59:33	82.107000E+0	41.000000E-9	17.100000E-9	18.740000E-9	424.900000E-9	1.100000E+0	16.000000E+0	-5.612000E+0	669.918000E+0	NaN	NaN
	24/02/2023 09:59:40	82.107000E+0	40.400000E-9	16.800000E-9	18.510000E-9	424.300000E-9	1.100000E+0	16.000000E+0	-5.948000E+0	669.469000E+0	NaN	NaN
	24/02/2023 09:59:47	82.107000E+0	39.800000E-9	16.500000E-9	18.180000E-9	422.800000E-9	1.100000E+0	16.000000E+0	-5.724000E+0	668.684000E+0	NaN	NaN
	24/02/2023 09:59:54	82.107000E+0	39.400000E-9	16.300000E-9	18.000000E-9	422.300000E-9	1.100000E+0	16.000000E+0	-5.724000E+0	667.898000E+0	NaN	NaN
	24/02/2023 10:00:01	82.107000E+0	38.800000E-9	16.100000E-9	17.690000E-9	420.800000E-9	1.100000E+0	16.000000E+0	-5.836000E+0	667.112000E+0	NaN	NaN
	24/02/2023 10:00:08	82.107000E+0	38.300000E-9	16.000000E-9	17.500000E-9	420.300000E-9	1.100000E+0	16.000000E+0	-5.948000E+0	666.327000E+0	NaN	NaN
	24/02/2023 10:00:15	82.108000E+0	37.900000E-9	15.700000E-9	17.310000E-9	419.800000E-9	1.100000E+0	16.000000E+0	-5.836000E+0	665.541000E+0	NaN	NaN
	24/02/2023 10:00:22	82.107000E+0	37.300000E-9	15.600000E-9	17.080000E-9	417.300000E-9	1.100000E+0	16.000000E+0	-5.724000E+0	664.868000E+0	NaN	NaN
	24/02/2023 10:00:29	82.107000E+0	36.800000E-9	15.300000E-9	16.840000E-9	415.800000E-9	1.100000E+0	16.000000E+0	-5.948000E+0	664.306000E+0	NaN	NaN
	24/02/2023 10:00:35	82.107000E+0	36.300000E-9	15.100000E-9	16.640000E-9	412.800000E-9	1.100000E+0	16.000000E+0	-5.836000E+0	663.521000E+0	NaN	NaN
	24/02/2023 10:00:42	82.107000E+0	35.800000E-9	14.900000E-9	16.280000E-9	412.300000E-9	1.100000E+0	16.000000E+0	-5.836000E+0	662.623000E+0	NaN	NaN
	24/02/2023 10:00:49	82.103000E+0	35.300000E-9	14.800000E-9	16.100000E-9	412.800000E-9	1.100000E+0	16.000000E+0	-5.724000E+0	661.950000E+0	NaN	NaN
	24/02/2023 10:00:56	82.107000E+0	34.900000E-9	14.600000E-9	15.930000E-9	411.300000E-9	1.100000E+0	16.000000E+0	-5.836000E+0	661.052000E+0	NaN	NaN
	24/02/2023 10:01:03	82.103000E+0	34.500000E-9	14.400000E-9	15.670000E-9	419.800000E-9	1.100000E+0	16.000000E+0	-5.836000E+0	660.378000E+0	NaN	NaN
	24/02/2023 10:01:10	82.105000E+0	34.200000E-9	14.200000E-9	15.500000E-9	412.300000E-9	1.100000E+0	16.000000E+0	-5.724000E+0	659.593000E+0	NaN	NaN
	24/02/2023 10:01:17	82.104000E+0	33.800000E-9	14.100000E-9	15.430000E-9	408.800000E-9	1.100000E+0	16.000000E+0	-5.836000E+0	658.470000E+0	NaN	NaN
	24/02/2023 10:01:24	82.103000E+0	34.100000E-9	14.200000E-9	15.610000E-9	402.500000E-9	1.100000E+0	16.000000E+0	-5.948000E+0	657.236000E+0	NaN	NaN
	24/02/2023 10:01:31	82.104000E+0	34.400000E-9	14.400000E-9	15.650000E-9	401.500000E-9	1.100000E+0	16.000000E+0	-5.836000E+0	656.338000E+0	NaN	NaN
	24/02/2023 10:01:38	82.104000E+0	34.300000E-9	14.300000E-9	15.580000E-9	401.500000E-9	1.100000E+0	16.000000E+0	-5.836000E+0	655.440000E+0	NaN	NaN
	24/02/2023 10:01:45	82.104000E+0	34.000000E-9	14.100000E-9	15.690000E-9	6.600000E-6	1.100000E+0	16.000000E+0	-5.836000E+0	652.746000E+0	NaN	NaN
	24/02/2023 10:01:51	82.104000E+0	36.500000E-9	15.300000E-9	16.940000E-9	2.628000E-6	1.100000E+0	16.000000E+0	-5.948000E+0	651.624000E+0	NaN	NaN
	24/02/2023 10:01:58	82.104000E+0	36.400000E-9	15.200000E-9	16.700000E-9	5.382000E-6	1.100000E+0	15.000000E+0	-5.836000E+0	650.502000E+0	NaN	NaN
	24/02/2023 10:02:06	82.103000E+0	36.600000E-9	15.300000E-9	16.840000E-9	7.292000E-6	1.100000E+0	15.000000E+0	-5.948000E+0	648.818000E+0	NaN	NaN
	24/02/2023 10:02:12	82.104000E+0	36.800000E-9	15.400000E-9	17.020000E-9	6.917000E-6	1.100000E+0	15.000000E+0	-5.836000E+0	647.472000E+0	NaN	NaN
	24/02/2023 10:02:19	82.103000E+0	37.100000E-9	15.500000E-9	17.060000E-9	5.533000E-6	1.100000E+0	16.000000E+0	-5.724000E+0	646.349000E+0	NaN	NaN
	24/02/2023 10:02:26	82.103000E+0	37.200000E-9	15.500000E-9	17.140000E-9	4.259000E-6	1.100000E+0	16.000000E+0	-5.948000E+0	645.002000E+0	NaN	NaN
	24/02/2023 10:02:33	82.103000E+0	37.300000E-9	15.500000E-9	17.180000E-9	3.266000E-6	1.100000E+0	16.000000E+0	-5.948000E+0	643.431000E+0	NaN	NaN
	24/02/2023 10:02:40	82.103000E+0	38.100000E-9	15.900000E-9	17.690000E-9	2.622000E-6	1.100000E+0	16.000000E+0	-5.836000E+0	641.411000E+0	NaN	NaN
	24/02/2023 10:02:47	82.103000E+0	39.300000E-9	16.400000E-9	18.180000E-9	2.161000E-6	1.100000E+0	16.000000E+0	-5.948000E+0	639.840000E+0	NaN	NaN
	24/02/2023 10:02:54	82.103000E+0	39.700000E-9	16.500000E-9	18.140000E-9	1.818000E-6	1.100000E+0	16.000000E+0	-5.948000E+0	639.279000E+0	NaN	NaN
	24/02/2023 10:03:01	82.103000E+0	38.600000E-9	15.900000E-9	17.160000E-9	1.488000E-6	1.100000E+0	16.000000E+0	-5.836000E+0	639.840000E+0	NaN	NaN
	24/02/2023 10:03:08	82.104000E+0	35.200000E-9	14.600000E-9	15.610000E-9	1.125000E-6	1.100000E+0	16.000000E+0	-5.836000E+0	640.289000E+0	NaN	NaN
	24/02/2023 10:03:15	82.103000E+0	32.700000E-9	13.500000E-9	14.530000E-9	895.400000E-9	1.100000E+0	16.000000E+0	-5.836000E+0	640.401000E+0	NaN	NaN
	24/02/2023 10:03:21	82.103000E+0	30.600000E-9	12.600000E-9	13.670000E-9	752.300000E-9	1.100000E+0	15.000000E+0	-5.948000E+0	640.289000E+0	NaN	NaN
	24/02/2023 10:03:28	82.103000E+0	29.200000E-9	12.100000E-9	13.070000E-9	661.600000E-9	1.100000E+0	16.000000E+0	-6.061000E+0	640.064000E+0	NaN	NaN
	24/02/2023 10:03:35	82.103000E+0	28.000000E-9	11.700000E-9	12.640000E-9	594.600000E-9	1.100000E+0	16.000000E+0	-5.836000E+0	639.503000E+0	NaN	NaN
	24/02/2023 10:03:42	82.103000E+0	27.100000E-9	11.200000E-9	12.250000E-9	546.700000E-9	1.100000E+0	16.000000E+0	-5.836000E+0	639.279000E+0	NaN	NaN
	24/02/2023 10:03:49	82.100000E+0	26.400000E-9	11.000000E-9	11.900000E-9	509.900000E-9	1.100000E+0	16.000000E+0	-5.836000E+0	638.717000E+0	NaN	NaN
	24/02/2023 10:03:56	82.099000E+0	25.800000E-9	10.800000E-9	11.610000E-9	481.300000E-9	1.100000E+0	16.000000E+0	-5.724000E+0	638.156000E+0	NaN	NaN
	24/02/2023 10:04:03	82.100000E+0	25.200000E-9	10.500000E-9	11.350000E-9	456.600000E-9	1.100000E+0	16.000000E+0	-5.948000E+0	637.820000E+0	NaN	NaN
	24/02/2023 10:04:10	82.099000E+0	24.600000E-9	10.200000E-9	11.130000E-9	438.800000E-9	1.100000E+0	16.000000E+0	-5.948000E+0	637.258000E+0	NaN	NaN
	24/02/2023 10:04:20	82.099000E+0	24.100000E-9	10.100000E-9	10.890000E-9	418.300000E-9	1.100000E+0	15.000000E+0	-6.061000E+0	636.697000E+0	NaN	NaN
	24/02/2023 10:04:27	82.099000E+0	23.300000E-9	9.780000E-9	10.590000E-9	404.400000E-9	1.100000E+0	16.000000E+0	-5.836000E+0	635.912000E+0	NaN	NaN
	24/02/2023 10:04:34	82.099000E+0	23.000000E-9	9.490000E-9	10.340000E-9	393.900000E-9	1.100000E+0	16.000000E+0	-5.836000E+0	635.463000E+0	NaN	NaN
	24/02/2023 10:04:40	82.099000E+0	22.500000E-9	9.370000E-9	10.170000E-9	385.900000E-9	1.100000E+0	16.000000E+0	-6.061000E+0	634.789000E+0	NaN	NaN
	24/02/2023 10:04:47	82.099000E+0	22.100000E-9	9.230000E-9	9.952000E-9	378.100000E-9	1.100000E+0	15.000000E+0	-6.061000E+0	634.228000E+0	NaN	NaN
	24/02/2023 10:04:54	82.099000E+0	21.700000E-9	9.000000E-9	9.797000E-9	371.800000E-9	1.100000E+0	15.000000E+0	-6.061000E+0	633.667000E+0	NaN	NaN
	24/02/2023 10:05:01	82.099000E+0	21.500000E-9	9.040000E-9	10.710000E-9	354.000000E-9	1.100000E+0	16.000000E+0	-6.061000E+0	614.700000E+0	NaN	NaN
	24/02/2023 10:05:08	82.099000E+0	48.000000E-9	21.500000E-9	40.060000E-9	508.100000E-9	1.100000E+0	15.000000E+0	-6.285000E+0	583.499000E+0	NaN	NaN
	24/02/2023 10:05:15	82.099000E+0	142.000000E-9	62.100000E-9	116.900000E-9	477.900000E-9	1.100000E+0	15.000000E+0	-6.510000E+0	557.236000E+0	NaN	NaN
	24/02/2023 10:05:22	82.099000E+0	338.000000E-9	146.000000E-9	267.300000E-9	438.300000E-9	1.100000E+0	14.000000E+0	-6.846000E+0	526.260000E+0	NaN	NaN
	24/02/2023 10:05:29	82.099000E+0	457.000000E-9	188.000000E-9	271.800000E-9	1.025000E-6	1.100000E+0	14.000000E+0	-7.183000E+0	491.131000E+0	NaN	NaN
	24/02/2023 10:05:36	82.102000E+0	317.000000E-9	124.000000E-9	149.100000E-9	8.095000E-6	1.100000E+0	13.000000E+0	-7.744000E+0	468.572000E+0	NaN	NaN
	24/02/2023 10:05:43	82.103000E+0	163.000000E-9	62.300000E-9	74.520000E-9	20.310000E-6	1.100000E+0	13.000000E+0	-8.305000E+0	443.095000E+0	NaN	NaN
	24/02/2023 10:05:50	82.103000E+0	90.200000E-9	35.300000E-9	39.010000E-9	33.300000E-6	1.100000E+0	12.000000E+0	-8.530000E+0	421.098000E+0	NaN	NaN
lhe transfer
	24/02/2023 10:05:57	82.103000E+0	50.400000E-9	20.600000E-9	20.920000E-9	40.300000E-6	1.100000E+0	11.000000E+0	-9.540000E+0	398.539000E+0	NaN	NaN
	24/02/2023 10:06:03	82.104000E+0	37.400000E-9	14.600000E-9	16.300000E-9	39.110000E-6	1.100000E+0	10.000000E+0	-10.213000E+0	376.541000E+0	NaN	NaN
	24/02/2023 10:06:10	82.103000E+0	32.800000E-9	12.200000E-9	14.390000E-9	26.220000E-6	1.100000E+0	10.000000E+0	-10.550000E+0	364.532000E+0	NaN	NaN
	24/02/2023 10:06:17	82.103000E+0	29.100000E-9	9.730000E-9	12.850000E-9	15.110000E-6	1.100000E+0	10.000000E+0	-10.438000E+0	366.104000E+0	NaN	NaN
	24/02/2023 10:06:24	82.103000E+0	24.900000E-9	7.320000E-9	10.680000E-9	7.989000E-6	1.100000E+0	11.000000E+0	-9.989000E+0	372.277000E+0	NaN	NaN
	24/02/2023 10:06:31	82.103000E+0	18.900000E-9	5.110000E-9	8.342000E-9	2.953000E-6	1.100000E+0	11.000000E+0	-9.652000E+0	380.245000E+0	NaN	NaN
	24/02/2023 10:06:38	82.107000E+0	13.200000E-9	3.810000E-9	6.421000E-9	1.150000E-6	1.100000E+0	12.000000E+0	-9.315000E+0	391.693000E+0	NaN	NaN
	24/02/2023 10:06:45	82.107000E+0	8.520000E-9	2.550000E-9	4.996000E-9	638.200000E-9	1.100000E+0	13.000000E+0	-8.530000E+0	407.293000E+0	NaN	NaN
	24/02/2023 10:06:52	82.107000E+0	5.120000E-9	1.710000E-9	4.996000E-9	458.800000E-9	1.100000E+0	13.000000E+0	-8.081000E+0	426.597000E+0	NaN	NaN
	24/02/2023 10:06:59	82.111000E+0	3.560000E-9	1.180000E-9	4.996000E-9	378.600000E-9	1.100000E+0	14.000000E+0	-7.632000E+0	452.299000E+0	NaN	NaN
	24/02/2023 10:07:06	82.111000E+0	2.460000E-9	882.000000E-12	4.996000E-9	337.000000E-9	1.100000E+0	16.000000E+0	-7.071000E+0	487.989000E+0	NaN	NaN
	24/02/2023 10:07:13	82.115000E+0	1.890000E-9	734.000000E-12	4.996000E-9	316.200000E-9	1.100000E+0	16.000000E+0	-6.397000E+0	538.830000E+0	NaN	NaN
	24/02/2023 10:07:19	82.115000E+0	1.630000E-9	663.000000E-12	4.996000E-9	301.400000E-9	1.100000E+0	17.000000E+0	-5.836000E+0	619.526000E+0	NaN	NaN
	24/02/2023 10:07:26	82.116000E+0	1.470000E-9	620.000000E-12	4.996000E-9	292.100000E-9	1.100000E+0	18.000000E+0	-5.499000E+0	752.522000E+0	NaN	NaN
	24/02/2023 10:07:33	82.118000E+0	1.360000E-9	592.000000E-12	4.996000E-9	284.500000E-9	1.100000E+0	18.000000E+0	-5.387000E+0	950.613000E+0	NaN	NaN
	24/02/2023 10:07:40	82.119000E+0	1.270000E-9	570.000000E-12	4.996000E-9	280.800000E-9	1.100000E+0	18.000000E+0	-5.275000E+0	1.201790E+3	NaN	NaN
	24/02/2023 10:07:47	82.123000E+0	1.200000E-9	560.000000E-12	4.996000E-9	277.800000E-9	1.100000E+0	18.000000E+0	-5.163000E+0	1.490902E+3	NaN	NaN
	24/02/2023 10:07:54	82.123000E+0	1.160000E-9	549.000000E-12	4.996000E-9	275.400000E-9	1.100000E+0	18.000000E+0	-5.050000E+0	1.756894E+3	NaN	NaN
	24/02/2023 10:08:01	82.126000E+0	1.120000E-9	543.000000E-12	4.996000E-9	273.500000E-9	1.100000E+0	19.000000E+0	-5.163000E+0	2.069350E+3	NaN	NaN
	24/02/2023 10:08:08	82.127000E+0	1.100000E-9	537.000000E-12	4.996000E-9	271.500000E-9	1.100000E+0	19.000000E+0	-5.163000E+0	2.404592E+3	NaN	NaN
	24/02/2023 10:08:15	82.127000E+0	1.090000E-9	532.000000E-12	4.996000E-9	270.200000E-9	1.100000E+0	19.000000E+0	-5.163000E+0	2.740841E+3	NaN	NaN
	24/02/2023 10:08:22	82.127000E+0	1.070000E-9	525.000000E-12	4.996000E-9	267.600000E-9	1.100000E+0	19.000000E+0	-5.050000E+0	3.021760E+3	NaN	NaN
	24/02/2023 10:08:28	82.131000E+0	1.050000E-9	522.000000E-12	4.996000E-9	265.700000E-9	1.100000E+0	19.000000E+0	-5.050000E+0	3.363622E+3	NaN	NaN
	24/02/2023 10:08:35	82.131000E+0	1.030000E-9	519.000000E-12	4.996000E-9	264.400000E-9	1.100000E+0	19.000000E+0	-5.163000E+0	4.186962E+3	NaN	NaN
	24/02/2023 10:08:42	82.131000E+0	1.030000E-9	517.000000E-12	4.996000E-9	262.800000E-9	1.100000E+0	19.000000E+0	-5.275000E+0	4.254977E+3	NaN	NaN
	24/02/2023 10:08:49	82.132000E+0	1.020000E-9	512.000000E-12	4.996000E-9	258.700000E-9	1.100000E+0	19.000000E+0	-5.163000E+0	4.261487E+3	NaN	NaN
	24/02/2023 10:08:56	82.135000E+0	1.010000E-9	510.000000E-12	4.996000E-9	255.700000E-9	1.100000E+0	19.000000E+0	-5.163000E+0	4.269231E+3	NaN	NaN
	24/02/2023 10:09:03	82.135000E+0	1.010000E-9	510.000000E-12	4.996000E-9	252.900000E-9	1.100000E+0	65.000000E+0	-5.163000E+0	4.276414E+3	NaN	NaN
	24/02/2023 10:09:10	82.136000E+0	996.000000E-12	507.000000E-12	4.996000E-9	248.400000E-9	1.100000E+0	67.000000E+0	-5.163000E+0	4.275740E+3	NaN	NaN
	24/02/2023 10:09:17	82.139000E+0	990.000000E-12	504.000000E-12	4.996000E-9	245.500000E-9	1.100000E+0	78.000000E+0	-5.050000E+0	4.274843E+3	NaN	NaN
	24/02/2023 10:09:24	82.140000E+0	982.000000E-12	502.000000E-12	4.996000E-9	243.400000E-9	1.100000E+0	88.000000E+0	-5.050000E+0	4.273832E+3	NaN	NaN
	24/02/2023 10:09:31	82.139000E+0	982.000000E-12	502.000000E-12	4.996000E-9	240.200000E-9	1.100000E+0	99.000000E+0	-5.163000E+0	4.273047E+3	NaN	NaN
	24/02/2023 10:09:37	82.139000E+0	976.000000E-12	499.000000E-12	4.996000E-9	237.100000E-9	1.100000E+0	105.000000E+0	-5.050000E+0	4.272149E+3	NaN	NaN
	24/02/2023 10:09:44	82.142000E+0	973.000000E-12	499.000000E-12	4.996000E-9	234.200000E-9	1.100000E+0	123.000000E+0	-5.163000E+0	4.271251E+3	NaN	NaN
	24/02/2023 10:09:51	82.143000E+0	969.000000E-12	496.000000E-12	4.996000E-9	231.700000E-9	1.100000E+0	138.000000E+0	-5.163000E+0	4.270241E+3	NaN	NaN
	24/02/2023 10:09:58	82.143000E+0	962.000000E-12	496.000000E-12	4.996000E-9	228.700000E-9	1.100000E+0	149.000000E+0	-5.275000E+0	4.269455E+3	NaN	NaN
	24/02/2023 10:10:05	82.143000E+0	954.000000E-12	495.000000E-12	4.996000E-9	226.200000E-9	1.100000E+0	158.000000E+0	-5.163000E+0	4.268558E+3	NaN	NaN
	24/02/2023 10:10:12	82.147000E+0	944.000000E-12	492.000000E-12	4.996000E-9	224.100000E-9	1.100000E+0	162.000000E+0	-5.050000E+0	4.267547E+3	NaN	NaN
	24/02/2023 10:10:19	82.147000E+0	941.000000E-12	491.000000E-12	4.996000E-9	222.700000E-9	1.100000E+0	172.000000E+0	-4.938000E+0	4.266313E+3	NaN	NaN
	24/02/2023 10:10:26	82.147000E+0	935.000000E-12	492.000000E-12	4.996000E-9	221.100000E-9	1.100000E+0	180.000000E+0	-5.163000E+0	4.265303E+3	NaN	NaN
	24/02/2023 10:10:33	82.147000E+0	934.000000E-12	490.000000E-12	4.996000E-9	219.700000E-9	1.100000E+0	190.000000E+0	-5.050000E+0	4.264068E+3	NaN	NaN
	24/02/2023 10:10:40	82.151000E+0	930.000000E-12	489.000000E-12	4.996000E-9	218.700000E-9	1.100000E+0	194.000000E+0	-5.163000E+0	4.263058E+3	NaN	NaN
	24/02/2023 10:10:47	82.151000E+0	929.000000E-12	489.000000E-12	4.996000E-9	217.400000E-9	1.100000E+0	200.000000E+0	-5.050000E+0	4.261599E+3	NaN	NaN
	24/02/2023 10:10:54	82.151000E+0	933.000000E-12	486.000000E-12	4.996000E-9	217.400000E-9	1.100000E+0	203.000000E+0	-4.938000E+0	4.260589E+3	NaN	NaN
	24/02/2023 10:11:00	82.151000E+0	926.000000E-12	485.000000E-12	4.996000E-9	217.200000E-9	1.100000E+0	205.000000E+0	-5.163000E+0	4.259018E+3	NaN	NaN
	24/02/2023 10:11:07	82.155000E+0	923.000000E-12	483.000000E-12	4.996000E-9	216.900000E-9	1.100000E+0	207.000000E+0	-5.163000E+0	4.256998E+3	NaN	NaN
	24/02/2023 10:11:14	82.155000E+0	921.000000E-12	485.000000E-12	4.996000E-9	216.700000E-9	1.100000E+0	210.000000E+0	-5.163000E+0	4.254416E+3	NaN	NaN
	24/02/2023 10:11:21	82.155000E+0	919.000000E-12	483.000000E-12	4.996000E-9	215.100000E-9	1.100000E+0	212.000000E+0	-5.163000E+0	4.251161E+3	NaN	NaN
	24/02/2023 10:11:28	82.155000E+0	917.000000E-12	483.000000E-12	4.996000E-9	214.800000E-9	1.100000E+0	215.000000E+0	-5.163000E+0	4.245999E+3	NaN	NaN
	24/02/2023 10:11:35	82.159000E+0	913.000000E-12	481.000000E-12	4.996000E-9	214.800000E-9	1.100000E+0	218.000000E+0	-5.163000E+0	4.238928E+3	NaN	NaN
	24/02/2023 10:11:42	82.159000E+0	911.000000E-12	482.000000E-12	4.996000E-9	214.300000E-9	1.100000E+0	220.000000E+0	-5.163000E+0	4.232531E+3	NaN	NaN
	24/02/2023 10:11:49	82.159000E+0	908.000000E-12	480.000000E-12	4.996000E-9	213.300000E-9	1.100000E+0	221.000000E+0	-5.050000E+0	4.227031E+3	NaN	NaN
	24/02/2023 10:11:56	82.163000E+0	905.000000E-12	480.000000E-12	4.996000E-9	213.000000E-9	1.100000E+0	223.000000E+0	-5.163000E+0	4.222318E+3	NaN	NaN
	24/02/2023 10:12:03	82.163000E+0	905.000000E-12	478.000000E-12	4.996000E-9	212.800000E-9	1.100000E+0	224.000000E+0	-5.163000E+0	4.219175E+3	NaN	NaN
	24/02/2023 10:12:09	82.163000E+0	901.000000E-12	477.000000E-12	4.996000E-9	212.500000E-9	1.100000E+0	225.000000E+0	-5.163000E+0	4.216594E+3	NaN	NaN
	24/02/2023 10:12:16	82.163000E+0	902.000000E-12	479.000000E-12	4.996000E-9	212.300000E-9	1.100000E+0	226.000000E+0	-4.826000E+0	4.214237E+3	NaN	NaN
	24/02/2023 10:12:23	82.163000E+0	899.000000E-12	476.000000E-12	4.996000E-9	212.300000E-9	1.100000E+0	228.000000E+0	-5.050000E+0	4.212890E+3	NaN	NaN
	24/02/2023 10:12:30	82.163000E+0	891.000000E-12	476.000000E-12	4.996000E-9	212.300000E-9	1.100000E+0	229.000000E+0	-4.938000E+0	4.211543E+3	NaN	NaN
	24/02/2023 10:12:37	82.163000E+0	891.000000E-12	476.000000E-12	4.996000E-9	212.000000E-9	1.100000E+0	231.000000E+0	-5.163000E+0	4.210870E+3	NaN	NaN
	24/02/2023 10:12:44	82.167000E+0	890.000000E-12	477.000000E-12	4.996000E-9	211.800000E-9	1.100000E+0	232.000000E+0	-5.163000E+0	4.210309E+3	NaN	NaN
	24/02/2023 10:12:51	82.167000E+0	887.000000E-12	475.000000E-12	4.996000E-9	211.800000E-9	1.100000E+0	233.000000E+0	-5.163000E+0	4.209972E+3	NaN	NaN
	24/02/2023 10:12:58	82.168000E+0	888.000000E-12	474.000000E-12	4.996000E-9	211.500000E-9	1.100000E+0	235.000000E+0	-4.938000E+0	4.209635E+3	NaN	NaN
	24/02/2023 10:13:05	82.167000E+0	886.000000E-12	473.000000E-12	4.996000E-9	211.200000E-9	1.100000E+0	235.000000E+0	-5.050000E+0	4.209635E+3	NaN	NaN
	24/02/2023 10:13:12	82.171000E+0	887.000000E-12	474.000000E-12	4.996000E-9	211.200000E-9	1.100000E+0	236.000000E+0	-5.050000E+0	4.209299E+3	NaN	NaN
	24/02/2023 10:13:18	82.171000E+0	879.000000E-12	472.000000E-12	4.996000E-9	211.000000E-9	1.100000E+0	238.000000E+0	-5.050000E+0	4.209860E+3	NaN	NaN
	24/02/2023 10:13:25	82.171000E+0	878.000000E-12	472.000000E-12	4.996000E-9	211.000000E-9	1.100000E+0	239.000000E+0	-5.050000E+0	4.209748E+3	NaN	NaN
	24/02/2023 10:13:32	82.171000E+0	878.000000E-12	472.000000E-12	4.996000E-9	211.000000E-9	1.100000E+0	240.000000E+0	-5.275000E+0	4.209860E+3	NaN	NaN
	24/02/2023 10:13:39	82.175000E+0	877.000000E-12	473.000000E-12	4.996000E-9	211.000000E-9	1.100000E+0	241.000000E+0	-5.163000E+0	4.209972E+3	NaN	NaN
	24/02/2023 10:13:46	82.175000E+0	877.000000E-12	471.000000E-12	4.996000E-9	211.000000E-9	1.100000E+0	242.000000E+0	-5.050000E+0	4.209972E+3	NaN	NaN
	24/02/2023 10:13:53	82.179000E+0	869.000000E-12	470.000000E-12	4.996000E-9	210.700000E-9	1.100000E+0	243.000000E+0	-5.163000E+0	4.210309E+3	NaN	NaN
	24/02/2023 10:14:00	82.179000E+0	863.000000E-12	470.000000E-12	4.996000E-9	210.700000E-9	1.100000E+0	244.000000E+0	-4.938000E+0	4.210645E+3	NaN	NaN
	24/02/2023 10:14:07	82.179000E+0	869.000000E-12	468.000000E-12	4.996000E-9	210.700000E-9	1.100000E+0	244.000000E+0	-5.275000E+0	4.210645E+3	NaN	NaN
	24/02/2023 10:14:14	82.179000E+0	872.000000E-12	470.000000E-12	4.996000E-9	211.000000E-9	1.100000E+0	246.000000E+0	-4.826000E+0	4.210982E+3	NaN	NaN
	24/02/2023 10:14:21	82.183000E+0	869.000000E-12	467.000000E-12	4.996000E-9	210.700000E-9	1.100000E+0	247.000000E+0	-5.163000E+0	4.211319E+3	NaN	NaN
	24/02/2023 10:14:27	82.184000E+0	865.000000E-12	468.000000E-12	4.996000E-9	210.700000E-9	1.100000E+0	248.000000E+0	-5.163000E+0	4.211431E+3	NaN	NaN
	24/02/2023 10:14:34	82.183000E+0	865.000000E-12	467.000000E-12	4.996000E-9	210.700000E-9	1.100000E+0	248.000000E+0	-5.163000E+0	4.211768E+3	NaN	NaN
	24/02/2023 10:14:41	82.187000E+0	863.000000E-12	468.000000E-12	4.996000E-9	210.700000E-9	1.100000E+0	250.000000E+0	-5.163000E+0	4.211992E+3	NaN	NaN
	24/02/2023 10:14:48	82.187000E+0	860.000000E-12	467.000000E-12	4.996000E-9	211.000000E-9	1.100000E+0	251.000000E+0	-4.938000E+0	4.212441E+3	NaN	NaN
	24/02/2023 10:14:55	82.188000E+0	862.000000E-12	465.000000E-12	4.996000E-9	210.700000E-9	1.100000E+0	251.000000E+0	-5.050000E+0	4.212778E+3	NaN	NaN
	24/02/2023 10:15:02	82.191000E+0	857.000000E-12	466.000000E-12	4.996000E-9	211.000000E-9	1.100000E+0	253.000000E+0	-4.938000E+0	4.213002E+3	NaN	NaN
	24/02/2023 10:15:09	82.191000E+0	851.000000E-12	466.000000E-12	4.996000E-9	211.000000E-9	1.100000E+0	254.000000E+0	-5.163000E+0	4.213339E+3	NaN	NaN
	24/02/2023 10:15:16	82.191000E+0	849.000000E-12	465.000000E-12	4.996000E-9	211.000000E-9	1.100000E+0	255.000000E+0	-5.050000E+0	4.213788E+3	NaN	NaN
	24/02/2023 10:15:23	82.199000E+0	847.000000E-12	463.000000E-12	4.996000E-9	211.000000E-9	1.100000E+0	256.000000E+0	-5.163000E+0	4.213900E+3	NaN	NaN
	24/02/2023 10:15:30	82.199000E+0	845.000000E-12	465.000000E-12	4.996000E-9	211.200000E-9	1.100000E+0	257.000000E+0	-5.050000E+0	4.214461E+3	NaN	NaN
	24/02/2023 10:15:37	82.200000E+0	852.000000E-12	464.000000E-12	4.996000E-9	211.200000E-9	1.100000E+0	258.000000E+0	-5.050000E+0	4.214910E+3	NaN	NaN
	24/02/2023 10:15:43	82.200000E+0	852.000000E-12	462.000000E-12	4.996000E-9	211.200000E-9	1.100000E+0	259.000000E+0	-5.163000E+0	4.215135E+3	NaN	NaN
	24/02/2023 10:15:50	82.203000E+0	849.000000E-12	461.000000E-12	4.996000E-9	211.200000E-9	1.100000E+0	260.000000E+0	-5.275000E+0	4.215359E+3	NaN	NaN
	24/02/2023 10:15:57	82.203000E+0	846.000000E-12	462.000000E-12	4.996000E-9	211.500000E-9	1.100000E+0	261.000000E+0	-5.275000E+0	4.215920E+3	NaN	NaN
	24/02/2023 10:16:04	82.203000E+0	839.000000E-12	463.000000E-12	4.996000E-9	211.500000E-9	1.100000E+0	262.000000E+0	-5.050000E+0	4.216033E+3	NaN	NaN
	24/02/2023 10:16:11	82.203000E+0	842.000000E-12	461.000000E-12	4.996000E-9	211.500000E-9	1.100000E+0	262.000000E+0	-5.163000E+0	4.216481E+3	NaN	NaN
	24/02/2023 10:16:18	82.206000E+0	848.000000E-12	459.000000E-12	4.996000E-9	211.800000E-9	1.100000E+0	264.000000E+0	-5.050000E+0	4.216706E+3	NaN	NaN
	24/02/2023 10:16:25	82.207000E+0	847.000000E-12	461.000000E-12	4.996000E-9	211.800000E-9	1.100000E+0	265.000000E+0	-5.050000E+0	4.216930E+3	NaN	NaN
	24/02/2023 10:16:32	82.207000E+0	842.000000E-12	459.000000E-12	4.996000E-9	212.000000E-9	1.100000E+0	267.000000E+0	-5.050000E+0	4.217267E+3	NaN	NaN
	24/02/2023 10:16:39	82.207000E+0	839.000000E-12	459.000000E-12	4.996000E-9	212.000000E-9	1.100000E+0	269.000000E+0	-4.938000E+0	4.217492E+3	NaN	NaN
	24/02/2023 10:16:46	82.211000E+0	839.000000E-12	459.000000E-12	4.996000E-9	212.300000E-9	1.100000E+0	270.000000E+0	-5.163000E+0	4.217828E+3	NaN	NaN
	24/02/2023 10:16:53	82.211000E+0	840.000000E-12	461.000000E-12	4.996000E-9	212.500000E-9	1.100000E+0	270.000000E+0	-5.050000E+0	4.218053E+3	NaN	NaN
	24/02/2023 10:17:00	82.212000E+0	841.000000E-12	460.000000E-12	4.996000E-9	212.500000E-9	1.100000E+0	272.000000E+0	-5.163000E+0	4.218389E+3	NaN	NaN
	24/02/2023 10:17:07	82.216000E+0	829.000000E-12	458.000000E-12	4.996000E-9	212.800000E-9	1.100000E+0	273.000000E+0	-5.163000E+0	4.218726E+3	NaN	NaN
	24/02/2023 10:17:14	82.215000E+0	832.000000E-12	457.000000E-12	4.996000E-9	212.500000E-9	1.100000E+0	273.000000E+0	-5.163000E+0	4.218726E+3	NaN	NaN
	24/02/2023 10:17:21	82.215000E+0	833.000000E-12	457.000000E-12	4.996000E-9	212.800000E-9	1.100000E+0	274.000000E+0	-4.938000E+0	4.219287E+3	NaN	NaN
	24/02/2023 10:17:27	82.220000E+0	835.000000E-12	456.000000E-12	4.996000E-9	213.000000E-9	1.100000E+0	276.000000E+0	-5.050000E+0	4.219287E+3	NaN	NaN
	24/02/2023 10:17:34	82.219000E+0	831.000000E-12	457.000000E-12	4.996000E-9	213.000000E-9	1.100000E+0	276.000000E+0	-5.050000E+0	4.219624E+3	NaN	NaN
	24/02/2023 10:17:41	82.219000E+0	833.000000E-12	456.000000E-12	4.996000E-9	213.300000E-9	1.100000E+0	277.000000E+0	-5.050000E+0	4.219848E+3	NaN	NaN
	24/02/2023 10:17:48	82.223000E+0	830.000000E-12	455.000000E-12	4.996000E-9	213.300000E-9	1.100000E+0	278.000000E+0	-5.050000E+0	4.220297E+3	NaN	NaN
	24/02/2023 10:17:55	82.223000E+0	828.000000E-12	457.000000E-12	4.996000E-9	214.100000E-9	1.100000E+0	279.000000E+0	-5.163000E+0	4.220746E+3	NaN	NaN
	24/02/2023 10:18:02	82.223000E+0	827.000000E-12	456.000000E-12	4.996000E-9	213.800000E-9	1.100000E+0	281.000000E+0	-5.163000E+0	4.220971E+3	NaN	NaN
	24/02/2023 10:18:09	82.224000E+0	828.000000E-12	454.000000E-12	4.996000E-9	214.100000E-9	1.100000E+0	281.000000E+0	-4.938000E+0	4.221308E+3	NaN	NaN
	24/02/2023 10:18:16	82.227000E+0	829.000000E-12	455.000000E-12	4.996000E-9	214.100000E-9	1.100000E+0	283.000000E+0	-5.050000E+0	4.221532E+3	NaN	NaN
	24/02/2023 10:18:23	82.227000E+0	825.000000E-12	455.000000E-12	4.996000E-9	214.300000E-9	1.100000E+0	283.000000E+0	-5.050000E+0	4.221756E+3	NaN	NaN
	24/02/2023 10:18:30	82.227000E+0	819.000000E-12	455.000000E-12	4.996000E-9	214.300000E-9	1.100000E+0	284.000000E+0	-5.163000E+0	4.222205E+3	NaN	NaN
	24/02/2023 10:18:37	82.226000E+0	819.000000E-12	454.000000E-12	4.996000E-9	214.600000E-9	1.100000E+0	284.000000E+0	-5.050000E+0	4.222430E+3	NaN	NaN
	24/02/2023 10:18:44	82.231000E+0	824.000000E-12	453.000000E-12	4.996000E-9	214.600000E-9	1.100000E+0	286.000000E+0	-5.163000E+0	4.222767E+3	NaN	NaN
	24/02/2023 10:18:51	82.231000E+0	820.000000E-12	454.000000E-12	4.996000E-9	214.600000E-9	1.100000E+0	286.000000E+0	-5.050000E+0	4.222991E+3	NaN	NaN
	24/02/2023 10:18:58	82.236000E+0	821.000000E-12	454.000000E-12	4.996000E-9	214.800000E-9	1.100000E+0	288.000000E+0	-5.163000E+0	4.223103E+3	NaN	NaN
	24/02/2023 10:19:04	82.235000E+0	822.000000E-12	453.000000E-12	4.996000E-9	214.800000E-9	1.100000E+0	288.000000E+0	-5.163000E+0	4.223552E+3	NaN	NaN
	24/02/2023 10:19:11	82.236000E+0	821.000000E-12	452.000000E-12	4.996000E-9	214.800000E-9	1.100000E+0	289.000000E+0	-5.050000E+0	4.223777E+3	NaN	NaN
	24/02/2023 10:19:18	82.239000E+0	819.000000E-12	453.000000E-12	4.996000E-9	214.800000E-9	1.100000E+0	291.000000E+0	-5.163000E+0	4.224113E+3	NaN	NaN
	24/02/2023 10:19:25	82.240000E+0	819.000000E-12	452.000000E-12	4.996000E-9	214.800000E-9	1.100000E+0	291.000000E+0	-5.163000E+0	4.224338E+3	NaN	NaN
	24/02/2023 10:19:32	82.242000E+0	818.000000E-12	451.000000E-12	4.996000E-9	214.800000E-9	1.100000E+0	293.000000E+0	-5.163000E+0	4.224562E+3	NaN	NaN
	24/02/2023 10:19:39	82.244000E+0	818.000000E-12	452.000000E-12	4.996000E-9	215.100000E-9	1.100000E+0	293.000000E+0	-5.050000E+0	4.224674E+3	NaN	NaN
	24/02/2023 10:19:46	82.244000E+0	819.000000E-12	451.000000E-12	4.996000E-9	215.100000E-9	1.100000E+0	293.000000E+0	-5.050000E+0	4.224899E+3	NaN	NaN
	24/02/2023 10:19:53	82.244000E+0	817.000000E-12	452.000000E-12	4.996000E-9	216.100000E-9	1.100000E+0	295.000000E+0	-5.163000E+0	4.225011E+3	NaN	NaN
	24/02/2023 10:20:00	82.243000E+0	814.000000E-12	451.000000E-12	4.996000E-9	216.900000E-9	1.100000E+0	296.000000E+0	-5.050000E+0	4.225236E+3	NaN	NaN
	24/02/2023 10:20:07	82.244000E+0	816.000000E-12	450.000000E-12	4.996000E-9	216.900000E-9	1.100000E+0	297.000000E+0	-5.163000E+0	4.225460E+3	NaN	NaN
	24/02/2023 10:20:14	82.247000E+0	813.000000E-12	450.000000E-12	4.996000E-9	216.900000E-9	1.100000E+0	297.000000E+0	-5.050000E+0	4.225685E+3	NaN	NaN
	24/02/2023 10:20:21	82.248000E+0	811.000000E-12	451.000000E-12	4.996000E-9	216.900000E-9	1.100000E+0	298.000000E+0	-5.050000E+0	4.225797E+3	NaN	NaN
	24/02/2023 10:20:27	82.248000E+0	804.000000E-12	450.000000E-12	4.996000E-9	216.900000E-9	1.100000E+0	299.000000E+0	-5.163000E+0	4.226021E+3	NaN	NaN
	24/02/2023 10:20:35	82.248000E+0	805.000000E-12	450.000000E-12	4.996000E-9	216.900000E-9	1.100000E+0	301.000000E+0	-5.163000E+0	4.226246E+3	NaN	NaN
	24/02/2023 10:20:41	82.251000E+0	806.000000E-12	450.000000E-12	4.996000E-9	217.200000E-9	1.100000E+0	302.000000E+0	-5.050000E+0	4.226470E+3	NaN	NaN
	24/02/2023 10:20:48	82.252000E+0	809.000000E-12	449.000000E-12	4.996000E-9	217.200000E-9	1.100000E+0	302.000000E+0	-5.050000E+0	4.226358E+3	NaN	NaN
	24/02/2023 10:20:55	82.251000E+0	804.000000E-12	448.000000E-12	4.996000E-9	217.200000E-9	1.100000E+0	303.000000E+0	-5.050000E+0	4.226695E+3	NaN	NaN
	24/02/2023 10:21:02	82.252000E+0	808.000000E-12	447.000000E-12	4.996000E-9	217.400000E-9	1.100000E+0	304.000000E+0	-5.050000E+0	4.226919E+3	NaN	NaN
	24/02/2023 10:21:09	82.255000E+0	806.000000E-12	449.000000E-12	4.996000E-9	217.400000E-9	1.100000E+0	305.000000E+0	-5.163000E+0	4.227031E+3	NaN	NaN
	24/02/2023 10:21:16	82.256000E+0	808.000000E-12	448.000000E-12	4.996000E-9	217.400000E-9	1.100000E+0	306.000000E+0	-5.163000E+0	4.227031E+3	NaN	NaN
	24/02/2023 10:21:23	82.255000E+0	799.000000E-12	449.000000E-12	4.996000E-9	218.200000E-9	1.100000E+0	307.000000E+0	-4.938000E+0	4.227256E+3	NaN	NaN
	24/02/2023 10:21:30	82.259000E+0	800.000000E-12	448.000000E-12	4.996000E-9	218.200000E-9	1.100000E+0	308.000000E+0	-5.163000E+0	4.227256E+3	NaN	NaN
	24/02/2023 10:21:37	82.259000E+0	803.000000E-12	447.000000E-12	4.996000E-9	218.200000E-9	1.100000E+0	308.000000E+0	-5.163000E+0	4.227368E+3	NaN	NaN
	24/02/2023 10:21:44	82.260000E+0	799.000000E-12	445.000000E-12	4.996000E-9	218.500000E-9	1.100000E+0	309.000000E+0	-5.050000E+0	4.227817E+3	NaN	NaN
	24/02/2023 10:21:50	82.260000E+0	804.000000E-12	448.000000E-12	4.996000E-9	218.700000E-9	1.100000E+0	310.000000E+0	-5.050000E+0	4.227705E+3	NaN	NaN
	24/02/2023 10:21:57	82.260000E+0	802.000000E-12	447.000000E-12	4.996000E-9	218.700000E-9	1.100000E+0	311.000000E+0	-5.050000E+0	4.228041E+3	NaN	NaN
	24/02/2023 10:22:04	82.263000E+0	798.000000E-12	447.000000E-12	4.996000E-9	218.700000E-9	1.100000E+0	313.000000E+0	-5.050000E+0	4.228041E+3	NaN	NaN
	24/02/2023 10:22:11	82.264000E+0	791.000000E-12	446.000000E-12	4.996000E-9	219.000000E-9	1.100000E+0	314.000000E+0	-5.050000E+0	4.228041E+3	NaN	NaN
	24/02/2023 10:22:18	82.264000E+0	800.000000E-12	447.000000E-12	4.996000E-9	219.200000E-9	1.100000E+0	316.000000E+0	-4.826000E+0	4.228154E+3	NaN	NaN
	24/02/2023 10:22:25	82.268000E+0	797.000000E-12	447.000000E-12	4.996000E-9	219.200000E-9	1.100000E+0	317.000000E+0	-5.050000E+0	4.228266E+3	NaN	NaN
	24/02/2023 10:22:32	82.268000E+0	799.000000E-12	445.000000E-12	4.996000E-9	219.200000E-9	1.100000E+0	318.000000E+0	-4.938000E+0	4.228041E+3	NaN	NaN
	24/02/2023 10:22:39	82.268000E+0	799.000000E-12	445.000000E-12	4.996000E-9	219.200000E-9	1.100000E+0	319.000000E+0	-5.050000E+0	4.227929E+3	NaN	NaN
	24/02/2023 10:22:46	82.271000E+0	800.000000E-12	446.000000E-12	4.996000E-9	219.200000E-9	1.100000E+0	320.000000E+0	-5.163000E+0	4.228266E+3	NaN	NaN
	24/02/2023 10:22:52	82.272000E+0	790.000000E-12	446.000000E-12	4.996000E-9	219.500000E-9	1.100000E+0	321.000000E+0	-5.050000E+0	4.228154E+3	NaN	NaN
	24/02/2023 10:22:59	82.272000E+0	792.000000E-12	446.000000E-12	4.996000E-9	219.500000E-9	1.100000E+0	322.000000E+0	-5.163000E+0	4.228378E+3	NaN	NaN
	24/02/2023 10:23:06	82.272000E+0	796.000000E-12	446.000000E-12	4.996000E-9	219.500000E-9	1.100000E+0	321.000000E+0	-5.163000E+0	4.228603E+3	NaN	NaN
	24/02/2023 10:23:13	82.276000E+0	794.000000E-12	446.000000E-12	4.996000E-9	219.700000E-9	1.100000E+0	323.000000E+0	-5.163000E+0	4.228603E+3	NaN	NaN
	24/02/2023 10:23:20	82.276000E+0	794.000000E-12	446.000000E-12	4.996000E-9	219.700000E-9	1.100000E+0	324.000000E+0	-5.163000E+0	4.228715E+3	NaN	NaN
	24/02/2023 10:23:27	82.275000E+0	792.000000E-12	446.000000E-12	4.996000E-9	219.700000E-9	1.100000E+0	327.000000E+0	-5.275000E+0	4.228715E+3	NaN	NaN
	24/02/2023 10:23:34	82.279000E+0	787.000000E-12	443.000000E-12	4.996000E-9	220.000000E-9	1.100000E+0	327.000000E+0	-5.050000E+0	4.228939E+3	NaN	NaN
	24/02/2023 10:23:41	82.280000E+0	791.000000E-12	444.000000E-12	4.996000E-9	220.300000E-9	1.100000E+0	328.000000E+0	-5.050000E+0	4.229052E+3	NaN	NaN
	24/02/2023 10:23:48	82.279000E+0	794.000000E-12	445.000000E-12	4.996000E-9	220.300000E-9	1.100000E+0	329.000000E+0	-4.938000E+0	4.229388E+3	NaN	NaN
	24/02/2023 10:23:54	82.280000E+0	788.000000E-12	445.000000E-12	4.996000E-9	220.500000E-9	1.100000E+0	329.000000E+0	-5.050000E+0	4.229501E+3	NaN	NaN
	24/02/2023 10:24:01	82.280000E+0	790.000000E-12	443.000000E-12	4.996000E-9	220.300000E-9	1.100000E+0	330.000000E+0	-5.163000E+0	4.229613E+3	NaN	NaN
	24/02/2023 10:24:08	82.280000E+0	787.000000E-12	442.000000E-12	4.996000E-9	220.500000E-9	1.100000E+0	331.000000E+0	-4.938000E+0	4.229613E+3	NaN	NaN
	24/02/2023 10:24:15	82.284000E+0	791.000000E-12	444.000000E-12	4.996000E-9	220.500000E-9	1.100000E+0	332.000000E+0	-5.050000E+0	4.229837E+3	NaN	NaN
	24/02/2023 10:24:22	82.284000E+0	788.000000E-12	445.000000E-12	4.996000E-9	220.800000E-9	1.100000E+0	333.000000E+0	-5.050000E+0	4.229949E+3	NaN	NaN
	24/02/2023 10:24:29	82.284000E+0	785.000000E-12	442.000000E-12	4.996000E-9	220.800000E-9	1.100000E+0	334.000000E+0	-4.938000E+0	4.230062E+3	NaN	NaN
	24/02/2023 10:24:36	82.284000E+0	778.000000E-12	442.000000E-12	4.996000E-9	220.800000E-9	1.100000E+0	335.000000E+0	-5.275000E+0	4.230286E+3	NaN	NaN
	24/02/2023 10:24:43	82.284000E+0	784.000000E-12	442.000000E-12	4.996000E-9	221.100000E-9	1.100000E+0	335.000000E+0	-5.275000E+0	4.230286E+3	NaN	NaN
	24/02/2023 10:24:50	82.283000E+0	785.000000E-12	443.000000E-12	4.996000E-9	221.100000E-9	1.100000E+0	337.000000E+0	-5.050000E+0	4.230286E+3	NaN	NaN
	24/02/2023 10:24:57	82.283000E+0	783.000000E-12	442.000000E-12	4.996000E-9	221.100000E-9	1.100000E+0	337.000000E+0	-4.938000E+0	4.230511E+3	NaN	NaN
	24/02/2023 10:25:03	82.283000E+0	785.000000E-12	443.000000E-12	4.996000E-9	221.400000E-9	1.100000E+0	338.000000E+0	-5.163000E+0	4.230511E+3	NaN	NaN
	24/02/2023 10:25:10	82.287000E+0	788.000000E-12	442.000000E-12	4.996000E-9	221.600000E-9	1.100000E+0	339.000000E+0	-5.050000E+0	4.230735E+3	NaN	NaN
	24/02/2023 10:25:17	82.287000E+0	779.000000E-12	439.000000E-12	4.996000E-9	221.600000E-9	1.100000E+0	340.000000E+0	-5.163000E+0	4.230623E+3	NaN	NaN
	24/02/2023 10:25:24	82.288000E+0	776.000000E-12	440.000000E-12	4.996000E-9	221.900000E-9	1.100000E+0	341.000000E+0	-5.275000E+0	4.230847E+3	NaN	NaN
	24/02/2023 10:25:31	82.288000E+0	780.000000E-12	442.000000E-12	4.996000E-9	221.900000E-9	1.100000E+0	341.000000E+0	-5.163000E+0	4.230960E+3	NaN	NaN
	24/02/2023 10:25:38	82.291000E+0	783.000000E-12	441.000000E-12	4.996000E-9	222.200000E-9	1.100000E+0	343.000000E+0	-5.050000E+0	4.230960E+3	NaN	NaN
	24/02/2023 10:25:45	82.292000E+0	779.000000E-12	442.000000E-12	4.996000E-9	222.700000E-9	1.100000E+0	344.000000E+0	-5.163000E+0	4.231296E+3	NaN	NaN
	24/02/2023 10:25:52	82.292000E+0	779.000000E-12	442.000000E-12	4.996000E-9	222.700000E-9	1.100000E+0	345.000000E+0	-5.275000E+0	4.231296E+3	NaN	NaN
	24/02/2023 10:25:59	82.292000E+0	781.000000E-12	441.000000E-12	4.996000E-9	223.000000E-9	1.100000E+0	346.000000E+0	-5.163000E+0	4.231296E+3	NaN	NaN
	24/02/2023 10:26:06	82.292000E+0	784.000000E-12	441.000000E-12	4.996000E-9	223.000000E-9	1.100000E+0	346.000000E+0	-5.163000E+0	4.231184E+3	NaN	NaN
	24/02/2023 10:26:12	82.296000E+0	777.000000E-12	441.000000E-12	4.996000E-9	223.000000E-9	1.100000E+0	347.000000E+0	-5.163000E+0	4.231408E+3	NaN	NaN
	24/02/2023 10:26:19	82.295000E+0	773.000000E-12	440.000000E-12	4.996000E-9	223.300000E-9	1.100000E+0	348.000000E+0	-5.163000E+0	4.231408E+3	NaN	NaN
	24/02/2023 10:26:26	82.296000E+0	773.000000E-12	440.000000E-12	4.996000E-9	223.300000E-9	1.100000E+0	349.000000E+0	-5.050000E+0	4.231521E+3	NaN	NaN
	24/02/2023 10:26:33	82.296000E+0	778.000000E-12	439.000000E-12	4.996000E-9	223.500000E-9	1.100000E+0	349.000000E+0	-5.163000E+0	4.231633E+3	NaN	NaN
	24/02/2023 10:26:40	82.303000E+0	777.000000E-12	440.000000E-12	4.996000E-9	223.500000E-9	1.100000E+0	350.000000E+0	-5.050000E+0	4.231745E+3	NaN	NaN
	24/02/2023 10:26:47	82.303000E+0	774.000000E-12	440.000000E-12	4.996000E-9	223.500000E-9	1.100000E+0	352.000000E+0	-5.163000E+0	4.231745E+3	NaN	NaN
	24/02/2023 10:26:54	82.303000E+0	776.000000E-12	439.000000E-12	4.996000E-9	223.500000E-9	1.100000E+0	353.000000E+0	-5.163000E+0	4.231745E+3	NaN	NaN
	24/02/2023 10:27:01	82.303000E+0	778.000000E-12	440.000000E-12	4.996000E-9	225.100000E-9	1.100000E+0	353.000000E+0	-5.050000E+0	4.231970E+3	NaN	NaN
	24/02/2023 10:27:08	82.304000E+0	779.000000E-12	440.000000E-12	4.996000E-9	225.100000E-9	1.100000E+0	354.000000E+0	-5.163000E+0	4.232082E+3	NaN	NaN
	24/02/2023 10:27:15	82.304000E+0	772.000000E-12	440.000000E-12	4.996000E-9	225.400000E-9	1.100000E+0	355.000000E+0	-5.050000E+0	4.232194E+3	NaN	NaN
	24/02/2023 10:27:21	82.304000E+0	769.000000E-12	439.000000E-12	4.996000E-9	225.400000E-9	1.100000E+0	355.000000E+0	-4.938000E+0	4.232194E+3	NaN	NaN
	24/02/2023 10:27:28	82.307000E+0	767.000000E-12	438.000000E-12	4.996000E-9	225.400000E-9	1.100000E+0	356.000000E+0	-5.163000E+0	4.232306E+3	NaN	NaN
	24/02/2023 10:27:35	82.307000E+0	773.000000E-12	438.000000E-12	4.996000E-9	225.700000E-9	1.100000E+0	357.000000E+0	-5.163000E+0	4.232306E+3	NaN	NaN
	24/02/2023 10:27:42	82.308000E+0	773.000000E-12	437.000000E-12	4.996000E-9	225.700000E-9	1.100000E+0	358.000000E+0	-5.050000E+0	4.232531E+3	NaN	NaN
	24/02/2023 10:27:49	82.308000E+0	773.000000E-12	436.000000E-12	4.996000E-9	225.700000E-9	1.100000E+0	359.000000E+0	-5.050000E+0	4.232643E+3	NaN	NaN
	24/02/2023 10:27:56	82.311000E+0	775.000000E-12	437.000000E-12	4.996000E-9	225.700000E-9	1.100000E+0	360.000000E+0	-5.163000E+0	4.232867E+3	NaN	NaN
	24/02/2023 10:28:03	82.312000E+0	770.000000E-12	437.000000E-12	4.996000E-9	226.000000E-9	1.100000E+0	360.000000E+0	-5.275000E+0	4.232867E+3	NaN	NaN
	24/02/2023 10:28:10	82.312000E+0	765.000000E-12	438.000000E-12	4.996000E-9	226.000000E-9	1.100000E+0	361.000000E+0	-5.050000E+0	4.232867E+3	NaN	NaN
	24/02/2023 10:28:17	82.312000E+0	770.000000E-12	438.000000E-12	4.996000E-9	226.200000E-9	1.100000E+0	362.000000E+0	-5.163000E+0	4.232980E+3	NaN	NaN
	24/02/2023 10:28:24	82.313000E+0	770.000000E-12	438.000000E-12	4.996000E-9	226.500000E-9	1.100000E+0	366.000000E+0	-5.163000E+0	4.233092E+3	NaN	NaN
	24/02/2023 10:28:30	82.316000E+0	770.000000E-12	437.000000E-12	4.996000E-9	227.000000E-9	1.100000E+0	367.000000E+0	-5.163000E+0	4.233316E+3	NaN	NaN
	24/02/2023 10:28:37	82.315000E+0	769.000000E-12	438.000000E-12	4.996000E-9	227.000000E-9	1.100000E+0	368.000000E+0	-5.163000E+0	4.233204E+3	NaN	NaN
	24/02/2023 10:28:44	82.316000E+0	771.000000E-12	437.000000E-12	4.996000E-9	227.000000E-9	1.100000E+0	369.000000E+0	-5.050000E+0	4.233429E+3	NaN	NaN
	24/02/2023 10:28:51	82.316000E+0	766.000000E-12	438.000000E-12	4.996000E-9	227.300000E-9	1.100000E+0	369.000000E+0	-4.938000E+0	4.233653E+3	NaN	NaN
	24/02/2023 10:28:58	82.315000E+0	765.000000E-12	437.000000E-12	4.996000E-9	227.300000E-9	1.100000E+0	370.000000E+0	-5.050000E+0	4.233653E+3	NaN	NaN
	24/02/2023 10:29:05	82.316000E+0	770.000000E-12	439.000000E-12	4.996000E-9	227.300000E-9	1.100000E+0	371.000000E+0	-5.163000E+0	4.233878E+3	NaN	NaN
	24/02/2023 10:29:12	82.319000E+0	766.000000E-12	436.000000E-12	4.996000E-9	227.800000E-9	1.100000E+0	372.000000E+0	-5.163000E+0	4.233878E+3	NaN	NaN
	24/02/2023 10:29:19	82.320000E+0	769.000000E-12	436.000000E-12	4.996000E-9	227.800000E-9	1.100000E+0	373.000000E+0	-5.050000E+0	4.233878E+3	NaN	NaN
	24/02/2023 10:29:26	82.320000E+0	768.000000E-12	436.000000E-12	4.996000E-9	227.800000E-9	1.100000E+0	374.000000E+0	-4.938000E+0	4.233878E+3	NaN	NaN
	24/02/2023 10:29:33	82.323000E+0	771.000000E-12	438.000000E-12	4.996000E-9	227.800000E-9	1.100000E+0	374.000000E+0	-5.163000E+0	4.234102E+3	NaN	NaN
	24/02/2023 10:29:39	82.324000E+0	766.000000E-12	438.000000E-12	4.996000E-9	227.800000E-9	1.100000E+0	375.000000E+0	-5.163000E+0	4.234327E+3	NaN	NaN
	24/02/2023 10:29:46	82.323000E+0	759.000000E-12	436.000000E-12	4.996000E-9	228.100000E-9	1.100000E+0	376.000000E+0	-5.050000E+0	4.234214E+3	NaN	NaN
	24/02/2023 10:29:53	82.324000E+0	764.000000E-12	438.000000E-12	4.996000E-9	228.100000E-9	1.100000E+0	377.000000E+0	-5.163000E+0	4.234439E+3	NaN	NaN
	24/02/2023 10:30:00	82.324000E+0	766.000000E-12	436.000000E-12	4.996000E-9	228.400000E-9	1.100000E+0	378.000000E+0	-5.050000E+0	4.234439E+3	NaN	NaN
	24/02/2023 10:30:07	82.327000E+0	764.000000E-12	437.000000E-12	4.996000E-9	228.400000E-9	1.100000E+0	378.000000E+0	-5.163000E+0	4.234775E+3	NaN	NaN
	24/02/2023 10:30:14	82.327000E+0	764.000000E-12	435.000000E-12	4.996000E-9	228.700000E-9	1.100000E+0	379.000000E+0	-5.163000E+0	4.234663E+3	NaN	NaN
	24/02/2023 10:30:21	82.327000E+0	765.000000E-12	437.000000E-12	4.996000E-9	228.900000E-9	1.100000E+0	380.000000E+0	-4.938000E+0	4.234214E+3	NaN	NaN
	24/02/2023 10:30:28	82.327000E+0	768.000000E-12	435.000000E-12	4.996000E-9	228.900000E-9	1.100000E+0	380.000000E+0	-5.163000E+0	4.234439E+3	NaN	NaN
	24/02/2023 10:30:35	82.328000E+0	764.000000E-12	437.000000E-12	4.996000E-9	229.200000E-9	1.100000E+0	382.000000E+0	-4.938000E+0	4.234214E+3	NaN	NaN
	24/02/2023 10:30:41	82.332000E+0	761.000000E-12	435.000000E-12	4.996000E-9	229.200000E-9	1.100000E+0	383.000000E+0	-5.050000E+0	4.234439E+3	NaN	NaN
	24/02/2023 10:30:48	82.331000E+0	761.000000E-12	434.000000E-12	4.996000E-9	229.200000E-9	1.100000E+0	384.000000E+0	-5.163000E+0	4.234663E+3	NaN	NaN
	24/02/2023 10:30:55	82.332000E+0	761.000000E-12	436.000000E-12	4.996000E-9	229.200000E-9	1.100000E+0	385.000000E+0	-5.275000E+0	4.234775E+3	NaN	NaN
	24/02/2023 10:31:02	82.336000E+0	758.000000E-12	434.000000E-12	4.996000E-9	229.500000E-9	1.100000E+0	386.000000E+0	-5.275000E+0	4.234775E+3	NaN	NaN
	24/02/2023 10:31:09	82.336000E+0	765.000000E-12	436.000000E-12	4.996000E-9	229.500000E-9	1.100000E+0	386.000000E+0	-5.163000E+0	4.234663E+3	NaN	NaN
	24/02/2023 10:31:16	82.335000E+0	762.000000E-12	434.000000E-12	4.996000E-9	229.700000E-9	1.100000E+0	388.000000E+0	-5.163000E+0	4.235112E+3	NaN	NaN
	24/02/2023 10:31:23	82.340000E+0	758.000000E-12	436.000000E-12	4.996000E-9	229.500000E-9	1.100000E+0	387.000000E+0	-5.050000E+0	4.235112E+3	NaN	NaN
	24/02/2023 10:31:30	82.339000E+0	753.000000E-12	435.000000E-12	4.996000E-9	229.700000E-9	1.100000E+0	388.000000E+0	-5.163000E+0	4.235224E+3	NaN	NaN
	24/02/2023 10:31:37	82.339000E+0	757.000000E-12	435.000000E-12	4.996000E-9	229.700000E-9	1.100000E+0	389.000000E+0	-5.275000E+0	4.235449E+3	NaN	NaN
	24/02/2023 10:31:44	82.339000E+0	759.000000E-12	434.000000E-12	4.996000E-9	230.000000E-9	1.100000E+0	390.000000E+0	-5.050000E+0	4.235449E+3	NaN	NaN
	24/02/2023 10:31:50	82.339000E+0	763.000000E-12	436.000000E-12	4.996000E-9	230.000000E-9	1.100000E+0	391.000000E+0	-5.163000E+0	4.235449E+3	NaN	NaN
	24/02/2023 10:31:57	82.344000E+0	763.000000E-12	434.000000E-12	4.996000E-9	230.300000E-9	1.100000E+0	391.000000E+0	-4.938000E+0	4.235673E+3	NaN	NaN
	24/02/2023 10:32:04	82.343000E+0	760.000000E-12	435.000000E-12	4.996000E-9	230.300000E-9	1.100000E+0	392.000000E+0	-5.050000E+0	4.235786E+3	NaN	NaN
	24/02/2023 10:32:11	82.344000E+0	761.000000E-12	434.000000E-12	4.996000E-9	230.300000E-9	1.100000E+0	393.000000E+0	-5.050000E+0	4.235898E+3	NaN	NaN
	24/02/2023 10:32:18	82.343000E+0	761.000000E-12	435.000000E-12	4.996000E-9	230.900000E-9	1.100000E+0	394.000000E+0	-5.050000E+0	4.235898E+3	NaN	NaN
	24/02/2023 10:32:25	82.347000E+0	760.000000E-12	435.000000E-12	4.996000E-9	230.900000E-9	1.100000E+0	394.000000E+0	-5.163000E+0	4.235786E+3	NaN	NaN
	24/02/2023 10:32:32	82.347000E+0	758.000000E-12	433.000000E-12	4.996000E-9	231.400000E-9	1.100000E+0	395.000000E+0	-5.050000E+0	4.235898E+3	NaN	NaN
	24/02/2023 10:32:39	82.347000E+0	755.000000E-12	435.000000E-12	4.996000E-9	231.400000E-9	1.100000E+0	396.000000E+0	-5.050000E+0	4.236010E+3	NaN	NaN
	24/02/2023 10:32:46	82.348000E+0	755.000000E-12	435.000000E-12	4.996000E-9	231.400000E-9	1.100000E+0	397.000000E+0	-4.938000E+0	4.236234E+3	NaN	NaN
	24/02/2023 10:32:52	82.347000E+0	757.000000E-12	433.000000E-12	4.996000E-9	231.700000E-9	1.100000E+0	398.000000E+0	-5.163000E+0	4.236347E+3	NaN	NaN
	24/02/2023 10:32:59	82.347000E+0	756.000000E-12	434.000000E-12	4.996000E-9	231.700000E-9	1.100000E+0	398.000000E+0	-5.050000E+0	4.236347E+3	NaN	NaN
	24/02/2023 10:33:06	82.347000E+0	756.000000E-12	433.000000E-12	4.996000E-9	231.700000E-9	1.100000E+0	399.000000E+0	-5.050000E+0	4.236571E+3	NaN	NaN
	24/02/2023 10:33:13	82.353000E+0	758.000000E-12	434.000000E-12	4.996000E-9	231.700000E-9	1.100000E+0	400.000000E+0	-5.050000E+0	4.236459E+3	NaN	NaN
	24/02/2023 10:33:20	82.351000E+0	752.000000E-12	433.000000E-12	4.996000E-9	232.000000E-9	1.100000E+0	401.000000E+0	-5.163000E+0	4.236122E+3	NaN	NaN
	24/02/2023 10:33:27	82.354000E+0	752.000000E-12	433.000000E-12	4.996000E-9	232.000000E-9	1.100000E+0	401.000000E+0	-5.050000E+0	4.236459E+3	NaN	NaN
	24/02/2023 10:33:34	82.355000E+0	751.000000E-12	432.000000E-12	4.996000E-9	232.000000E-9	1.100000E+0	402.000000E+0	-5.163000E+0	4.236459E+3	NaN	NaN
	24/02/2023 10:33:41	82.355000E+0	750.000000E-12	433.000000E-12	4.996000E-9	232.000000E-9	1.100000E+0	404.000000E+0	-5.163000E+0	4.236459E+3	NaN	NaN
	24/02/2023 10:33:48	82.355000E+0	752.000000E-12	433.000000E-12	4.996000E-9	232.000000E-9	1.100000E+0	404.000000E+0	-5.050000E+0	4.236796E+3	NaN	NaN
	24/02/2023 10:33:55	82.359000E+0	752.000000E-12	433.000000E-12	4.996000E-9	232.000000E-9	1.100000E+0	404.000000E+0	-5.163000E+0	4.236796E+3	NaN	NaN
	24/02/2023 10:34:01	82.358000E+0	754.000000E-12	432.000000E-12	4.996000E-9	232.000000E-9	1.100000E+0	405.000000E+0	-5.050000E+0	4.236908E+3	NaN	NaN
	24/02/2023 10:34:08	82.356000E+0	753.000000E-12	433.000000E-12	4.996000E-9	232.000000E-9	1.100000E+0	406.000000E+0	-5.163000E+0	4.236908E+3	NaN	NaN
	24/02/2023 10:34:15	82.359000E+0	752.000000E-12	432.000000E-12	4.996000E-9	232.300000E-9	1.100000E+0	407.000000E+0	-5.163000E+0	4.237132E+3	NaN	NaN
	24/02/2023 10:34:22	82.359000E+0	749.000000E-12	432.000000E-12	4.996000E-9	232.300000E-9	1.100000E+0	408.000000E+0	-5.163000E+0	4.237245E+3	NaN	NaN
	24/02/2023 10:34:29	82.360000E+0	753.000000E-12	434.000000E-12	4.996000E-9	232.300000E-9	1.100000E+0	409.000000E+0	-5.050000E+0	4.237581E+3	NaN	NaN
	24/02/2023 10:34:36	82.360000E+0	752.000000E-12	433.000000E-12	4.996000E-9	232.500000E-9	1.100000E+0	409.000000E+0	-5.275000E+0	4.237694E+3	NaN	NaN
	24/02/2023 10:34:43	82.359000E+0	751.000000E-12	433.000000E-12	4.996000E-9	234.200000E-9	1.100000E+0	410.000000E+0	-5.050000E+0	4.237806E+3	NaN	NaN
	24/02/2023 10:34:50	82.359000E+0	749.000000E-12	432.000000E-12	4.996000E-9	234.200000E-9	1.100000E+0	411.000000E+0	-5.050000E+0	4.237806E+3	NaN	NaN
	24/02/2023 10:34:57	82.359000E+0	750.000000E-12	432.000000E-12	4.996000E-9	234.200000E-9	1.100000E+0	413.000000E+0	-5.163000E+0	4.237694E+3	NaN	NaN
	24/02/2023 10:35:04	82.359000E+0	749.000000E-12	432.000000E-12	4.996000E-9	234.200000E-9	1.100000E+0	414.000000E+0	-5.163000E+0	4.237918E+3	NaN	NaN
	24/02/2023 10:35:10	82.363000E+0	749.000000E-12	432.000000E-12	4.996000E-9	234.200000E-9	1.100000E+0	416.000000E+0	-5.275000E+0	4.238142E+3	NaN	NaN
	24/02/2023 10:35:17	82.363000E+0	747.000000E-12	431.000000E-12	4.996000E-9	234.200000E-9	1.100000E+0	417.000000E+0	-5.163000E+0	4.237918E+3	NaN	NaN
	24/02/2023 10:35:24	82.359000E+0	750.000000E-12	432.000000E-12	4.996000E-9	234.500000E-9	1.100000E+0	417.000000E+0	-5.050000E+0	4.238142E+3	NaN	NaN
	24/02/2023 10:35:31	82.362000E+0	747.000000E-12	433.000000E-12	4.996000E-9	234.500000E-9	1.100000E+0	418.000000E+0	-5.050000E+0	4.238255E+3	NaN	NaN
	24/02/2023 10:35:38	82.363000E+0	749.000000E-12	433.000000E-12	4.996000E-9	234.500000E-9	1.100000E+0	419.000000E+0	-5.163000E+0	4.238255E+3	NaN	NaN
	24/02/2023 10:35:45	82.363000E+0	748.000000E-12	431.000000E-12	4.996000E-9	234.500000E-9	1.100000E+0	419.000000E+0	-5.050000E+0	4.238704E+3	NaN	NaN
	24/02/2023 10:35:52	82.364000E+0	744.000000E-12	432.000000E-12	4.996000E-9	234.500000E-9	1.100000E+0	420.000000E+0	-5.050000E+0	4.238479E+3	NaN	NaN
	24/02/2023 10:35:59	82.364000E+0	747.000000E-12	430.000000E-12	4.996000E-9	234.800000E-9	1.100000E+0	421.000000E+0	-5.275000E+0	4.238704E+3	NaN	NaN
	24/02/2023 10:36:06	82.363000E+0	747.000000E-12	433.000000E-12	4.996000E-9	234.800000E-9	1.100000E+0	421.000000E+0	-5.050000E+0	4.238704E+3	NaN	NaN
	24/02/2023 10:36:12	82.364000E+0	747.000000E-12	430.000000E-12	4.996000E-9	235.100000E-9	1.100000E+0	422.000000E+0	-4.938000E+0	4.238816E+3	NaN	NaN
	24/02/2023 10:36:19	82.363000E+0	749.000000E-12	433.000000E-12	4.996000E-9	235.700000E-9	1.100000E+0	423.000000E+0	-5.163000E+0	4.239040E+3	NaN	NaN
	24/02/2023 10:36:26	82.367000E+0	747.000000E-12	430.000000E-12	4.996000E-9	247.200000E-9	1.100000E+0	424.000000E+0	-5.050000E+0	4.238816E+3	NaN	NaN
	24/02/2023 10:36:33	82.367000E+0	748.000000E-12	432.000000E-12	4.996000E-9	237.600000E-9	1.100000E+0	424.000000E+0	-4.938000E+0	4.239153E+3	NaN	NaN
	24/02/2023 10:36:40	82.368000E+0	747.000000E-12	431.000000E-12	4.996000E-9	236.800000E-9	1.100000E+0	425.000000E+0	-5.275000E+0	4.239040E+3	NaN	NaN
	24/02/2023 10:36:47	82.368000E+0	749.000000E-12	433.000000E-12	4.996000E-9	236.800000E-9	1.100000E+0	426.000000E+0	-5.275000E+0	4.239153E+3	NaN	NaN
	24/02/2023 10:36:54	82.371000E+0	750.000000E-12	432.000000E-12	4.996000E-9	236.800000E-9	1.100000E+0	426.000000E+0	-5.050000E+0	4.239153E+3	NaN	NaN
	24/02/2023 10:37:01	82.371000E+0	747.000000E-12	433.000000E-12	4.996000E-9	236.800000E-9	1.100000E+0	428.000000E+0	-5.163000E+0	4.239265E+3	NaN	NaN
	24/02/2023 10:37:08	82.372000E+0	746.000000E-12	430.000000E-12	4.996000E-9	237.100000E-9	1.100000E+0	428.000000E+0	-5.050000E+0	4.239377E+3	NaN	NaN
	24/02/2023 10:37:15	82.375000E+0	745.000000E-12	428.000000E-12	4.996000E-9	237.100000E-9	1.100000E+0	429.000000E+0	-4.938000E+0	4.239489E+3	NaN	NaN
	24/02/2023 10:37:21	82.375000E+0	745.000000E-12	432.000000E-12	4.996000E-9	237.100000E-9	1.100000E+0	430.000000E+0	-5.050000E+0	4.239489E+3	NaN	NaN
	24/02/2023 10:37:28	82.377000E+0	748.000000E-12	432.000000E-12	4.996000E-9	237.100000E-9	1.100000E+0	431.000000E+0	-5.275000E+0	4.239601E+3	NaN	NaN
	24/02/2023 10:37:35	82.379000E+0	743.000000E-12	431.000000E-12	4.996000E-9	237.300000E-9	1.100000E+0	431.000000E+0	-5.050000E+0	4.239714E+3	NaN	NaN
	24/02/2023 10:37:42	82.379000E+0	743.000000E-12	430.000000E-12	4.996000E-9	237.600000E-9	1.100000E+0	432.000000E+0	-5.163000E+0	4.239826E+3	NaN	NaN
	24/02/2023 10:37:49	82.379000E+0	738.000000E-12	430.000000E-12	4.996000E-9	237.900000E-9	1.100000E+0	433.000000E+0	-5.163000E+0	4.239826E+3	NaN	NaN
	24/02/2023 10:37:56	82.379000E+0	740.000000E-12	430.000000E-12	4.996000E-9	237.900000E-9	1.100000E+0	433.000000E+0	-5.275000E+0	4.239938E+3	NaN	NaN
	24/02/2023 10:38:03	82.379000E+0	736.000000E-12	430.000000E-12	4.996000E-9	238.200000E-9	1.100000E+0	434.000000E+0	-5.275000E+0	4.240163E+3	NaN	NaN
	24/02/2023 10:38:10	82.379000E+0	739.000000E-12	430.000000E-12	4.996000E-9	238.200000E-9	1.100000E+0	435.000000E+0	-5.163000E+0	4.240050E+3	NaN	NaN
	24/02/2023 10:38:17	82.379000E+0	743.000000E-12	433.000000E-12	4.996000E-9	238.200000E-9	1.100000E+0	435.000000E+0	-5.163000E+0	4.240163E+3	NaN	NaN
	24/02/2023 10:38:23	82.384000E+0	745.000000E-12	429.000000E-12	4.996000E-9	238.200000E-9	1.100000E+0	436.000000E+0	-5.050000E+0	4.240275E+3	NaN	NaN
	24/02/2023 10:38:30	82.384000E+0	744.000000E-12	431.000000E-12	4.996000E-9	238.500000E-9	1.100000E+0	437.000000E+0	-5.163000E+0	4.240163E+3	NaN	NaN
	24/02/2023 10:38:37	82.383000E+0	745.000000E-12	432.000000E-12	4.996000E-9	238.700000E-9	1.100000E+0	438.000000E+0	-4.938000E+0	4.240275E+3	NaN	NaN
	24/02/2023 10:38:44	82.383000E+0	746.000000E-12	430.000000E-12	4.996000E-9	238.700000E-9	1.100000E+0	438.000000E+0	-5.163000E+0	4.240387E+3	NaN	NaN
	24/02/2023 10:38:51	82.383000E+0	744.000000E-12	432.000000E-12	4.996000E-9	238.700000E-9	1.100000E+0	439.000000E+0	-5.050000E+0	4.240387E+3	NaN	NaN
	24/02/2023 10:39:01	82.383000E+0	747.000000E-12	431.000000E-12	4.996000E-9	239.000000E-9	1.100000E+0	440.000000E+0	-5.163000E+0	4.240724E+3	NaN	NaN
	24/02/2023 10:39:09	82.383000E+0	739.000000E-12	432.000000E-12	4.996000E-9	239.000000E-9	1.100000E+0	441.000000E+0	-5.050000E+0	4.240499E+3	NaN	NaN
	24/02/2023 10:39:16	82.384000E+0	744.000000E-12	432.000000E-12	4.996000E-9	239.000000E-9	1.100000E+0	442.000000E+0	-4.938000E+0	4.240724E+3	NaN	NaN
	24/02/2023 10:39:23	82.387000E+0	747.000000E-12	431.000000E-12	4.996000E-9	239.300000E-9	1.100000E+0	442.000000E+0	-5.050000E+0	4.240612E+3	NaN	NaN
	24/02/2023 10:39:30	82.388000E+0	747.000000E-12	433.000000E-12	4.996000E-9	239.300000E-9	1.100000E+0	442.000000E+0	-4.938000E+0	4.240836E+3	NaN	NaN
	24/02/2023 10:39:37	82.387000E+0	743.000000E-12	432.000000E-12	4.996000E-9	239.600000E-9	1.100000E+0	444.000000E+0	-5.050000E+0	4.240836E+3	NaN	NaN
	24/02/2023 10:39:44	82.387000E+0	747.000000E-12	433.000000E-12	4.996000E-9	239.900000E-9	1.100000E+0	444.000000E+0	-5.163000E+0	4.241060E+3	NaN	NaN
	24/02/2023 10:39:51	82.388000E+0	747.000000E-12	433.000000E-12	4.996000E-9	240.500000E-9	1.100000E+0	445.000000E+0	-5.163000E+0	4.240948E+3	NaN	NaN
	24/02/2023 10:39:58	82.391000E+0	748.000000E-12	432.000000E-12	4.996000E-9	240.500000E-9	1.100000E+0	445.000000E+0	-5.163000E+0	4.241060E+3	NaN	NaN
	24/02/2023 10:40:04	82.391000E+0	747.000000E-12	432.000000E-12	4.996000E-9	240.500000E-9	1.100000E+0	446.000000E+0	-5.163000E+0	4.240948E+3	NaN	NaN
	24/02/2023 10:40:11	82.391000E+0	744.000000E-12	433.000000E-12	4.996000E-9	240.800000E-9	1.100000E+0	447.000000E+0	-5.275000E+0	4.241285E+3	NaN	NaN
	24/02/2023 10:40:18	82.392000E+0	758.000000E-12	436.000000E-12	4.996000E-9	240.800000E-9	1.100000E+0	449.000000E+0	-5.163000E+0	4.241173E+3	NaN	NaN
	24/02/2023 10:40:25	82.391000E+0	746.000000E-12	429.000000E-12	4.996000E-9	240.800000E-9	1.100000E+0	449.000000E+0	-5.050000E+0	4.241285E+3	NaN	NaN
	24/02/2023 10:40:32	82.391000E+0	740.000000E-12	430.000000E-12	4.996000E-9	241.100000E-9	1.100000E+0	449.000000E+0	-5.050000E+0	4.241509E+3	NaN	NaN
	24/02/2023 10:40:39	82.391000E+0	740.000000E-12	431.000000E-12	4.996000E-9	241.100000E-9	1.100000E+0	450.000000E+0	-5.050000E+0	4.241397E+3	NaN	NaN
	24/02/2023 10:40:46	82.395000E+0	737.000000E-12	429.000000E-12	4.996000E-9	241.100000E-9	1.100000E+0	451.000000E+0	-5.050000E+0	4.241509E+3	NaN	NaN
	24/02/2023 10:40:53	82.395000E+0	742.000000E-12	429.000000E-12	4.996000E-9	241.100000E-9	1.100000E+0	451.000000E+0	-5.163000E+0	4.241734E+3	NaN	NaN
	24/02/2023 10:41:00	82.395000E+0	735.000000E-12	431.000000E-12	4.996000E-9	241.100000E-9	1.100000E+0	452.000000E+0	-5.163000E+0	4.241734E+3	NaN	NaN
	24/02/2023 10:41:07	82.396000E+0	733.000000E-12	431.000000E-12	4.996000E-9	241.100000E-9	1.100000E+0	452.000000E+0	-5.050000E+0	4.241958E+3	NaN	NaN
	24/02/2023 10:41:13	82.396000E+0	737.000000E-12	430.000000E-12	4.996000E-9	241.100000E-9	1.100000E+0	453.000000E+0	-5.387000E+0	4.241734E+3	NaN	NaN
	24/02/2023 10:41:20	82.395000E+0	739.000000E-12	429.000000E-12	4.996000E-9	241.100000E-9	1.100000E+0	453.000000E+0	-5.163000E+0	4.242183E+3	NaN	NaN
	24/02/2023 10:41:27	82.395000E+0	736.000000E-12	429.000000E-12	4.996000E-9	241.100000E-9	1.100000E+0	454.000000E+0	-5.050000E+0	4.242071E+3	NaN	NaN
	24/02/2023 10:41:34	82.395000E+0	737.000000E-12	429.000000E-12	4.996000E-9	241.300000E-9	1.100000E+0	455.000000E+0	-5.163000E+0	4.242071E+3	NaN	NaN
	24/02/2023 10:41:41	82.395000E+0	734.000000E-12	429.000000E-12	4.996000E-9	241.300000E-9	1.100000E+0	455.000000E+0	-5.163000E+0	4.242071E+3	NaN	NaN
	24/02/2023 10:41:48	82.395000E+0	739.000000E-12	429.000000E-12	4.996000E-9	243.100000E-9	1.100000E+0	456.000000E+0	-5.163000E+0	4.242183E+3	NaN	NaN
	24/02/2023 10:41:55	82.395000E+0	738.000000E-12	429.000000E-12	4.996000E-9	243.100000E-9	1.100000E+0	457.000000E+0	-5.163000E+0	4.242295E+3	NaN	NaN
	24/02/2023 10:42:02	82.399000E+0	739.000000E-12	431.000000E-12	4.996000E-9	243.400000E-9	1.100000E+0	458.000000E+0	-5.050000E+0	4.242295E+3	NaN	NaN
	24/02/2023 10:42:09	82.399000E+0	730.000000E-12	429.000000E-12	4.996000E-9	243.400000E-9	1.100000E+0	458.000000E+0	-5.050000E+0	4.242520E+3	NaN	NaN
	24/02/2023 10:42:16	82.400000E+0	734.000000E-12	429.000000E-12	4.996000E-9	243.400000E-9	1.100000E+0	458.000000E+0	-5.163000E+0	4.242407E+3	NaN	NaN
	24/02/2023 10:42:22	82.399000E+0	734.000000E-12	429.000000E-12	4.996000E-9	243.400000E-9	1.100000E+0	459.000000E+0	-4.938000E+0	4.242520E+3	NaN	NaN
	24/02/2023 10:42:29	82.399000E+0	740.000000E-12	430.000000E-12	4.996000E-9	243.400000E-9	1.100000E+0	459.000000E+0	-5.050000E+0	4.242407E+3	NaN	NaN
	24/02/2023 10:42:36	82.400000E+0	741.000000E-12	429.000000E-12	4.996000E-9	243.400000E-9	1.100000E+0	463.000000E+0	-5.050000E+0	4.242520E+3	NaN	NaN
	24/02/2023 10:42:43	82.400000E+0	740.000000E-12	430.000000E-12	4.996000E-9	243.400000E-9	1.100000E+0	465.000000E+0	-5.163000E+0	4.242744E+3	NaN	NaN
	24/02/2023 10:42:50	82.407000E+0	740.000000E-12	430.000000E-12	4.996000E-9	243.700000E-9	1.100000E+0	465.000000E+0	-5.050000E+0	4.242632E+3	NaN	NaN
	24/02/2023 10:42:57	82.407000E+0	742.000000E-12	429.000000E-12	4.996000E-9	243.700000E-9	1.100000E+0	466.000000E+0	-5.163000E+0	4.242744E+3	NaN	NaN
	24/02/2023 10:43:04	82.408000E+0	741.000000E-12	430.000000E-12	4.996000E-9	243.700000E-9	1.100000E+0	466.000000E+0	-5.163000E+0	4.242968E+3	NaN	NaN
	24/02/2023 10:43:11	82.407000E+0	741.000000E-12	431.000000E-12	4.996000E-9	243.700000E-9	1.100000E+0	468.000000E+0	-5.163000E+0	4.242968E+3	NaN	NaN
	24/02/2023 10:43:17	82.407000E+0	740.000000E-12	430.000000E-12	4.996000E-9	243.700000E-9	1.100000E+0	468.000000E+0	-5.163000E+0	4.243081E+3	NaN	NaN
	24/02/2023 10:43:24	82.411000E+0	735.000000E-12	430.000000E-12	4.996000E-9	243.700000E-9	1.100000E+0	469.000000E+0	-5.050000E+0	4.242968E+3	NaN	NaN
	24/02/2023 10:43:31	82.410000E+0	741.000000E-12	431.000000E-12	4.996000E-9	244.000000E-9	1.100000E+0	469.000000E+0	-5.163000E+0	4.241958E+3	NaN	NaN
	24/02/2023 10:43:38	82.412000E+0	744.000000E-12	431.000000E-12	4.996000E-9	246.300000E-9	1.100000E+0	470.000000E+0	-5.163000E+0	4.234888E+3	NaN	NaN
	24/02/2023 10:43:45	82.411000E+0	742.000000E-12	432.000000E-12	4.996000E-9	250.500000E-9	1.100000E+0	470.000000E+0	-5.275000E+0	4.233316E+3	NaN	NaN
	24/02/2023 10:43:52	82.415000E+0	755.000000E-12	434.000000E-12	4.996000E-9	248.700000E-9	1.100000E+0	470.000000E+0	-5.050000E+0	4.232306E+3	NaN	NaN
	24/02/2023 10:43:59	82.415000E+0	737.000000E-12	429.000000E-12	4.996000E-9	247.200000E-9	1.100000E+0	470.000000E+0	-5.050000E+0	4.233316E+3	NaN	NaN
	24/02/2023 10:44:06	82.416000E+0	728.000000E-12	429.000000E-12	4.996000E-9	246.900000E-9	1.100000E+0	470.000000E+0	-5.050000E+0	4.236010E+3	NaN	NaN
	24/02/2023 10:44:13	82.416000E+0	737.000000E-12	428.000000E-12	4.996000E-9	253.200000E-9	1.100000E+0	470.000000E+0	-5.050000E+0	4.239601E+3	NaN	NaN
	24/02/2023 10:44:20	82.415000E+0	730.000000E-12	426.000000E-12	4.996000E-9	258.400000E-9	1.100000E+0	470.000000E+0	-5.163000E+0	4.241622E+3	NaN	NaN
	24/02/2023 10:44:26	82.415000E+0	734.000000E-12	428.000000E-12	4.996000E-9	254.800000E-9	1.100000E+0	470.000000E+0	-5.050000E+0	4.243193E+3	NaN	NaN
	24/02/2023 10:44:33	82.416000E+0	733.000000E-12	430.000000E-12	4.996000E-9	250.200000E-9	1.100000E+0	470.000000E+0	-5.050000E+0	4.244203E+3	NaN	NaN
	24/02/2023 10:44:40	82.415000E+0	724.000000E-12	426.000000E-12	4.996000E-9	248.100000E-9	1.100000E+0	470.000000E+0	-5.050000E+0	4.244876E+3	NaN	NaN
	24/02/2023 10:44:47	82.415000E+0	729.000000E-12	428.000000E-12	4.996000E-9	247.500000E-9	1.100000E+0	470.000000E+0	-5.050000E+0	4.245887E+3	NaN	NaN
	24/02/2023 10:44:54	82.419000E+0	733.000000E-12	428.000000E-12	4.996000E-9	247.200000E-9	1.100000E+0	470.000000E+0	-5.050000E+0	4.246784E+3	NaN	NaN
	24/02/2023 10:45:01	82.419000E+0	730.000000E-12	428.000000E-12	4.996000E-9	246.600000E-9	1.100000E+0	469.000000E+0	-5.163000E+0	4.247570E+3	NaN	NaN
	24/02/2023 10:45:08	82.415000E+0	736.000000E-12	433.000000E-12	4.996000E-9	246.300000E-9	1.100000E+0	470.000000E+0	-5.050000E+0	4.248243E+3	NaN	NaN
	24/02/2023 10:45:15	82.419000E+0	734.000000E-12	427.000000E-12	4.996000E-9	246.300000E-9	1.100000E+0	470.000000E+0	-5.275000E+0	4.249253E+3	NaN	NaN
	24/02/2023 10:45:22	82.419000E+0	729.000000E-12	428.000000E-12	4.996000E-9	246.100000E-9	1.100000E+0	470.000000E+0	-5.163000E+0	4.250039E+3	NaN	NaN
	24/02/2023 10:45:29	82.419000E+0	727.000000E-12	428.000000E-12	4.996000E-9	246.300000E-9	1.100000E+0	470.000000E+0	-4.938000E+0	4.250937E+3	NaN	NaN
	24/02/2023 10:45:35	82.419000E+0	726.000000E-12	429.000000E-12	4.996000E-9	246.300000E-9	1.100000E+0	469.000000E+0	-4.938000E+0	4.251723E+3	NaN	NaN
	24/02/2023 10:45:42	82.419000E+0	731.000000E-12	430.000000E-12	4.996000E-9	246.300000E-9	1.100000E+0	470.000000E+0	-5.163000E+0	4.252508E+3	NaN	NaN
	24/02/2023 10:45:49	82.420000E+0	726.000000E-12	429.000000E-12	4.996000E-9	246.300000E-9	1.100000E+0	470.000000E+0	-5.050000E+0	4.253069E+3	NaN	NaN
	24/02/2023 10:45:56	82.419000E+0	727.000000E-12	429.000000E-12	4.996000E-9	246.600000E-9	1.100000E+0	469.000000E+0	-5.163000E+0	4.254080E+3	NaN	NaN
	24/02/2023 10:46:03	82.420000E+0	727.000000E-12	429.000000E-12	4.996000E-9	246.600000E-9	1.100000E+0	469.000000E+0	-5.163000E+0	4.254528E+3	NaN	NaN
	24/02/2023 10:46:10	82.419000E+0	725.000000E-12	427.000000E-12	4.996000E-9	246.600000E-9	1.100000E+0	469.000000E+0	-5.163000E+0	4.255426E+3	NaN	NaN
	24/02/2023 10:46:17	82.420000E+0	728.000000E-12	429.000000E-12	4.996000E-9	246.600000E-9	1.100000E+0	470.000000E+0	-5.163000E+0	4.256212E+3	NaN	NaN
	24/02/2023 10:46:24	82.420000E+0	728.000000E-12	429.000000E-12	4.996000E-9	246.600000E-9	1.100000E+0	469.000000E+0	-5.163000E+0	4.256998E+3	NaN	NaN
	24/02/2023 10:46:31	82.419000E+0	732.000000E-12	429.000000E-12	4.996000E-9	246.600000E-9	1.100000E+0	469.000000E+0	-5.050000E+0	4.257446E+3	NaN	NaN
	24/02/2023 10:46:37	82.421000E+0	735.000000E-12	431.000000E-12	4.996000E-9	246.900000E-9	1.100000E+0	469.000000E+0	-5.163000E+0	4.258120E+3	NaN	NaN
	24/02/2023 10:46:44	82.424000E+0	737.000000E-12	430.000000E-12	4.996000E-9	247.200000E-9	1.100000E+0	469.000000E+0	-5.163000E+0	4.258344E+3	NaN	NaN
	24/02/2023 10:46:51	82.423000E+0	734.000000E-12	429.000000E-12	4.996000E-9	247.500000E-9	1.100000E+0	469.000000E+0	-5.050000E+0	4.258906E+3	NaN	NaN
	24/02/2023 10:46:58	82.424000E+0	736.000000E-12	429.000000E-12	4.996000E-9	247.500000E-9	1.100000E+0	469.000000E+0	-5.163000E+0	4.259691E+3	NaN	NaN
	24/02/2023 10:47:05	82.424000E+0	734.000000E-12	429.000000E-12	4.996000E-9	247.800000E-9	1.100000E+0	468.000000E+0	-5.163000E+0	4.259916E+3	NaN	NaN
	24/02/2023 10:47:12	82.424000E+0	737.000000E-12	430.000000E-12	4.996000E-9	248.100000E-9	1.100000E+0	468.000000E+0	-5.050000E+0	4.260477E+3	NaN	NaN
	24/02/2023 10:47:19	82.423000E+0	736.000000E-12	432.000000E-12	4.996000E-9	247.800000E-9	1.100000E+0	468.000000E+0	-5.163000E+0	4.260926E+3	NaN	NaN
	24/02/2023 10:47:26	82.424000E+0	729.000000E-12	426.000000E-12	4.996000E-9	248.400000E-9	1.100000E+0	469.000000E+0	-5.163000E+0	4.261599E+3	NaN	NaN
	24/02/2023 10:47:33	82.423000E+0	727.000000E-12	427.000000E-12	4.996000E-9	248.400000E-9	1.100000E+0	468.000000E+0	-5.163000E+0	4.261936E+3	NaN	NaN
	24/02/2023 10:47:40	82.423000E+0	727.000000E-12	427.000000E-12	4.996000E-9	248.400000E-9	1.100000E+0	468.000000E+0	-5.050000E+0	4.262273E+3	NaN	NaN
	24/02/2023 10:47:46	82.424000E+0	726.000000E-12	429.000000E-12	4.996000E-9	248.700000E-9	1.100000E+0	468.000000E+0	-5.050000E+0	4.262834E+3	NaN	NaN
	24/02/2023 10:47:53	82.424000E+0	725.000000E-12	426.000000E-12	4.996000E-9	248.700000E-9	1.100000E+0	468.000000E+0	-5.275000E+0	4.263395E+3	NaN	NaN
	24/02/2023 10:48:00	82.424000E+0	727.000000E-12	428.000000E-12	4.996000E-9	248.700000E-9	1.100000E+0	468.000000E+0	-5.275000E+0	4.263732E+3	NaN	NaN
	24/02/2023 10:48:07	82.423000E+0	730.000000E-12	426.000000E-12	4.996000E-9	248.700000E-9	1.100000E+0	468.000000E+0	-5.050000E+0	4.264180E+3	NaN	NaN
	24/02/2023 10:48:14	82.424000E+0	724.000000E-12	427.000000E-12	4.996000E-9	249.000000E-9	1.100000E+0	468.000000E+0	-5.050000E+0	4.264629E+3	NaN	NaN
	24/02/2023 10:48:21	82.423000E+0	721.000000E-12	427.000000E-12	4.996000E-9	248.700000E-9	1.100000E+0	467.000000E+0	-5.050000E+0	4.264966E+3	NaN	NaN
	24/02/2023 10:48:28	82.423000E+0	725.000000E-12	427.000000E-12	4.996000E-9	248.700000E-9	1.100000E+0	468.000000E+0	-5.050000E+0	4.265303E+3	NaN	NaN
	24/02/2023 10:48:35	82.427000E+0	727.000000E-12	424.000000E-12	4.996000E-9	249.600000E-9	1.100000E+0	469.000000E+0	-5.163000E+0	4.265639E+3	NaN	NaN
	24/02/2023 10:48:42	82.423000E+0	727.000000E-12	426.000000E-12	4.996000E-9	249.900000E-9	1.100000E+0	468.000000E+0	-5.050000E+0	4.265976E+3	NaN	NaN
	24/02/2023 10:48:48	82.427000E+0	726.000000E-12	427.000000E-12	4.996000E-9	249.900000E-9	1.100000E+0	468.000000E+0	-5.050000E+0	4.266201E+3	NaN	NaN
	24/02/2023 10:48:55	82.428000E+0	725.000000E-12	427.000000E-12	4.996000E-9	250.200000E-9	1.100000E+0	468.000000E+0	-4.938000E+0	4.266537E+3	NaN	NaN
	24/02/2023 10:49:02	82.427000E+0	724.000000E-12	427.000000E-12	4.996000E-9	250.200000E-9	1.100000E+0	468.000000E+0	-5.163000E+0	4.266874E+3	NaN	NaN
	24/02/2023 10:49:09	82.428000E+0	720.000000E-12	427.000000E-12	4.996000E-9	250.200000E-9	1.100000E+0	468.000000E+0	-5.050000E+0	4.267211E+3	NaN	NaN
	24/02/2023 10:49:16	82.427000E+0	726.000000E-12	427.000000E-12	4.996000E-9	250.200000E-9	1.100000E+0	468.000000E+0	-5.050000E+0	4.267323E+3	NaN	NaN
	24/02/2023 10:49:23	82.428000E+0	724.000000E-12	427.000000E-12	4.996000E-9	250.200000E-9	1.100000E+0	467.000000E+0	-5.050000E+0	4.267772E+3	NaN	NaN
	24/02/2023 10:49:30	82.428000E+0	722.000000E-12	424.000000E-12	4.996000E-9	250.200000E-9	1.100000E+0	468.000000E+0	-5.163000E+0	4.267996E+3	NaN	NaN
	24/02/2023 10:49:37	82.427000E+0	724.000000E-12	426.000000E-12	4.996000E-9	250.200000E-9	1.100000E+0	467.000000E+0	-5.275000E+0	4.268333E+3	NaN	NaN
transfer complete	24/02/2023 10:49:44	82.427000E+0	724.000000E-12	426.000000E-12	4.996000E-9	250.200000E-9	1.100000E+0	467.000000E+0	-5.050000E+0	4.268445E+3	NaN	NaN
	24/02/2023 10:49:51	82.427000E+0	727.000000E-12	425.000000E-12	4.996000E-9	250.200000E-9	1.100000E+0	467.000000E+0	-5.050000E+0	4.268894E+3	NaN	NaN
	24/02/2023 10:49:57	82.428000E+0	723.000000E-12	426.000000E-12	4.996000E-9	250.200000E-9	1.100000E+0	467.000000E+0	-5.163000E+0	4.269006E+3	NaN	NaN
	24/02/2023 10:50:04	82.431000E+0	724.000000E-12	427.000000E-12	4.996000E-9	250.200000E-9	1.100000E+0	467.000000E+0	-5.163000E+0	4.269455E+3	NaN	NaN
	24/02/2023 10:50:11	82.431000E+0	725.000000E-12	426.000000E-12	4.996000E-9	250.500000E-9	1.100000E+0	467.000000E+0	-5.163000E+0	4.269680E+3	NaN	NaN
	24/02/2023 10:50:18	82.431000E+0	725.000000E-12	426.000000E-12	4.996000E-9	250.200000E-9	1.100000E+0	467.000000E+0	-5.050000E+0	4.269904E+3	NaN	NaN
	24/02/2023 10:50:25	82.431000E+0	725.000000E-12	426.000000E-12	4.996000E-9	250.200000E-9	1.100000E+0	467.000000E+0	-5.163000E+0	4.270129E+3	NaN	NaN
	24/02/2023 10:50:32	82.435000E+0	719.000000E-12	427.000000E-12	4.996000E-9	250.500000E-9	1.100000E+0	467.000000E+0	-5.163000E+0	4.270466E+3	NaN	NaN
	24/02/2023 10:50:39	82.435000E+0	715.000000E-12	426.000000E-12	4.996000E-9	250.500000E-9	1.100000E+0	466.000000E+0	-5.163000E+0	4.270690E+3	NaN	NaN
	24/02/2023 10:50:46	82.435000E+0	717.000000E-12	427.000000E-12	4.996000E-9	250.500000E-9	1.100000E+0	467.000000E+0	-5.275000E+0	4.270914E+3	NaN	NaN
	24/02/2023 10:50:53	82.435000E+0	718.000000E-12	427.000000E-12	4.996000E-9	250.500000E-9	1.100000E+0	467.000000E+0	-5.050000E+0	4.271027E+3	NaN	NaN
turbo closed	24/02/2023 10:51:00	82.435000E+0	723.000000E-12	425.000000E-12	4.996000E-9	250.500000E-9	1.100000E+0	467.000000E+0	-5.163000E+0	4.271476E+3	NaN	NaN
	24/02/2023 10:51:06	82.435000E+0	736.000000E-12	440.000000E-12	4.996000E-9	250.500000E-9	1.100000E+0	466.000000E+0	-5.050000E+0	4.271476E+3	NaN	NaN
	24/02/2023 10:51:13	82.437000E+0	773.000000E-12	490.000000E-12	4.996000E-9	250.500000E-9	1.100000E+0	466.000000E+0	-4.938000E+0	4.271700E+3	NaN	NaN
	24/02/2023 10:51:20	82.439000E+0	914.000000E-12	1.070000E-9	4.996000E-9	250.500000E-9	1.100000E+0	467.000000E+0	-5.050000E+0	4.271925E+3	NaN	NaN
	24/02/2023 10:51:27	82.439000E+0	1.140000E-9	1.380000E-9	4.996000E-9	250.800000E-9	1.100000E+0	467.000000E+0	-5.050000E+0	4.272149E+3	NaN	NaN
	24/02/2023 10:51:34	82.439000E+0	1.140000E-9	1.380000E-9	4.996000E-9	250.500000E-9	1.100000E+0	466.000000E+0	-4.826000E+0	4.272373E+3	NaN	NaN
	24/02/2023 10:51:41	82.439000E+0	1.150000E-9	1.380000E-9	4.996000E-9	250.500000E-9	1.100000E+0	467.000000E+0	-5.050000E+0	4.272598E+3	NaN	NaN
	24/02/2023 10:51:48	82.439000E+0	1.160000E-9	1.380000E-9	4.996000E-9	250.800000E-9	1.100000E+0	466.000000E+0	-5.163000E+0	4.272822E+3	NaN	NaN
	24/02/2023 10:51:55	82.443000E+0	1.160000E-9	1.390000E-9	4.996000E-9	250.800000E-9	1.100000E+0	467.000000E+0	-4.938000E+0	4.272935E+3	NaN	NaN
