Live comments	Time	injection 100mbar	Barion_2	Barion_1	DUAL experiment	DUAL insulation	injection 1mbar	helium	T-platinum	T-CERNOX	I_emission	I_grid
	15/11/2022 16:51:38	-66.435000E-3	655.000000E-12	348.000000E-12	4.996000E-9	536.300000E-9	502.320000E-6	228.000000E+0	-5.275000E+0	4.306717E+3	NaN	NaN
	15/11/2022 16:51:45	-61.801000E-3	648.000000E-12	348.000000E-12	4.996000E-9	535.600000E-9	489.740000E-6	228.000000E+0	-5.275000E+0	4.306605E+3	NaN	NaN
	15/11/2022 16:51:52	-66.462000E-3	653.000000E-12	347.000000E-12	4.996000E-9	535.600000E-9	485.300000E-6	228.000000E+0	-5.275000E+0	4.306605E+3	NaN	NaN
	15/11/2022 16:51:59	-66.659000E-3	650.000000E-12	347.000000E-12	4.996000E-9	535.600000E-9	484.320000E-6	228.000000E+0	-5.275000E+0	4.306717E+3	NaN	NaN
	15/11/2022 16:52:06	-66.164000E-3	651.000000E-12	346.000000E-12	4.996000E-9	536.300000E-9	495.910000E-6	228.000000E+0	-5.275000E+0	4.306717E+3	NaN	NaN
	15/11/2022 16:52:14	-66.116000E-3	644.000000E-12	347.000000E-12	4.996000E-9	536.300000E-9	502.320000E-6	228.000000E+0	-5.163000E+0	4.306941E+3	NaN	NaN
	15/11/2022 16:52:21	-66.906000E-3	644.000000E-12	346.000000E-12	4.996000E-9	536.300000E-9	481.130000E-6	228.000000E+0	-5.163000E+0	4.306605E+3	NaN	NaN
	15/11/2022 16:52:28	-66.486000E-3	648.000000E-12	346.000000E-12	4.996000E-9	537.600000E-9	480.150000E-6	228.000000E+0	-5.163000E+0	4.306605E+3	NaN	NaN
	15/11/2022 16:52:35	-66.608000E-3	646.000000E-12	346.000000E-12	4.996000E-9	536.300000E-9	491.230000E-6	228.000000E+0	-5.275000E+0	4.306717E+3	NaN	NaN
	15/11/2022 16:52:42	-66.608000E-3	646.000000E-12	346.000000E-12	4.996000E-9	536.300000E-9	485.810000E-6	228.000000E+0	-5.050000E+0	4.306717E+3	NaN	NaN
	15/11/2022 16:52:50	-64.167000E-3	639.000000E-12	346.000000E-12	4.996000E-9	536.300000E-9	485.060000E-6	228.000000E+0	-4.938000E+0	4.306717E+3	NaN	NaN
	15/11/2022 16:52:57	-66.239000E-3	639.000000E-12	345.000000E-12	4.996000E-9	536.300000E-9	508.490000E-6	228.000000E+0	-5.050000E+0	4.306717E+3	NaN	NaN
	15/11/2022 16:53:04	-66.337000E-3	643.000000E-12	344.000000E-12	4.996000E-9	535.600000E-9	478.660000E-6	228.000000E+0	-5.163000E+0	4.306941E+3	NaN	NaN
	15/11/2022 16:53:11	-65.252000E-3	644.000000E-12	344.000000E-12	4.996000E-9	535.600000E-9	487.770000E-6	228.000000E+0	-5.163000E+0	4.306605E+3	NaN	NaN
	15/11/2022 16:53:18	-63.699000E-3	876.000000E-12	412.000000E-12	4.996000E-9	535.600000E-9	486.050000E-6	228.000000E+0	-5.163000E+0	4.306717E+3	NaN	NaN
	15/11/2022 16:53:26	-66.337000E-3	1.010000E-9	440.000000E-12	4.996000E-9	535.600000E-9	481.130000E-6	228.000000E+0	-5.050000E+0	4.306717E+3	NaN	NaN
	15/11/2022 16:53:33	-62.171000E-3	1.030000E-9	445.000000E-12	4.996000E-9	535.600000E-9	496.660000E-6	227.000000E+0	-5.387000E+0	4.306829E+3	NaN	NaN
	15/11/2022 16:53:40	-66.486000E-3	1.050000E-9	448.000000E-12	4.996000E-9	535.600000E-9	493.200000E-6	228.000000E+0	-5.163000E+0	4.306605E+3	NaN	NaN
	15/11/2022 16:53:47	-66.584000E-3	1.040000E-9	449.000000E-12	4.996000E-9	535.600000E-9	487.030000E-6	228.000000E+0	-5.050000E+0	4.306829E+3	NaN	NaN
	15/11/2022 16:53:54	-64.021000E-3	1.050000E-9	448.000000E-12	4.996000E-9	535.600000E-9	485.810000E-6	228.000000E+0	-5.275000E+0	4.306717E+3	NaN	NaN
	15/11/2022 16:54:01	-66.262000E-3	1.040000E-9	447.000000E-12	4.996000E-9	535.600000E-9	487.770000E-6	227.000000E+0	-4.938000E+0	4.306717E+3	NaN	NaN
	15/11/2022 16:54:09	-66.906000E-3	1.040000E-9	447.000000E-12	4.996000E-9	535.600000E-9	484.820000E-6	228.000000E+0	-5.163000E+0	4.306717E+3	NaN	NaN
	15/11/2022 16:54:16	-65.008000E-3	1.040000E-9	446.000000E-12	4.996000E-9	535.600000E-9	480.380000E-6	227.000000E+0	-5.163000E+0	4.306829E+3	NaN	NaN
	15/11/2022 16:54:23	-63.676000E-3	1.050000E-9	448.000000E-12	4.996000E-9	535.600000E-9	483.570000E-6	227.000000E+0	-5.050000E+0	4.306829E+3	NaN	NaN
	15/11/2022 16:54:30	-65.991000E-3	1.060000E-9	451.000000E-12	4.996000E-9	535.600000E-9	483.100000E-6	228.000000E+0	-5.163000E+0	4.306941E+3	NaN	NaN
	15/11/2022 16:54:37	-66.239000E-3	1.090000E-9	458.000000E-12	4.996000E-9	535.600000E-9	488.280000E-6	227.000000E+0	-4.938000E+0	4.306829E+3	NaN	NaN
	15/11/2022 16:54:44	-66.239000E-3	1.060000E-9	453.000000E-12	4.996000E-9	536.300000E-9	486.550000E-6	228.000000E+0	-5.163000E+0	4.306829E+3	NaN	NaN
	15/11/2022 16:54:52	-66.066000E-3	1.060000E-9	449.000000E-12	4.996000E-9	537.600000E-9	488.010000E-6	227.000000E+0	-5.163000E+0	4.306717E+3	NaN	NaN
	15/11/2022 16:54:59	-64.093000E-3	1.060000E-9	449.000000E-12	4.996000E-9	539.500000E-9	493.710000E-6	228.000000E+0	-5.163000E+0	4.306829E+3	NaN	NaN
	15/11/2022 16:55:06	-66.683000E-3	1.060000E-9	450.000000E-12	4.996000E-9	540.100000E-9	474.720000E-6	227.000000E+0	-5.163000E+0	4.306829E+3	NaN	NaN
	15/11/2022 16:55:13	-64.859000E-3	1.050000E-9	448.000000E-12	4.996000E-9	540.100000E-9	488.010000E-6	227.000000E+0	-5.050000E+0	4.306829E+3	NaN	NaN
	15/11/2022 16:55:20	-66.659000E-3	1.050000E-9	447.000000E-12	4.996000E-9	545.400000E-9	495.170000E-6	228.000000E+0	-5.163000E+0	4.306829E+3	NaN	NaN
	15/11/2022 16:55:27	-66.388000E-3	1.060000E-9	449.000000E-12	4.996000E-9	545.400000E-9	493.200000E-6	227.000000E+0	-5.050000E+0	4.306717E+3	NaN	NaN
	15/11/2022 16:55:35	-65.944000E-3	1.060000E-9	448.000000E-12	4.996000E-9	544.000000E-9	476.450000E-6	227.000000E+0	-5.050000E+0	4.306717E+3	NaN	NaN
	15/11/2022 16:55:42	-66.042000E-3	1.050000E-9	448.000000E-12	4.996000E-9	540.800000E-9	486.550000E-6	227.000000E+0	-5.163000E+0	4.306717E+3	NaN	NaN
	15/11/2022 16:55:49	-66.042000E-3	1.060000E-9	447.000000E-12	4.996000E-9	540.100000E-9	492.960000E-6	227.000000E+0	-5.275000E+0	4.306717E+3	NaN	NaN
	15/11/2022 16:55:56	-66.561000E-3	1.060000E-9	446.000000E-12	4.996000E-9	540.100000E-9	485.810000E-6	228.000000E+0	-5.275000E+0	4.306829E+3	NaN	NaN
	15/11/2022 16:56:03	-66.757000E-3	1.050000E-9	447.000000E-12	4.996000E-9	538.800000E-9	481.870000E-6	227.000000E+0	-5.163000E+0	4.306717E+3	NaN	NaN
	15/11/2022 16:56:10	-66.411000E-3	1.060000E-9	447.000000E-12	4.996000E-9	538.800000E-9	485.060000E-6	227.000000E+0	-4.938000E+0	4.306941E+3	NaN	NaN
	15/11/2022 16:56:18	-66.313000E-3	1.050000E-9	445.000000E-12	4.996000E-9	539.500000E-9	488.010000E-6	227.000000E+0	-5.050000E+0	4.306829E+3	NaN	NaN
	15/11/2022 16:56:25	-65.598000E-3	1.050000E-9	445.000000E-12	4.996000E-9	538.800000E-9	496.150000E-6	227.000000E+0	-5.050000E+0	4.306829E+3	NaN	NaN
	15/11/2022 16:56:32	-66.164000E-3	847.000000E-12	395.000000E-12	4.996000E-9	538.800000E-9	489.500000E-6	227.000000E+0	-5.050000E+0	4.306829E+3	NaN	NaN
	15/11/2022 16:56:39	-66.239000E-3	797.000000E-12	388.000000E-12	4.996000E-9	537.600000E-9	484.080000E-6	227.000000E+0	-5.050000E+0	4.306941E+3	NaN	NaN
	15/11/2022 16:56:46	-62.886000E-3	795.000000E-12	386.000000E-12	4.996000E-9	536.300000E-9	483.570000E-6	227.000000E+0	-5.163000E+0	4.307053E+3	NaN	NaN
	15/11/2022 16:56:54	-66.486000E-3	790.000000E-12	385.000000E-12	4.996000E-9	535.000000E-9	486.550000E-6	227.000000E+0	-5.163000E+0	4.306941E+3	NaN	NaN
	15/11/2022 16:57:01	-66.262000E-3	785.000000E-12	385.000000E-12	4.996000E-9	535.000000E-9	496.890000E-6	227.000000E+0	-5.163000E+0	4.306941E+3	NaN	NaN
	15/11/2022 16:57:08	-64.662000E-3	791.000000E-12	385.000000E-12	4.996000E-9	534.300000E-9	483.840000E-6	227.000000E+0	-5.050000E+0	4.307166E+3	NaN	NaN
	15/11/2022 16:57:15	-66.116000E-3	784.000000E-12	383.000000E-12	4.996000E-9	534.300000E-9	488.010000E-6	227.000000E+0	-5.163000E+0	4.307053E+3	NaN	NaN
	15/11/2022 16:57:22	-66.707000E-3	780.000000E-12	382.000000E-12	4.996000E-9	534.300000E-9	484.080000E-6	227.000000E+0	-5.275000E+0	4.307053E+3	NaN	NaN
	15/11/2022 16:57:29	-62.567000E-3	780.000000E-12	382.000000E-12	4.996000E-9	534.300000E-9	485.570000E-6	227.000000E+0	-5.163000E+0	4.307053E+3	NaN	NaN
	15/11/2022 16:57:37	-66.561000E-3	770.000000E-12	380.000000E-12	4.996000E-9	535.000000E-9	487.540000E-6	227.000000E+0	-5.163000E+0	4.307053E+3	NaN	NaN
	15/11/2022 16:57:44	-66.215000E-3	776.000000E-12	380.000000E-12	4.996000E-9	535.000000E-9	460.650000E-6	227.000000E+0	-5.050000E+0	4.307053E+3	NaN	NaN
	15/11/2022 16:57:51	-66.510000E-3	775.000000E-12	381.000000E-12	4.996000E-9	534.300000E-9	490.490000E-6	227.000000E+0	-5.050000E+0	4.307053E+3	NaN	NaN
	15/11/2022 16:57:58	-66.018000E-3	767.000000E-12	380.000000E-12	4.996000E-9	535.000000E-9	469.540000E-6	227.000000E+0	-5.163000E+0	4.307053E+3	NaN	NaN
	15/11/2022 16:58:05	-66.435000E-3	773.000000E-12	379.000000E-12	4.996000E-9	535.600000E-9	481.870000E-6	227.000000E+0	-5.050000E+0	4.307166E+3	NaN	NaN
	15/11/2022 16:58:13	-62.394000E-3	769.000000E-12	379.000000E-12	4.996000E-9	535.600000E-9	476.450000E-6	227.000000E+0	-5.050000E+0	4.307166E+3	NaN	NaN
	15/11/2022 16:58:20	-66.388000E-3	768.000000E-12	378.000000E-12	4.996000E-9	535.600000E-9	488.280000E-6	227.000000E+0	-5.050000E+0	4.306941E+3	NaN	NaN
	15/11/2022 16:58:27	-66.018000E-3	774.000000E-12	380.000000E-12	4.996000E-9	535.600000E-9	486.550000E-6	227.000000E+0	-5.050000E+0	4.307278E+3	NaN	NaN
	15/11/2022 16:58:34	-66.066000E-3	764.000000E-12	379.000000E-12	4.996000E-9	536.300000E-9	492.450000E-6	227.000000E+0	-5.163000E+0	4.307166E+3	NaN	NaN
	15/11/2022 16:58:41	-62.886000E-3	768.000000E-12	379.000000E-12	4.996000E-9	536.300000E-9	483.570000E-6	227.000000E+0	-5.163000E+0	4.307166E+3	NaN	NaN
	15/11/2022 16:58:49	-66.140000E-3	1.020000E-9	439.000000E-12	4.996000E-9	538.200000E-9	483.330000E-6	227.000000E+0	-5.163000E+0	4.307166E+3	NaN	NaN
	15/11/2022 16:58:56	-65.893000E-3	1.040000E-9	445.000000E-12	4.996000E-9	538.800000E-9	466.080000E-6	227.000000E+0	-5.275000E+0	4.307053E+3	NaN	NaN
	15/11/2022 16:59:03	-62.269000E-3	1.050000E-9	445.000000E-12	4.996000E-9	538.800000E-9	468.050000E-6	227.000000E+0	-5.163000E+0	4.307502E+3	NaN	NaN
	15/11/2022 16:59:10	-66.561000E-3	1.060000E-9	446.000000E-12	4.996000E-9	538.800000E-9	480.860000E-6	227.000000E+0	-5.163000E+0	4.307278E+3	NaN	NaN
	15/11/2022 16:59:17	-66.411000E-3	1.050000E-9	445.000000E-12	4.996000E-9	538.800000E-9	487.030000E-6	227.000000E+0	-5.163000E+0	4.307166E+3	NaN	NaN
	15/11/2022 16:59:25	-66.635000E-3	1.060000E-9	445.000000E-12	4.996000E-9	538.800000E-9	484.320000E-6	227.000000E+0	-5.050000E+0	4.307278E+3	NaN	NaN
	15/11/2022 16:59:32	-66.164000E-3	1.060000E-9	447.000000E-12	4.996000E-9	539.500000E-9	486.790000E-6	227.000000E+0	-5.050000E+0	4.307166E+3	NaN	NaN
	15/11/2022 16:59:39	-66.584000E-3	1.070000E-9	449.000000E-12	4.996000E-9	539.500000E-9	492.220000E-6	227.000000E+0	-5.275000E+0	4.307278E+3	NaN	NaN
	15/11/2022 16:59:46	-66.239000E-3	1.080000E-9	451.000000E-12	4.996000E-9	539.500000E-9	488.010000E-6	227.000000E+0	-5.050000E+0	4.307278E+3	NaN	NaN
	15/11/2022 16:59:53	-62.394000E-3	1.060000E-9	449.000000E-12	4.996000E-9	539.500000E-9	487.540000E-6	227.000000E+0	-5.163000E+0	4.307278E+3	NaN	NaN
	15/11/2022 17:00:00	-66.388000E-3	1.060000E-9	446.000000E-12	4.996000E-9	539.500000E-9	488.280000E-6	227.000000E+0	-5.163000E+0	4.307278E+3	NaN	NaN
	15/11/2022 17:00:07	-62.442000E-3	1.060000E-9	447.000000E-12	4.996000E-9	538.800000E-9	503.060000E-6	227.000000E+0	-5.163000E+0	4.307166E+3	NaN	NaN
	15/11/2022 17:00:15	-66.262000E-3	1.060000E-9	448.000000E-12	4.996000E-9	538.200000E-9	482.860000E-6	227.000000E+0	-5.275000E+0	4.307278E+3	NaN	NaN
	15/11/2022 17:00:22	-65.500000E-3	1.080000E-9	452.000000E-12	4.996000E-9	536.300000E-9	484.590000E-6	227.000000E+0	-5.050000E+0	4.307390E+3	NaN	NaN
	15/11/2022 17:00:29	-66.215000E-3	1.080000E-9	452.000000E-12	4.996000E-9	536.300000E-9	488.010000E-6	227.000000E+0	-5.163000E+0	4.307502E+3	NaN	NaN
	15/11/2022 17:00:36	-66.954000E-3	839.000000E-12	395.000000E-12	4.996000E-9	535.600000E-9	483.100000E-6	227.000000E+0	-5.050000E+0	4.307278E+3	NaN	NaN
	15/11/2022 17:00:43	-62.442000E-3	809.000000E-12	388.000000E-12	4.996000E-9	535.600000E-9	483.840000E-6	227.000000E+0	-5.163000E+0	4.307278E+3	NaN	NaN
	15/11/2022 17:00:51	-65.893000E-3	807.000000E-12	386.000000E-12	4.996000E-9	535.600000E-9	492.220000E-6	227.000000E+0	-5.163000E+0	4.307390E+3	NaN	NaN
	15/11/2022 17:00:58	-66.289000E-3	798.000000E-12	383.000000E-12	4.996000E-9	535.600000E-9	489.260000E-6	227.000000E+0	-5.050000E+0	4.307502E+3	NaN	NaN
	15/11/2022 17:01:05	-66.042000E-3	784.000000E-12	382.000000E-12	4.996000E-9	535.600000E-9	491.980000E-6	227.000000E+0	-5.163000E+0	4.307502E+3	NaN	NaN
	15/11/2022 17:01:12	-66.757000E-3	1.270000E-9	1.060000E-9	4.996000E-9	536.300000E-9	486.790000E-6	227.000000E+0	-5.163000E+0	4.307390E+3	NaN	NaN
	15/11/2022 17:01:19	-66.462000E-3	1.250000E-9	867.000000E-12	4.996000E-9	536.300000E-9	486.280000E-6	227.000000E+0	-5.163000E+0	4.307502E+3	NaN	NaN
	15/11/2022 17:01:26	-62.591000E-3	915.000000E-12	570.000000E-12	4.996000E-9	535.600000E-9	482.350000E-6	227.000000E+0	-5.050000E+0	4.307278E+3	NaN	NaN
	15/11/2022 17:01:34	-66.411000E-3	879.000000E-12	515.000000E-12	4.996000E-9	535.600000E-9	491.230000E-6	226.000000E+0	-5.050000E+0	4.307390E+3	NaN	NaN
	15/11/2022 17:01:41	-66.191000E-3	854.000000E-12	486.000000E-12	4.996000E-9	535.000000E-9	490.730000E-6	227.000000E+0	-5.050000E+0	4.307502E+3	NaN	NaN
	15/11/2022 17:01:48	-66.462000E-3	848.000000E-12	470.000000E-12	4.996000E-9	534.300000E-9	484.080000E-6	227.000000E+0	-5.050000E+0	4.307390E+3	NaN	NaN
	15/11/2022 17:01:55	-67.177000E-3	831.000000E-12	457.000000E-12	4.996000E-9	534.300000E-9	487.300000E-6	227.000000E+0	-4.938000E+0	4.307502E+3	NaN	NaN
	15/11/2022 17:02:02	-66.683000E-3	825.000000E-12	448.000000E-12	4.996000E-9	534.300000E-9	489.260000E-6	226.000000E+0	-5.275000E+0	4.307615E+3	NaN	NaN
	15/11/2022 17:02:09	-66.757000E-3	818.000000E-12	442.000000E-12	4.996000E-9	533.700000E-9	484.320000E-6	227.000000E+0	-5.163000E+0	4.307390E+3	NaN	NaN
	15/11/2022 17:02:17	-62.466000E-3	813.000000E-12	436.000000E-12	4.996000E-9	533.700000E-9	482.350000E-6	226.000000E+0	-5.387000E+0	4.307502E+3	NaN	NaN
	15/11/2022 17:02:24	-66.140000E-3	811.000000E-12	432.000000E-12	4.996000E-9	533.700000E-9	485.570000E-6	226.000000E+0	-5.050000E+0	4.307615E+3	NaN	NaN
	15/11/2022 17:02:31	-66.635000E-3	810.000000E-12	428.000000E-12	4.996000E-9	533.700000E-9	482.350000E-6	227.000000E+0	-5.050000E+0	4.307502E+3	NaN	NaN
	15/11/2022 17:02:38	-66.805000E-3	803.000000E-12	423.000000E-12	4.996000E-9	533.100000E-9	482.110000E-6	227.000000E+0	-5.163000E+0	4.307390E+3	NaN	NaN
	15/11/2022 17:02:45	-63.181000E-3	800.000000E-12	420.000000E-12	4.996000E-9	533.100000E-9	483.100000E-6	226.000000E+0	-5.163000E+0	4.307502E+3	NaN	NaN
	15/11/2022 17:02:52	-66.093000E-3	790.000000E-12	418.000000E-12	4.996000E-9	533.100000E-9	488.010000E-6	227.000000E+0	-5.275000E+0	4.307615E+3	NaN	NaN
	15/11/2022 17:03:00	-66.659000E-3	797.000000E-12	417.000000E-12	4.996000E-9	533.100000E-9	487.300000E-6	227.000000E+0	-5.163000E+0	4.307615E+3	NaN	NaN
	15/11/2022 17:03:07	-66.707000E-3	797.000000E-12	415.000000E-12	4.996000E-9	532.400000E-9	489.260000E-6	226.000000E+0	-5.050000E+0	4.307615E+3	NaN	NaN
	15/11/2022 17:03:14	-64.933000E-3	789.000000E-12	413.000000E-12	4.996000E-9	533.100000E-9	487.540000E-6	226.000000E+0	-5.163000E+0	4.307727E+3	NaN	NaN
	15/11/2022 17:03:21	-66.659000E-3	790.000000E-12	410.000000E-12	4.996000E-9	532.400000E-9	482.590000E-6	226.000000E+0	-5.050000E+0	4.307502E+3	NaN	NaN
	15/11/2022 17:03:28	-62.194000E-3	780.000000E-12	407.000000E-12	4.996000E-9	532.400000E-9	485.060000E-6	227.000000E+0	-5.275000E+0	4.307727E+3	NaN	NaN
	15/11/2022 17:03:36	-66.534000E-3	923.000000E-12	447.000000E-12	4.996000E-9	532.400000E-9	484.320000E-6	227.000000E+0	-5.163000E+0	4.307839E+3	NaN	NaN
	15/11/2022 17:03:43	-65.920000E-3	1.090000E-9	477.000000E-12	4.996000E-9	531.800000E-9	490.010000E-6	226.000000E+0	-5.275000E+0	4.307502E+3	NaN	NaN
	15/11/2022 17:03:50	-64.883000E-3	1.090000E-9	477.000000E-12	4.996000E-9	531.800000E-9	477.670000E-6	227.000000E+0	-5.163000E+0	4.307615E+3	NaN	NaN
	15/11/2022 17:03:57	-65.991000E-3	1.100000E-9	477.000000E-12	4.996000E-9	531.800000E-9	480.860000E-6	227.000000E+0	-5.163000E+0	4.307502E+3	NaN	NaN
	15/11/2022 17:04:04	-65.079000E-3	1.090000E-9	477.000000E-12	4.996000E-9	531.800000E-9	485.060000E-6	226.000000E+0	-5.163000E+0	4.307727E+3	NaN	NaN
	15/11/2022 17:04:12	-66.364000E-3	1.100000E-9	476.000000E-12	4.996000E-9	530.500000E-9	486.550000E-6	226.000000E+0	-5.387000E+0	4.307615E+3	NaN	NaN
	15/11/2022 17:04:19	-62.862000E-3	1.090000E-9	473.000000E-12	4.996000E-9	530.500000E-9	480.150000E-6	226.000000E+0	-5.163000E+0	4.307615E+3	NaN	NaN
	15/11/2022 17:04:26	-65.500000E-3	1.090000E-9	471.000000E-12	4.996000E-9	529.900000E-9	486.790000E-6	226.000000E+0	-5.163000E+0	4.307615E+3	NaN	NaN
	15/11/2022 17:04:33	-62.072000E-3	1.090000E-9	472.000000E-12	4.996000E-9	529.200000E-9	487.540000E-6	226.000000E+0	-5.050000E+0	4.307615E+3	NaN	NaN
	15/11/2022 17:04:40	-66.042000E-3	1.090000E-9	474.000000E-12	4.996000E-9	529.200000E-9	488.760000E-6	226.000000E+0	-5.050000E+0	4.307502E+3	NaN	NaN
	15/11/2022 17:04:47	-62.296000E-3	1.100000E-9	472.000000E-12	4.996000E-9	529.900000E-9	485.060000E-6	226.000000E+0	-5.163000E+0	4.307839E+3	NaN	NaN
	15/11/2022 17:04:55	-66.462000E-3	1.090000E-9	470.000000E-12	4.996000E-9	529.200000E-9	485.810000E-6	226.000000E+0	-5.050000E+0	4.307615E+3	NaN	NaN
	15/11/2022 17:05:02	-66.584000E-3	1.090000E-9	468.000000E-12	4.996000E-9	529.200000E-9	472.990000E-6	226.000000E+0	-5.163000E+0	4.307615E+3	NaN	NaN
