Live comments	Time	injection 100mbar	Barion_2	Barion_1	DUAL experiment	DUAL insulation	injection 1mbar	helium	T-platinum	T-CERNOX	I_emission	I_grid
	24/11/2022 16:37:48	-65.327000E-3	2.100000E-9	709.000000E-12	4.996000E-9	2.257000E-6	564.690000E-6	0.000000E+0	-111.447000E+0	55.443000E+0	NaN	NaN
	24/11/2022 16:37:55	-65.523000E-3	2.100000E-9	710.000000E-12	4.996000E-9	2.348000E-6	544.970000E-6	0.000000E+0	-111.672000E+0	55.443000E+0	NaN	NaN
	24/11/2022 16:38:02	-65.747000E-3	2.100000E-9	713.000000E-12	4.996000E-9	2.325000E-6	531.910000E-6	0.000000E+0	-111.559000E+0	55.443000E+0	NaN	NaN
	24/11/2022 16:38:10	-66.066000E-3	2.100000E-9	713.000000E-12	4.996000E-9	2.306000E-6	573.100000E-6	0.000000E+0	-111.559000E+0	55.555000E+0	NaN	NaN
	24/11/2022 16:38:17	-66.018000E-3	2.100000E-9	708.000000E-12	4.996000E-9	2.295000E-6	574.830000E-6	0.000000E+0	-111.447000E+0	55.443000E+0	NaN	NaN
	24/11/2022 16:38:24	-66.042000E-3	2.100000E-9	710.000000E-12	4.996000E-9	2.284000E-6	529.440000E-6	0.000000E+0	-111.672000E+0	55.331000E+0	NaN	NaN
	24/11/2022 16:38:31	-66.018000E-3	2.100000E-9	714.000000E-12	4.996000E-9	2.281000E-6	558.790000E-6	0.000000E+0	-111.559000E+0	55.331000E+0	NaN	NaN
	24/11/2022 16:38:38	-65.696000E-3	2.100000E-9	714.000000E-12	4.996000E-9	2.278000E-6	546.220000E-6	0.000000E+0	-111.672000E+0	55.443000E+0	NaN	NaN
	24/11/2022 16:38:45	-65.747000E-3	2.100000E-9	715.000000E-12	4.996000E-9	2.278000E-6	540.550000E-6	0.000000E+0	-111.559000E+0	55.443000E+0	NaN	NaN
	24/11/2022 16:38:53	-65.920000E-3	2.100000E-9	712.000000E-12	4.996000E-9	2.276000E-6	543.500000E-6	0.000000E+0	-111.559000E+0	55.443000E+0	NaN	NaN
	24/11/2022 16:39:00	-65.869000E-3	2.100000E-9	713.000000E-12	4.996000E-9	2.276000E-6	567.170000E-6	0.000000E+0	-111.559000E+0	55.443000E+0	NaN	NaN
	24/11/2022 16:39:07	-65.967000E-3	2.100000E-9	715.000000E-12	4.996000E-9	2.273000E-6	569.370000E-6	0.000000E+0	-111.559000E+0	55.443000E+0	NaN	NaN
	24/11/2022 16:39:14	-66.018000E-3	2.100000E-9	712.000000E-12	4.996000E-9	2.276000E-6	564.460000E-6	0.000000E+0	-111.559000E+0	55.443000E+0	NaN	NaN
	24/11/2022 16:39:21	-65.252000E-3	2.100000E-9	711.000000E-12	4.996000E-9	2.273000E-6	568.150000E-6	0.000000E+0	-111.559000E+0	55.668000E+0	NaN	NaN
	24/11/2022 16:39:29	-65.771000E-3	2.100000E-9	715.000000E-12	4.996000E-9	2.273000E-6	571.850000E-6	0.000000E+0	-111.559000E+0	55.443000E+0	NaN	NaN
	24/11/2022 16:39:36	-65.869000E-3	2.100000E-9	715.000000E-12	4.996000E-9	2.273000E-6	564.960000E-6	0.000000E+0	-111.672000E+0	55.443000E+0	NaN	NaN
	24/11/2022 16:39:43	-65.821000E-3	2.100000E-9	717.000000E-12	4.996000E-9	2.270000E-6	550.150000E-6	0.000000E+0	-111.559000E+0	55.555000E+0	NaN	NaN
	24/11/2022 16:39:50	-66.191000E-3	2.100000E-9	717.000000E-12	4.996000E-9	2.268000E-6	553.850000E-6	0.000000E+0	-111.559000E+0	55.555000E+0	NaN	NaN
	24/11/2022 16:39:57	-66.534000E-3	2.100000E-9	715.000000E-12	4.996000E-9	2.265000E-6	562.970000E-6	0.000000E+0	-111.447000E+0	55.443000E+0	NaN	NaN
	24/11/2022 16:40:04	-66.018000E-3	2.100000E-9	717.000000E-12	4.996000E-9	2.268000E-6	567.670000E-6	0.000000E+0	-111.672000E+0	55.443000E+0	NaN	NaN
	24/11/2022 16:40:12	-66.239000E-3	2.100000E-9	720.000000E-12	4.996000E-9	2.265000E-6	567.670000E-6	0.000000E+0	-111.447000E+0	55.443000E+0	NaN	NaN
	24/11/2022 16:40:19	-65.869000E-3	2.100000E-9	722.000000E-12	4.996000E-9	2.284000E-6	572.350000E-6	0.000000E+0	-111.559000E+0	55.443000E+0	NaN	NaN
	24/11/2022 16:40:26	-68.063000E-3	2.100000E-9	719.000000E-12	4.996000E-9	2.276000E-6	571.370000E-6	0.000000E+0	-111.559000E+0	55.331000E+0	NaN	NaN
	24/11/2022 16:40:33	-65.649000E-3	2.100000E-9	715.000000E-12	4.996000E-9	2.276000E-6	561.980000E-6	0.000000E+0	-111.672000E+0	55.555000E+0	NaN	NaN
	24/11/2022 16:40:40	-66.042000E-3	2.100000E-9	711.000000E-12	4.996000E-9	2.268000E-6	551.640000E-6	0.000000E+0	-111.559000E+0	55.331000E+0	NaN	NaN
	24/11/2022 16:40:48	-65.771000E-3	2.100000E-9	708.000000E-12	4.996000E-9	2.268000E-6	564.690000E-6	0.000000E+0	-111.672000E+0	55.443000E+0	NaN	NaN
	24/11/2022 16:40:55	-65.869000E-3	2.100000E-9	708.000000E-12	4.996000E-9	2.265000E-6	574.830000E-6	0.000000E+0	-111.447000E+0	55.443000E+0	NaN	NaN
	24/11/2022 16:41:02	-65.672000E-3	2.140000E-9	723.000000E-12	4.996000E-9	2.265000E-6	568.660000E-6	0.000000E+0	-111.672000E+0	55.555000E+0	NaN	NaN
	24/11/2022 16:41:09	-65.967000E-3	5.090000E-9	1.460000E-9	4.996000E-9	2.265000E-6	571.100000E-6	0.000000E+0	-111.559000E+0	55.443000E+0	NaN	NaN
	24/11/2022 16:41:16	-66.364000E-3	5.980000E-9	1.660000E-9	4.996000E-9	2.265000E-6	573.580000E-6	0.000000E+0	-111.447000E+0	55.443000E+0	NaN	NaN
	24/11/2022 16:41:23	-65.106000E-3	6.000000E-9	1.650000E-9	4.996000E-9	2.265000E-6	578.520000E-6	0.000000E+0	-111.559000E+0	55.443000E+0	NaN	NaN
	24/11/2022 16:41:31	-65.622000E-3	6.180000E-9	1.710000E-9	4.996000E-9	2.265000E-6	569.880000E-6	0.000000E+0	-111.559000E+0	55.555000E+0	NaN	NaN
	24/11/2022 16:41:38	-65.672000E-3	5.740000E-9	1.580000E-9	4.996000E-9	2.262000E-6	546.690000E-6	0.000000E+0	-111.559000E+0	55.443000E+0	NaN	NaN
	24/11/2022 16:41:45	-65.574000E-3	5.890000E-9	1.620000E-9	4.996000E-9	2.265000E-6	538.830000E-6	0.000000E+0	-111.672000E+0	55.443000E+0	NaN	NaN
	24/11/2022 16:41:52	-66.462000E-3	6.040000E-9	1.660000E-9	4.996000E-9	2.262000E-6	565.440000E-6	0.000000E+0	-111.447000E+0	55.443000E+0	NaN	NaN
	24/11/2022 16:41:59	-66.388000E-3	6.240000E-9	1.720000E-9	4.996000E-9	2.260000E-6	571.610000E-6	0.000000E+0	-111.559000E+0	55.555000E+0	NaN	NaN
	24/11/2022 16:42:06	-65.845000E-3	6.440000E-9	1.770000E-9	4.996000E-9	2.260000E-6	571.100000E-6	0.000000E+0	-111.559000E+0	55.555000E+0	NaN	NaN
	24/11/2022 16:42:14	-65.500000E-3	6.530000E-9	1.780000E-9	4.996000E-9	2.260000E-6	574.320000E-6	0.000000E+0	-111.559000E+0	55.443000E+0	NaN	NaN
	24/11/2022 16:42:21	-65.967000E-3	6.580000E-9	1.800000E-9	4.996000E-9	2.260000E-6	572.830000E-6	0.000000E+0	-111.447000E+0	55.443000E+0	NaN	NaN
	24/11/2022 16:42:28	-66.262000E-3	6.750000E-9	1.830000E-9	4.996000E-9	2.260000E-6	571.100000E-6	0.000000E+0	-111.447000E+0	55.555000E+0	NaN	NaN
	24/11/2022 16:42:35	-65.500000E-3	6.750000E-9	1.830000E-9	4.996000E-9	2.257000E-6	572.830000E-6	0.000000E+0	-111.447000E+0	55.668000E+0	NaN	NaN
	24/11/2022 16:42:42	-65.649000E-3	8.440000E-9	2.280000E-9	7.941000E-9	2.257000E-6	566.930000E-6	0.000000E+0	-111.672000E+0	55.443000E+0	NaN	NaN
	24/11/2022 16:42:50	-65.747000E-3	12.000000E-9	3.040000E-9	6.984000E-9	2.257000E-6	545.230000E-6	0.000000E+0	-111.672000E+0	55.331000E+0	NaN	NaN
	24/11/2022 16:42:57	-66.164000E-3	12.200000E-9	3.150000E-9	9.019000E-9	2.257000E-6	565.440000E-6	0.000000E+0	-111.559000E+0	55.555000E+0	NaN	NaN
	24/11/2022 16:43:04	-65.523000E-3	14.000000E-9	3.530000E-9	7.846000E-9	2.241000E-6	574.830000E-6	0.000000E+0	-111.672000E+0	55.443000E+0	NaN	NaN
	24/11/2022 16:43:11	-66.116000E-3	12.800000E-9	3.120000E-9	6.201000E-9	2.241000E-6	561.240000E-6	0.000000E+0	-111.447000E+0	55.331000E+0	NaN	NaN
	24/11/2022 16:43:18	-65.574000E-3	10.000000E-9	2.600000E-9	6.291000E-9	2.243000E-6	565.440000E-6	0.000000E+0	-111.559000E+0	55.555000E+0	NaN	NaN
	24/11/2022 16:43:25	-65.622000E-3	10.500000E-9	2.730000E-9	6.616000E-9	2.241000E-6	552.390000E-6	0.000000E+0	-111.447000E+0	55.331000E+0	NaN	NaN
	24/11/2022 16:43:33	-65.649000E-3	10.400000E-9	2.690000E-9	7.171000E-9	2.241000E-6	571.100000E-6	0.000000E+0	-111.559000E+0	55.555000E+0	NaN	NaN
	24/11/2022 16:43:40	-65.720000E-3	10.700000E-9	2.730000E-9	6.672000E-9	2.241000E-6	572.590000E-6	0.000000E+0	-111.559000E+0	55.443000E+0	NaN	NaN
	24/11/2022 16:43:47	-65.991000E-3	9.940000E-9	2.560000E-9	6.498000E-9	2.241000E-6	572.590000E-6	0.000000E+0	-111.447000E+0	55.219000E+0	NaN	NaN
	24/11/2022 16:43:54	-65.944000E-3	9.530000E-9	2.510000E-9	6.090000E-9	2.238000E-6	557.070000E-6	0.000000E+0	-111.672000E+0	55.555000E+0	NaN	NaN
	24/11/2022 16:44:01	-66.042000E-3	9.800000E-9	2.540000E-9	6.514000E-9	2.238000E-6	563.230000E-6	0.000000E+0	-111.559000E+0	55.555000E+0	NaN	NaN
	24/11/2022 16:44:08	-65.845000E-3	9.040000E-9	2.380000E-9	5.989000E-9	2.238000E-6	568.900000E-6	0.000000E+0	-111.672000E+0	55.443000E+0	NaN	NaN
	24/11/2022 16:44:16	-65.967000E-3	9.150000E-9	2.490000E-9	5.882000E-9	2.238000E-6	551.130000E-6	0.000000E+0	-111.672000E+0	55.443000E+0	NaN	NaN
	24/11/2022 16:44:23	-66.093000E-3	9.080000E-9	2.370000E-9	5.847000E-9	2.238000E-6	568.660000E-6	0.000000E+0	-111.672000E+0	55.331000E+0	NaN	NaN
	24/11/2022 16:44:30	-66.066000E-3	9.280000E-9	2.420000E-9	5.833000E-9	2.233000E-6	571.850000E-6	0.000000E+0	-111.672000E+0	55.219000E+0	NaN	NaN
	24/11/2022 16:44:37	-65.351000E-3	9.050000E-9	2.370000E-9	5.854000E-9	2.233000E-6	573.340000E-6	0.000000E+0	-111.447000E+0	55.443000E+0	NaN	NaN
	24/11/2022 16:44:44	-65.920000E-3	8.980000E-9	2.370000E-9	5.925000E-9	2.224000E-6	566.420000E-6	0.000000E+0	-111.672000E+0	55.331000E+0	NaN	NaN
	24/11/2022 16:44:51	-65.574000E-3	9.230000E-9	2.400000E-9	5.939000E-9	2.222000E-6	572.830000E-6	0.000000E+0	-111.672000E+0	55.443000E+0	NaN	NaN
	24/11/2022 16:44:59	-65.449000E-3	9.890000E-9	2.600000E-9	6.352000E-9	2.222000E-6	569.130000E-6	0.000000E+0	-111.559000E+0	55.443000E+0	NaN	NaN
	24/11/2022 16:45:06	-65.747000E-3	9.500000E-9	2.470000E-9	5.620000E-9	2.219000E-6	562.250000E-6	0.000000E+0	-111.672000E+0	55.331000E+0	NaN	NaN
	24/11/2022 16:45:13	-65.821000E-3	8.910000E-9	2.390000E-9	6.314000E-9	2.219000E-6	576.530000E-6	0.000000E+0	-111.559000E+0	55.443000E+0	NaN	NaN
	24/11/2022 16:45:20	-65.795000E-3	8.650000E-9	2.280000E-9	5.640000E-9	2.219000E-6	568.900000E-6	0.000000E+0	-111.559000E+0	55.331000E+0	NaN	NaN
	24/11/2022 16:45:27	-65.771000E-3	8.880000E-9	2.310000E-9	5.647000E-9	2.216000E-6	569.370000E-6	0.000000E+0	-111.447000E+0	55.555000E+0	NaN	NaN
	24/11/2022 16:45:34	-65.449000E-3	8.810000E-9	2.320000E-9	5.960000E-9	2.216000E-6	573.580000E-6	0.000000E+0	-111.672000E+0	55.443000E+0	NaN	NaN
	24/11/2022 16:45:42	-66.042000E-3	8.650000E-9	2.260000E-9	5.633000E-9	2.216000E-6	569.130000E-6	0.000000E+0	-111.559000E+0	55.443000E+0	NaN	NaN
	24/11/2022 16:45:49	-65.795000E-3	8.980000E-9	2.350000E-9	5.960000E-9	2.216000E-6	574.320000E-6	0.000000E+0	-111.559000E+0	55.555000E+0	NaN	NaN
	24/11/2022 16:45:56	-66.856000E-3	9.220000E-9	2.400000E-9	5.903000E-9	2.214000E-6	571.100000E-6	0.000000E+0	-111.559000E+0	55.443000E+0	NaN	NaN
	24/11/2022 16:46:03	-66.215000E-3	8.980000E-9	2.340000E-9	5.715000E-9	2.214000E-6	534.390000E-6	0.000000E+0	-111.672000E+0	55.555000E+0	NaN	NaN
	24/11/2022 16:46:10	-66.066000E-3	8.670000E-9	2.270000E-9	5.324000E-9	2.214000E-6	537.340000E-6	0.000000E+0	-111.559000E+0	55.331000E+0	NaN	NaN
	24/11/2022 16:46:17	-66.313000E-3	8.560000E-9	2.250000E-9	5.533000E-9	2.211000E-6	569.370000E-6	0.000000E+0	-111.672000E+0	55.443000E+0	NaN	NaN
	24/11/2022 16:46:24	-65.696000E-3	8.620000E-9	2.260000E-9	5.640000E-9	2.211000E-6	573.810000E-6	0.000000E+0	-111.672000E+0	55.331000E+0	NaN	NaN
	24/11/2022 16:46:32	-65.944000E-3	8.720000E-9	2.280000E-9	5.736000E-9	2.211000E-6	534.390000E-6	0.000000E+0	-111.559000E+0	55.443000E+0	NaN	NaN
	24/11/2022 16:46:39	-65.303000E-3	8.750000E-9	2.290000E-9	5.654000E-9	2.211000E-6	555.570000E-6	0.000000E+0	-111.672000E+0	55.331000E+0	NaN	NaN
	24/11/2022 16:46:46	-66.140000E-3	8.690000E-9	2.300000E-9	5.875000E-9	2.211000E-6	568.660000E-6	0.000000E+0	-111.672000E+0	55.555000E+0	NaN	NaN
	24/11/2022 16:46:53	-65.747000E-3	8.900000E-9	2.340000E-9	5.847000E-9	2.211000E-6	570.120000E-6	0.000000E+0	-111.672000E+0	55.443000E+0	NaN	NaN
	24/11/2022 16:47:00	-66.066000E-3	8.510000E-9	2.230000E-9	5.434000E-9	2.208000E-6	547.200000E-6	0.000000E+0	-111.559000E+0	55.331000E+0	NaN	NaN
	24/11/2022 16:47:07	-65.920000E-3	8.320000E-9	2.190000E-9	5.369000E-9	2.208000E-6	566.660000E-6	0.000000E+0	-111.672000E+0	55.331000E+0	NaN	NaN
	24/11/2022 16:47:15	-65.944000E-3	8.330000E-9	2.200000E-9	5.376000E-9	2.208000E-6	544.730000E-6	0.000000E+0	-111.559000E+0	55.443000E+0	NaN	NaN
	24/11/2022 16:47:22	-66.116000E-3	8.460000E-9	2.220000E-9	5.480000E-9	2.208000E-6	575.070000E-6	0.000000E+0	-111.559000E+0	55.555000E+0	NaN	NaN
	24/11/2022 16:47:29	-66.239000E-3	8.410000E-9	2.200000E-9	5.434000E-9	2.208000E-6	570.120000E-6	0.000000E+0	-111.672000E+0	55.555000E+0	NaN	NaN
	24/11/2022 16:47:36	-65.649000E-3	8.570000E-9	2.250000E-9	5.640000E-9	2.205000E-6	567.670000E-6	0.000000E+0	-111.559000E+0	55.331000E+0	NaN	NaN
	24/11/2022 16:47:43	-65.672000E-3	8.650000E-9	2.270000E-9	5.519000E-9	2.205000E-6	570.860000E-6	0.000000E+0	-111.672000E+0	55.443000E+0	NaN	NaN
	24/11/2022 16:47:51	-65.598000E-3	8.400000E-9	2.210000E-9	5.447000E-9	2.205000E-6	555.340000E-6	0.000000E+0	-111.559000E+0	55.443000E+0	NaN	NaN
	24/11/2022 16:47:58	-65.523000E-3	8.380000E-9	2.210000E-9	5.434000E-9	2.216000E-6	570.860000E-6	0.000000E+0	-111.672000E+0	55.331000E+0	NaN	NaN
	24/11/2022 16:48:05	-65.920000E-3	8.440000E-9	2.220000E-9	5.506000E-9	2.211000E-6	574.080000E-6	0.000000E+0	-111.672000E+0	55.331000E+0	NaN	NaN
	24/11/2022 16:48:12	-66.289000E-3	8.520000E-9	2.240000E-9	5.573000E-9	2.211000E-6	538.320000E-6	0.000000E+0	-111.559000E+0	55.443000E+0	NaN	NaN
	24/11/2022 16:48:19	-65.696000E-3	8.390000E-9	2.220000E-9	5.486000E-9	2.208000E-6	576.290000E-6	0.000000E+0	-111.559000E+0	55.331000E+0	NaN	NaN
	24/11/2022 16:48:26	-65.476000E-3	8.510000E-9	2.240000E-9	5.513000E-9	2.205000E-6	566.930000E-6	0.000000E+0	-111.335000E+0	55.443000E+0	NaN	NaN
	24/11/2022 16:48:34	-66.018000E-3	8.480000E-9	2.230000E-9	5.506000E-9	2.203000E-6	532.420000E-6	0.000000E+0	-111.559000E+0	55.443000E+0	NaN	NaN
	24/11/2022 16:48:41	-65.747000E-3	8.400000E-9	2.210000E-9	5.553000E-9	2.200000E-6	573.100000E-6	0.000000E+0	-111.559000E+0	55.443000E+0	NaN	NaN
	24/11/2022 16:48:48	-66.042000E-3	7.170000E-9	1.900000E-9	4.996000E-9	2.200000E-6	568.900000E-6	0.000000E+0	-111.447000E+0	55.443000E+0	NaN	NaN
	24/11/2022 16:48:55	-65.869000E-3	6.620000E-9	1.810000E-9	4.996000E-9	2.197000E-6	568.150000E-6	0.000000E+0	-111.447000E+0	55.555000E+0	NaN	NaN
	24/11/2022 16:49:02	-65.821000E-3	6.610000E-9	1.810000E-9	4.996000E-9	2.197000E-6	575.300000E-6	0.000000E+0	-111.672000E+0	55.443000E+0	NaN	NaN
	24/11/2022 16:49:10	-66.584000E-3	6.410000E-9	1.770000E-9	4.996000E-9	2.195000E-6	554.590000E-6	0.000000E+0	-111.672000E+0	55.331000E+0	NaN	NaN
	24/11/2022 16:49:17	-66.140000E-3	6.400000E-9	1.760000E-9	4.996000E-9	2.195000E-6	567.410000E-6	0.000000E+0	-111.559000E+0	55.331000E+0	NaN	NaN
	24/11/2022 16:49:24	-65.893000E-3	6.350000E-9	1.760000E-9	4.996000E-9	2.192000E-6	555.810000E-6	0.000000E+0	-111.559000E+0	55.331000E+0	NaN	NaN
	24/11/2022 16:49:31	-65.991000E-3	6.340000E-9	1.760000E-9	4.996000E-9	2.195000E-6	555.570000E-6	0.000000E+0	-111.559000E+0	55.443000E+0	NaN	NaN
	24/11/2022 16:49:38	-66.093000E-3	6.270000E-9	1.750000E-9	4.996000E-9	2.195000E-6	564.690000E-6	0.000000E+0	-111.672000E+0	55.555000E+0	NaN	NaN
	24/11/2022 16:49:45	-65.672000E-3	6.270000E-9	1.740000E-9	4.996000E-9	2.192000E-6	539.060000E-6	0.000000E+0	-111.447000E+0	55.443000E+0	NaN	NaN
	24/11/2022 16:49:53	-66.042000E-3	6.280000E-9	1.750000E-9	4.996000E-9	2.195000E-6	571.610000E-6	0.000000E+0	-111.559000E+0	55.443000E+0	NaN	NaN
	24/11/2022 16:50:00	-66.018000E-3	5.960000E-9	1.660000E-9	4.996000E-9	2.192000E-6	575.070000E-6	0.000000E+0	-111.447000E+0	55.443000E+0	NaN	NaN
	24/11/2022 16:50:07	-66.066000E-3	5.740000E-9	1.610000E-9	4.996000E-9	2.192000E-6	570.630000E-6	0.000000E+0	-111.559000E+0	55.443000E+0	NaN	NaN
	24/11/2022 16:50:14	-65.425000E-3	5.700000E-9	1.590000E-9	4.996000E-9	2.192000E-6	552.390000E-6	0.000000E+0	-111.559000E+0	55.331000E+0	NaN	NaN
	24/11/2022 16:50:21	-65.672000E-3	5.850000E-9	1.630000E-9	4.996000E-9	2.190000E-6	534.120000E-6	0.000000E+0	-111.559000E+0	55.331000E+0	NaN	NaN
	24/11/2022 16:50:28	-65.893000E-3	6.040000E-9	1.680000E-9	4.996000E-9	2.190000E-6	570.860000E-6	0.000000E+0	-111.559000E+0	55.555000E+0	NaN	NaN
	24/11/2022 16:50:35	-65.821000E-3	6.070000E-9	1.690000E-9	4.996000E-9	2.190000E-6	571.850000E-6	0.000000E+0	-111.447000E+0	55.219000E+0	NaN	NaN
	24/11/2022 16:50:43	-65.228000E-3	5.880000E-9	1.640000E-9	4.996000E-9	2.187000E-6	575.810000E-6	0.000000E+0	-111.447000E+0	55.443000E+0	NaN	NaN
	24/11/2022 16:50:50	-65.476000E-3	6.060000E-9	1.670000E-9	4.996000E-9	2.190000E-6	571.610000E-6	0.000000E+0	-111.447000E+0	55.331000E+0	NaN	NaN
	24/11/2022 16:50:57	-66.018000E-3	5.930000E-9	1.650000E-9	4.996000E-9	2.185000E-6	573.100000E-6	0.000000E+0	-111.672000E+0	55.331000E+0	NaN	NaN
	24/11/2022 16:51:04	-66.018000E-3	5.980000E-9	1.670000E-9	4.996000E-9	2.185000E-6	574.830000E-6	0.000000E+0	-111.447000E+0	55.443000E+0	NaN	NaN
	24/11/2022 16:51:11	-65.991000E-3	6.690000E-9	1.840000E-9	4.996000E-9	2.185000E-6	570.630000E-6	0.000000E+0	-111.559000E+0	55.443000E+0	NaN	NaN
	24/11/2022 16:51:19	-65.550000E-3	5.950000E-9	1.650000E-9	4.996000E-9	2.182000E-6	574.830000E-6	0.000000E+0	-111.559000E+0	55.443000E+0	NaN	NaN
	24/11/2022 16:51:26	-66.337000E-3	5.840000E-9	1.620000E-9	4.996000E-9	2.182000E-6	535.370000E-6	0.000000E+0	-111.559000E+0	55.555000E+0	NaN	NaN
	24/11/2022 16:51:33	-66.066000E-3	5.830000E-9	1.630000E-9	4.996000E-9	2.182000E-6	572.590000E-6	0.000000E+0	-111.447000E+0	55.443000E+0	NaN	NaN
	24/11/2022 16:51:40	-65.920000E-3	5.770000E-9	1.610000E-9	4.996000E-9	2.182000E-6	573.580000E-6	0.000000E+0	-111.559000E+0	55.443000E+0	NaN	NaN
	24/11/2022 16:51:47	-65.821000E-3	6.040000E-9	1.670000E-9	4.996000E-9	2.179000E-6	569.880000E-6	0.000000E+0	-111.672000E+0	55.443000E+0	NaN	NaN
	24/11/2022 16:51:54	-65.672000E-3	5.770000E-9	1.600000E-9	4.996000E-9	2.182000E-6	558.290000E-6	0.000000E+0	-111.559000E+0	55.555000E+0	NaN	NaN
	24/11/2022 16:52:02	-65.747000E-3	5.740000E-9	1.630000E-9	4.996000E-9	2.179000E-6	563.710000E-6	0.000000E+0	-111.559000E+0	55.331000E+0	NaN	NaN
	24/11/2022 16:52:09	-65.327000E-3	5.740000E-9	1.600000E-9	4.996000E-9	2.179000E-6	570.390000E-6	0.000000E+0	-111.672000E+0	55.555000E+0	NaN	NaN
	24/11/2022 16:52:16	-66.093000E-3	5.650000E-9	1.580000E-9	4.996000E-9	2.179000E-6	569.880000E-6	0.000000E+0	-111.559000E+0	55.555000E+0	NaN	NaN
	24/11/2022 16:52:23	-66.191000E-3	5.640000E-9	1.570000E-9	4.996000E-9	2.179000E-6	543.500000E-6	0.000000E+0	-111.559000E+0	55.555000E+0	NaN	NaN
	24/11/2022 16:52:30	-66.042000E-3	5.570000E-9	1.550000E-9	4.996000E-9	2.179000E-6	537.100000E-6	0.000000E+0	-111.335000E+0	55.668000E+0	NaN	NaN
	24/11/2022 16:52:37	-65.649000E-3	5.550000E-9	1.560000E-9	4.996000E-9	2.179000E-6	569.880000E-6	0.000000E+0	-111.559000E+0	55.555000E+0	NaN	NaN
	24/11/2022 16:52:45	-65.920000E-3	5.490000E-9	1.540000E-9	4.996000E-9	2.179000E-6	571.850000E-6	0.000000E+0	-111.559000E+0	55.555000E+0	NaN	NaN
	24/11/2022 16:52:52	-66.164000E-3	5.570000E-9	1.570000E-9	4.996000E-9	2.179000E-6	576.530000E-6	0.000000E+0	-111.559000E+0	55.443000E+0	NaN	NaN
	24/11/2022 16:52:59	-66.018000E-3	5.660000E-9	1.590000E-9	4.996000E-9	2.179000E-6	577.030000E-6	0.000000E+0	-111.559000E+0	55.331000E+0	NaN	NaN
	24/11/2022 16:53:06	-65.696000E-3	5.610000E-9	1.570000E-9	4.996000E-9	2.177000E-6	573.100000E-6	0.000000E+0	-111.559000E+0	55.555000E+0	NaN	NaN
	24/11/2022 16:53:13	-65.598000E-3	5.580000E-9	1.560000E-9	4.996000E-9	2.177000E-6	563.230000E-6	0.000000E+0	-111.559000E+0	55.443000E+0	NaN	NaN
	24/11/2022 16:53:21	-65.649000E-3	5.650000E-9	1.590000E-9	4.996000E-9	2.177000E-6	566.930000E-6	0.000000E+0	-111.447000E+0	55.443000E+0	NaN	NaN
	24/11/2022 16:53:28	-65.720000E-3	5.700000E-9	1.600000E-9	4.996000E-9	2.177000E-6	557.300000E-6	0.000000E+0	-111.559000E+0	55.555000E+0	NaN	NaN
	24/11/2022 16:53:35	-65.401000E-3	5.690000E-9	1.600000E-9	4.996000E-9	2.177000E-6	573.340000E-6	0.000000E+0	-111.672000E+0	55.555000E+0	NaN	NaN
	24/11/2022 16:53:42	-66.140000E-3	5.750000E-9	1.600000E-9	4.996000E-9	2.177000E-6	572.830000E-6	0.000000E+0	-111.672000E+0	55.443000E+0	NaN	NaN
	24/11/2022 16:53:49	-65.550000E-3	5.710000E-9	1.600000E-9	4.996000E-9	2.177000E-6	571.370000E-6	0.000000E+0	-111.672000E+0	55.443000E+0	NaN	NaN
	24/11/2022 16:53:57	-65.869000E-3	5.710000E-9	1.600000E-9	4.996000E-9	2.177000E-6	568.150000E-6	0.000000E+0	-111.447000E+0	55.443000E+0	NaN	NaN
	24/11/2022 16:54:04	-65.845000E-3	6.030000E-9	1.670000E-9	4.996000E-9	2.177000E-6	571.370000E-6	0.000000E+0	-111.559000E+0	55.443000E+0	NaN	NaN
	24/11/2022 16:54:11	-65.649000E-3	6.100000E-9	1.710000E-9	4.996000E-9	2.174000E-6	573.100000E-6	0.000000E+0	-111.672000E+0	55.443000E+0	NaN	NaN
	24/11/2022 16:54:18	-65.771000E-3	5.790000E-9	1.620000E-9	4.996000E-9	2.177000E-6	573.580000E-6	0.000000E+0	-111.559000E+0	55.443000E+0	NaN	NaN
	24/11/2022 16:54:25	-65.598000E-3	6.290000E-9	1.730000E-9	4.996000E-9	2.174000E-6	569.130000E-6	0.000000E+0	-111.447000E+0	55.555000E+0	NaN	NaN
	24/11/2022 16:54:33	-65.696000E-3	5.920000E-9	1.640000E-9	4.996000E-9	2.174000E-6	561.510000E-6	0.000000E+0	-111.672000E+0	55.555000E+0	NaN	NaN
	24/11/2022 16:54:40	-65.720000E-3	5.800000E-9	1.610000E-9	4.996000E-9	2.174000E-6	552.860000E-6	0.000000E+0	-111.447000E+0	55.555000E+0	NaN	NaN
	24/11/2022 16:54:47	-65.869000E-3	5.660000E-9	1.580000E-9	4.996000E-9	2.174000E-6	568.900000E-6	0.000000E+0	-111.559000E+0	55.331000E+0	NaN	NaN
	24/11/2022 16:54:54	-66.510000E-3	5.660000E-9	1.590000E-9	4.996000E-9	2.174000E-6	571.370000E-6	0.000000E+0	-111.784000E+0	55.443000E+0	NaN	NaN
	24/11/2022 16:55:01	-65.574000E-3	5.800000E-9	1.630000E-9	4.996000E-9	2.174000E-6	572.590000E-6	0.000000E+0	-111.559000E+0	55.443000E+0	NaN	NaN
	24/11/2022 16:55:08	-65.821000E-3	5.640000E-9	1.580000E-9	4.996000E-9	2.174000E-6	571.100000E-6	0.000000E+0	-111.672000E+0	55.443000E+0	NaN	NaN
	24/11/2022 16:55:16	-65.523000E-3	5.710000E-9	1.610000E-9	4.996000E-9	2.174000E-6	586.900000E-6	0.000000E+0	-111.672000E+0	55.443000E+0	NaN	NaN
	24/11/2022 16:55:23	-65.821000E-3	5.720000E-9	1.580000E-9	4.996000E-9	2.174000E-6	572.090000E-6	0.000000E+0	-111.672000E+0	55.443000E+0	NaN	NaN
	24/11/2022 16:55:30	-66.239000E-3	5.790000E-9	1.610000E-9	4.996000E-9	2.174000E-6	560.760000E-6	0.000000E+0	-111.672000E+0	55.555000E+0	NaN	NaN
	24/11/2022 16:55:37	-65.649000E-3	5.790000E-9	1.610000E-9	4.996000E-9	2.174000E-6	568.150000E-6	0.000000E+0	-111.672000E+0	55.555000E+0	NaN	NaN
	24/11/2022 16:55:44	-66.364000E-3	5.760000E-9	1.620000E-9	4.996000E-9	2.174000E-6	542.760000E-6	0.000000E+0	-111.447000E+0	55.443000E+0	NaN	NaN
	24/11/2022 16:55:51	-65.845000E-3	5.770000E-9	1.600000E-9	4.996000E-9	2.174000E-6	576.050000E-6	0.000000E+0	-111.672000E+0	55.443000E+0	NaN	NaN
	24/11/2022 16:55:59	-66.042000E-3	5.770000E-9	1.600000E-9	4.996000E-9	2.174000E-6	561.000000E-6	0.000000E+0	-111.447000E+0	55.219000E+0	NaN	NaN
	24/11/2022 16:56:06	-65.821000E-3	5.720000E-9	1.600000E-9	4.996000E-9	2.174000E-6	563.230000E-6	0.000000E+0	-111.559000E+0	55.331000E+0	NaN	NaN
	24/11/2022 16:56:13	-65.869000E-3	5.680000E-9	1.590000E-9	4.996000E-9	2.172000E-6	569.370000E-6	0.000000E+0	-111.672000E+0	55.555000E+0	NaN	NaN
	24/11/2022 16:56:20	-65.696000E-3	5.620000E-9	1.580000E-9	4.996000E-9	2.172000E-6	568.150000E-6	0.000000E+0	-111.559000E+0	55.443000E+0	NaN	NaN
	24/11/2022 16:56:27	-65.821000E-3	5.580000E-9	1.550000E-9	4.996000E-9	2.172000E-6	560.760000E-6	0.000000E+0	-111.672000E+0	55.443000E+0	NaN	NaN
	24/11/2022 16:56:34	-65.771000E-3	5.590000E-9	1.550000E-9	4.996000E-9	2.172000E-6	571.100000E-6	0.000000E+0	-111.559000E+0	55.443000E+0	NaN	NaN
	24/11/2022 16:56:42	-65.523000E-3	5.590000E-9	1.570000E-9	4.996000E-9	2.172000E-6	528.220000E-6	0.000000E+0	-111.559000E+0	55.555000E+0	NaN	NaN
	24/11/2022 16:56:49	-65.967000E-3	5.490000E-9	1.550000E-9	4.996000E-9	2.172000E-6	566.930000E-6	0.000000E+0	-111.672000E+0	55.331000E+0	NaN	NaN
	24/11/2022 16:56:56	-66.289000E-3	5.480000E-9	1.540000E-9	4.996000E-9	2.169000E-6	572.590000E-6	0.000000E+0	-111.672000E+0	55.443000E+0	NaN	NaN
	24/11/2022 16:57:03	-66.018000E-3	5.480000E-9	1.540000E-9	4.996000E-9	2.161000E-6	572.350000E-6	0.000000E+0	-111.559000E+0	55.443000E+0	NaN	NaN
	24/11/2022 16:57:10	-65.944000E-3	5.460000E-9	1.530000E-9	4.996000E-9	2.169000E-6	569.640000E-6	0.000000E+0	-111.559000E+0	55.443000E+0	NaN	NaN
	24/11/2022 16:57:17	-65.649000E-3	5.490000E-9	1.550000E-9	4.996000E-9	2.156000E-6	576.790000E-6	0.000000E+0	-111.672000E+0	55.555000E+0	NaN	NaN
	24/11/2022 16:57:25	-65.821000E-3	5.490000E-9	1.540000E-9	4.996000E-9	2.159000E-6	571.850000E-6	0.000000E+0	-111.672000E+0	55.331000E+0	NaN	NaN
	24/11/2022 16:57:32	-65.598000E-3	5.520000E-9	1.540000E-9	4.996000E-9	2.156000E-6	558.290000E-6	0.000000E+0	-111.559000E+0	55.331000E+0	NaN	NaN
	24/11/2022 16:57:39	-65.920000E-3	5.470000E-9	1.530000E-9	4.996000E-9	2.156000E-6	573.340000E-6	0.000000E+0	-111.559000E+0	55.555000E+0	NaN	NaN
	24/11/2022 16:57:46	-65.401000E-3	5.690000E-9	1.600000E-9	4.996000E-9	2.156000E-6	539.060000E-6	0.000000E+0	-111.672000E+0	55.331000E+0	NaN	NaN
	24/11/2022 16:57:53	-66.289000E-3	5.580000E-9	1.560000E-9	4.996000E-9	2.156000E-6	570.390000E-6	0.000000E+0	-111.559000E+0	55.443000E+0	NaN	NaN
	24/11/2022 16:58:01	-65.351000E-3	5.430000E-9	1.520000E-9	4.996000E-9	2.156000E-6	573.100000E-6	0.000000E+0	-111.447000E+0	55.331000E+0	NaN	NaN
	24/11/2022 16:58:08	-66.313000E-3	5.500000E-9	1.550000E-9	4.996000E-9	2.156000E-6	578.520000E-6	0.000000E+0	-111.559000E+0	55.443000E+0	NaN	NaN
	24/11/2022 16:58:15	-65.500000E-3	5.550000E-9	1.560000E-9	4.996000E-9	2.156000E-6	568.660000E-6	0.000000E+0	-111.559000E+0	55.443000E+0	NaN	NaN
	24/11/2022 16:58:22	-65.523000E-3	5.550000E-9	1.550000E-9	4.996000E-9	2.156000E-6	571.610000E-6	0.000000E+0	-111.559000E+0	55.443000E+0	NaN	NaN
	24/11/2022 16:58:29	-66.018000E-3	5.660000E-9	1.590000E-9	4.996000E-9	2.156000E-6	570.390000E-6	0.000000E+0	-111.559000E+0	55.331000E+0	NaN	NaN
	24/11/2022 16:58:36	-65.771000E-3	5.500000E-9	1.540000E-9	4.996000E-9	2.156000E-6	571.610000E-6	0.000000E+0	-111.559000E+0	55.555000E+0	NaN	NaN
	24/11/2022 16:58:44	-66.140000E-3	5.510000E-9	1.550000E-9	4.996000E-9	2.154000E-6	564.960000E-6	0.000000E+0	-111.672000E+0	55.555000E+0	NaN	NaN
	24/11/2022 16:58:51	-66.093000E-3	5.510000E-9	1.550000E-9	4.996000E-9	2.156000E-6	573.580000E-6	0.000000E+0	-111.447000E+0	55.331000E+0	NaN	NaN
	24/11/2022 16:58:58	-65.425000E-3	5.500000E-9	1.540000E-9	4.996000E-9	2.156000E-6	570.120000E-6	0.000000E+0	-111.672000E+0	55.443000E+0	NaN	NaN
	24/11/2022 16:59:05	-65.523000E-3	5.550000E-9	1.550000E-9	4.996000E-9	2.156000E-6	571.850000E-6	0.000000E+0	-111.559000E+0	55.443000E+0	NaN	NaN
	24/11/2022 16:59:12	-66.781000E-3	5.530000E-9	1.550000E-9	4.996000E-9	2.156000E-6	573.340000E-6	0.000000E+0	-111.447000E+0	55.219000E+0	NaN	NaN
	24/11/2022 16:59:19	-66.093000E-3	5.500000E-9	1.540000E-9	4.996000E-9	2.156000E-6	569.370000E-6	0.000000E+0	-111.559000E+0	55.555000E+0	NaN	NaN
	24/11/2022 16:59:27	-65.893000E-3	5.460000E-9	1.530000E-9	4.996000E-9	2.154000E-6	576.290000E-6	0.000000E+0	-111.672000E+0	55.443000E+0	NaN	NaN
	24/11/2022 16:59:34	-65.649000E-3	5.460000E-9	1.520000E-9	4.996000E-9	2.154000E-6	564.460000E-6	0.000000E+0	-111.447000E+0	55.555000E+0	NaN	NaN
	24/11/2022 16:59:41	-66.116000E-3	5.480000E-9	1.530000E-9	4.996000E-9	2.154000E-6	566.420000E-6	0.000000E+0	-111.559000E+0	55.555000E+0	NaN	NaN
	24/11/2022 16:59:48	-65.622000E-3	5.520000E-9	1.530000E-9	4.996000E-9	2.156000E-6	573.580000E-6	0.000000E+0	-111.672000E+0	55.331000E+0	NaN	NaN
	24/11/2022 16:59:55	-65.523000E-3	5.460000E-9	1.530000E-9	4.996000E-9	2.154000E-6	554.350000E-6	0.000000E+0	-111.672000E+0	55.443000E+0	NaN	NaN
	24/11/2022 17:00:03	-65.401000E-3	5.440000E-9	1.530000E-9	4.996000E-9	2.154000E-6	568.150000E-6	0.000000E+0	-111.672000E+0	55.443000E+0	NaN	NaN
	24/11/2022 17:00:10	-65.967000E-3	5.440000E-9	1.520000E-9	4.996000E-9	2.154000E-6	559.540000E-6	0.000000E+0	-111.447000E+0	55.219000E+0	NaN	NaN
	24/11/2022 17:00:17	-65.550000E-3	5.450000E-9	1.530000E-9	4.996000E-9	2.154000E-6	570.860000E-6	0.000000E+0	-111.559000E+0	55.443000E+0	NaN	NaN
	24/11/2022 17:00:24	-65.845000E-3	5.470000E-9	1.540000E-9	4.996000E-9	2.154000E-6	568.150000E-6	0.000000E+0	-111.559000E+0	55.555000E+0	NaN	NaN
	24/11/2022 17:00:31	-66.066000E-3	5.490000E-9	1.540000E-9	4.996000E-9	2.154000E-6	572.830000E-6	0.000000E+0	-111.559000E+0	55.443000E+0	NaN	NaN
	24/11/2022 17:00:38	-66.018000E-3	5.460000E-9	1.520000E-9	4.996000E-9	2.154000E-6	573.340000E-6	0.000000E+0	-111.559000E+0	55.443000E+0	NaN	NaN
	24/11/2022 17:00:46	-65.795000E-3	5.520000E-9	1.550000E-9	4.996000E-9	2.154000E-6	570.120000E-6	0.000000E+0	-111.559000E+0	55.555000E+0	NaN	NaN
	24/11/2022 17:00:53	-65.720000E-3	5.570000E-9	1.560000E-9	4.996000E-9	2.154000E-6	575.810000E-6	0.000000E+0	-111.559000E+0	55.555000E+0	NaN	NaN
	24/11/2022 17:01:00	-65.598000E-3	5.540000E-9	1.550000E-9	4.996000E-9	2.154000E-6	528.220000E-6	0.000000E+0	-111.672000E+0	55.555000E+0	NaN	NaN
	24/11/2022 17:01:07	-65.649000E-3	5.460000E-9	1.520000E-9	4.996000E-9	2.154000E-6	571.610000E-6	0.000000E+0	-111.447000E+0	55.443000E+0	NaN	NaN
	24/11/2022 17:01:14	-66.018000E-3	5.390000E-9	1.510000E-9	4.996000E-9	2.154000E-6	573.340000E-6	0.000000E+0	-111.672000E+0	55.443000E+0	NaN	NaN
	24/11/2022 17:01:22	-66.018000E-3	5.480000E-9	1.540000E-9	4.996000E-9	2.154000E-6	572.830000E-6	0.000000E+0	-111.559000E+0	55.331000E+0	NaN	NaN
	24/11/2022 17:01:29	-65.845000E-3	5.540000E-9	1.550000E-9	4.996000E-9	2.154000E-6	555.100000E-6	0.000000E+0	-111.447000E+0	55.443000E+0	NaN	NaN
	24/11/2022 17:01:36	-65.991000E-3	6.680000E-9	1.810000E-9	4.996000E-9	2.154000E-6	572.090000E-6	0.000000E+0	-111.559000E+0	55.443000E+0	NaN	NaN
	24/11/2022 17:01:43	-65.205000E-3	6.860000E-9	1.840000E-9	4.996000E-9	2.154000E-6	564.690000E-6	0.000000E+0	-111.559000E+0	55.331000E+0	NaN	NaN
	24/11/2022 17:01:50	-66.042000E-3	6.800000E-9	1.820000E-9	4.996000E-9	2.154000E-6	589.850000E-6	0.000000E+0	-111.447000E+0	55.443000E+0	NaN	NaN
	24/11/2022 17:01:57	-65.228000E-3	6.850000E-9	1.840000E-9	4.996000E-9	2.154000E-6	577.780000E-6	0.000000E+0	-111.672000E+0	55.443000E+0	NaN	NaN
	24/11/2022 17:02:05	-66.093000E-3	6.980000E-9	1.860000E-9	4.996000E-9	2.151000E-6	572.090000E-6	0.000000E+0	-111.672000E+0	55.443000E+0	NaN	NaN
	24/11/2022 17:02:12	-66.140000E-3	7.090000E-9	1.890000E-9	4.996000E-9	2.154000E-6	571.100000E-6	0.000000E+0	-111.559000E+0	55.555000E+0	NaN	NaN
	24/11/2022 17:02:19	-65.845000E-3	7.160000E-9	1.910000E-9	4.996000E-9	2.151000E-6	567.670000E-6	0.000000E+0	-111.672000E+0	55.443000E+0	NaN	NaN
	24/11/2022 17:02:26	-65.205000E-3	7.170000E-9	1.900000E-9	4.996000E-9	2.151000E-6	570.120000E-6	0.000000E+0	-111.559000E+0	55.331000E+0	NaN	NaN
	24/11/2022 17:02:33	-65.967000E-3	7.250000E-9	1.920000E-9	4.996000E-9	2.151000E-6	541.030000E-6	0.000000E+0	-111.672000E+0	55.331000E+0	NaN	NaN
	24/11/2022 17:02:40	-65.821000E-3	7.280000E-9	1.930000E-9	4.996000E-9	2.151000E-6	569.640000E-6	0.000000E+0	-111.559000E+0	55.555000E+0	NaN	NaN
	24/11/2022 17:02:48	-66.435000E-3	7.150000E-9	1.890000E-9	4.996000E-9	2.151000E-6	581.470000E-6	0.000000E+0	-111.559000E+0	55.443000E+0	NaN	NaN
	24/11/2022 17:02:55	-65.720000E-3	7.290000E-9	1.930000E-9	4.996000E-9	2.151000E-6	540.790000E-6	0.000000E+0	-111.672000E+0	55.443000E+0	NaN	NaN
	24/11/2022 17:03:02	-65.869000E-3	7.120000E-9	1.890000E-9	4.996000E-9	2.151000E-6	571.610000E-6	0.000000E+0	-111.447000E+0	55.443000E+0	NaN	NaN
	24/11/2022 17:03:09	-65.476000E-3	7.070000E-9	1.880000E-9	4.996000E-9	2.151000E-6	570.630000E-6	0.000000E+0	-111.559000E+0	55.443000E+0	NaN	NaN
	24/11/2022 17:03:16	-65.821000E-3	7.130000E-9	1.890000E-9	4.996000E-9	2.151000E-6	569.370000E-6	0.000000E+0	-111.559000E+0	55.443000E+0	NaN	NaN
	24/11/2022 17:03:24	-65.377000E-3	7.060000E-9	1.870000E-9	4.996000E-9	2.151000E-6	571.610000E-6	0.000000E+0	-111.559000E+0	55.443000E+0	NaN	NaN
	24/11/2022 17:03:31	-65.845000E-3	7.150000E-9	1.890000E-9	4.996000E-9	2.151000E-6	572.350000E-6	0.000000E+0	-111.559000E+0	55.555000E+0	NaN	NaN
	24/11/2022 17:03:38	-65.967000E-3	7.230000E-9	1.920000E-9	4.996000E-9	2.151000E-6	571.100000E-6	0.000000E+0	-111.559000E+0	55.331000E+0	NaN	NaN
	24/11/2022 17:03:45	-65.944000E-3	7.460000E-9	1.960000E-9	4.996000E-9	2.151000E-6	570.390000E-6	0.000000E+0	-111.559000E+0	55.555000E+0	NaN	NaN
	24/11/2022 17:03:52	-65.795000E-3	7.310000E-9	1.930000E-9	4.996000E-9	2.151000E-6	574.830000E-6	0.000000E+0	-111.559000E+0	55.555000E+0	NaN	NaN
	24/11/2022 17:03:59	-65.649000E-3	7.360000E-9	1.940000E-9	4.996000E-9	2.151000E-6	569.130000E-6	0.000000E+0	-111.559000E+0	55.555000E+0	NaN	NaN
	24/11/2022 17:04:07	-65.869000E-3	7.660000E-9	2.030000E-9	5.142000E-9	2.151000E-6	572.830000E-6	0.000000E+0	-111.784000E+0	55.443000E+0	NaN	NaN
	24/11/2022 17:04:14	-65.696000E-3	7.430000E-9	1.950000E-9	4.996000E-9	2.151000E-6	575.810000E-6	0.000000E+0	-111.447000E+0	55.443000E+0	NaN	NaN
	24/11/2022 17:04:21	-65.747000E-3	7.690000E-9	2.040000E-9	5.299000E-9	2.151000E-6	566.660000E-6	0.000000E+0	-111.559000E+0	55.443000E+0	NaN	NaN
	24/11/2022 17:04:28	-66.140000E-3	8.030000E-9	2.110000E-9	5.093000E-9	2.151000E-6	571.370000E-6	0.000000E+0	-111.559000E+0	55.331000E+0	NaN	NaN
	24/11/2022 17:04:35	-66.066000E-3	8.430000E-9	2.240000E-9	5.701000E-9	2.148000E-6	573.100000E-6	0.000000E+0	-111.559000E+0	55.443000E+0	NaN	NaN
	24/11/2022 17:04:42	-65.920000E-3	8.250000E-9	2.130000E-9	5.198000E-9	2.148000E-6	569.640000E-6	0.000000E+0	-111.559000E+0	55.443000E+0	NaN	NaN
	24/11/2022 17:04:50	-66.510000E-3	7.800000E-9	2.030000E-9	5.130000E-9	2.148000E-6	571.370000E-6	0.000000E+0	-111.559000E+0	55.668000E+0	NaN	NaN
	24/11/2022 17:04:57	-65.672000E-3	7.740000E-9	2.030000E-9	5.014000E-9	2.148000E-6	559.540000E-6	0.000000E+0	-111.559000E+0	55.443000E+0	NaN	NaN
	24/11/2022 17:05:04	-65.967000E-3	7.570000E-9	1.990000E-9	4.996000E-9	2.148000E-6	551.640000E-6	0.000000E+0	-111.672000E+0	55.443000E+0	NaN	NaN
	24/11/2022 17:05:11	-65.991000E-3	7.520000E-9	1.980000E-9	4.996000E-9	2.148000E-6	571.850000E-6	0.000000E+0	-111.672000E+0	55.555000E+0	NaN	NaN
	24/11/2022 17:05:18	-65.279000E-3	7.490000E-9	1.960000E-9	4.996000E-9	2.148000E-6	573.580000E-6	0.000000E+0	-111.672000E+0	55.219000E+0	NaN	NaN
	24/11/2022 17:05:25	-66.584000E-3	7.750000E-9	2.040000E-9	4.996000E-9	2.148000E-6	583.950000E-6	0.000000E+0	-111.447000E+0	55.443000E+0	NaN	NaN
	24/11/2022 17:05:33	-66.215000E-3	7.670000E-9	2.020000E-9	4.996000E-9	2.148000E-6	571.850000E-6	0.000000E+0	-111.672000E+0	55.555000E+0	NaN	NaN
	24/11/2022 17:05:40	-65.696000E-3	7.740000E-9	2.030000E-9	5.026000E-9	2.148000E-6	573.100000E-6	0.000000E+0	-111.559000E+0	55.443000E+0	NaN	NaN
	24/11/2022 17:05:47	-65.967000E-3	7.650000E-9	2.000000E-9	4.996000E-9	2.148000E-6	549.910000E-6	0.000000E+0	-111.559000E+0	55.331000E+0	NaN	NaN
	24/11/2022 17:05:54	-65.893000E-3	7.700000E-9	2.010000E-9	4.996000E-9	2.148000E-6	565.680000E-6	0.000000E+0	-111.672000E+0	55.443000E+0	NaN	NaN
	24/11/2022 17:06:01	-65.944000E-3	7.580000E-9	1.990000E-9	4.996000E-9	2.148000E-6	572.590000E-6	0.000000E+0	-111.672000E+0	55.555000E+0	NaN	NaN
	24/11/2022 17:06:08	-66.066000E-3	7.560000E-9	1.980000E-9	4.996000E-9	2.148000E-6	552.620000E-6	0.000000E+0	-111.559000E+0	55.443000E+0	NaN	NaN
	24/11/2022 17:06:16	-66.116000E-3	7.630000E-9	2.010000E-9	5.026000E-9	2.148000E-6	577.540000E-6	0.000000E+0	-111.672000E+0	55.555000E+0	NaN	NaN
	24/11/2022 17:06:23	-65.401000E-3	7.700000E-9	2.010000E-9	5.014000E-9	2.148000E-6	558.290000E-6	0.000000E+0	-111.672000E+0	55.555000E+0	NaN	NaN
	24/11/2022 17:06:30	-65.795000E-3	7.700000E-9	2.020000E-9	4.996000E-9	2.148000E-6	572.830000E-6	0.000000E+0	-111.447000E+0	55.443000E+0	NaN	NaN
	24/11/2022 17:06:37	-65.720000E-3	7.730000E-9	2.030000E-9	5.075000E-9	2.148000E-6	562.730000E-6	0.000000E+0	-111.559000E+0	55.443000E+0	NaN	NaN
	24/11/2022 17:06:44	-65.401000E-3	7.810000E-9	2.040000E-9	5.075000E-9	2.148000E-6	564.690000E-6	0.000000E+0	-111.447000E+0	55.443000E+0	NaN	NaN
	24/11/2022 17:06:52	-65.178000E-3	7.730000E-9	2.020000E-9	5.026000E-9	2.148000E-6	574.560000E-6	0.000000E+0	-111.672000E+0	55.555000E+0	NaN	NaN
	24/11/2022 17:06:59	-69.347000E-3	7.740000E-9	2.040000E-9	5.087000E-9	2.143000E-6	568.150000E-6	0.000000E+0	-111.672000E+0	55.443000E+0	NaN	NaN
	24/11/2022 17:07:06	-66.337000E-3	7.760000E-9	2.030000E-9	5.038000E-9	2.143000E-6	574.830000E-6	0.000000E+0	-111.559000E+0	55.555000E+0	NaN	NaN
	24/11/2022 17:07:13	-65.845000E-3	7.760000E-9	2.030000E-9	5.068000E-9	2.146000E-6	562.250000E-6	0.000000E+0	-111.672000E+0	55.555000E+0	NaN	NaN
	24/11/2022 17:07:20	-65.672000E-3	7.810000E-9	2.040000E-9	5.075000E-9	2.143000E-6	547.950000E-6	0.000000E+0	-111.784000E+0	55.443000E+0	NaN	NaN
	24/11/2022 17:07:27	-65.672000E-3	6.790000E-9	1.800000E-9	4.996000E-9	2.141000E-6	574.320000E-6	0.000000E+0	-111.672000E+0	55.555000E+0	NaN	NaN
	24/11/2022 17:07:35	-66.856000E-3	6.410000E-9	1.720000E-9	4.996000E-9	2.141000E-6	581.230000E-6	0.000000E+0	-111.559000E+0	55.443000E+0	NaN	NaN
	24/11/2022 17:07:42	-66.066000E-3	6.310000E-9	1.710000E-9	4.996000E-9	2.143000E-6	576.790000E-6	0.000000E+0	-111.559000E+0	55.443000E+0	NaN	NaN
	24/11/2022 17:07:49	-66.140000E-3	6.310000E-9	1.700000E-9	4.996000E-9	2.141000E-6	576.790000E-6	0.000000E+0	-111.559000E+0	55.443000E+0	NaN	NaN
	24/11/2022 17:07:56	-66.093000E-3	6.250000E-9	1.680000E-9	4.996000E-9	2.141000E-6	575.300000E-6	0.000000E+0	-111.672000E+0	55.331000E+0	NaN	NaN
	24/11/2022 17:08:03	-65.303000E-3	6.140000E-9	1.670000E-9	4.996000E-9	2.138000E-6	569.640000E-6	0.000000E+0	-111.559000E+0	55.443000E+0	NaN	NaN
	24/11/2022 17:08:10	-66.093000E-3	6.160000E-9	1.680000E-9	4.996000E-9	2.141000E-6	571.850000E-6	0.000000E+0	-111.559000E+0	55.443000E+0	NaN	NaN
	24/11/2022 17:08:18	-65.598000E-3	6.140000E-9	1.680000E-9	4.996000E-9	2.138000E-6	575.070000E-6	0.000000E+0	-111.672000E+0	55.443000E+0	NaN	NaN
	24/11/2022 17:08:25	-65.821000E-3	6.160000E-9	1.680000E-9	4.996000E-9	2.138000E-6	578.760000E-6	0.000000E+0	-111.559000E+0	55.331000E+0	NaN	NaN
	24/11/2022 17:08:32	-66.635000E-3	6.130000E-9	1.670000E-9	4.996000E-9	2.138000E-6	574.560000E-6	0.000000E+0	-111.335000E+0	55.331000E+0	NaN	NaN
	24/11/2022 17:08:39	-65.303000E-3	6.030000E-9	1.650000E-9	4.996000E-9	2.138000E-6	577.270000E-6	0.000000E+0	-111.559000E+0	55.443000E+0	NaN	NaN
	24/11/2022 17:08:46	-65.720000E-3	6.090000E-9	1.660000E-9	4.996000E-9	2.138000E-6	567.170000E-6	0.000000E+0	-111.447000E+0	55.443000E+0	NaN	NaN
	24/11/2022 17:08:53	-65.747000E-3	6.130000E-9	1.670000E-9	4.996000E-9	2.138000E-6	561.740000E-6	0.000000E+0	-111.559000E+0	55.331000E+0	NaN	NaN
	24/11/2022 17:09:01	-65.967000E-3	6.150000E-9	1.680000E-9	4.996000E-9	2.141000E-6	573.340000E-6	0.000000E+0	-111.672000E+0	55.443000E+0	NaN	NaN
	24/11/2022 17:09:08	-66.140000E-3	6.290000E-9	1.690000E-9	4.996000E-9	2.138000E-6	573.580000E-6	0.000000E+0	-111.672000E+0	55.443000E+0	NaN	NaN
	24/11/2022 17:09:15	-65.893000E-3	6.160000E-9	1.680000E-9	4.996000E-9	2.138000E-6	572.830000E-6	0.000000E+0	-111.672000E+0	55.443000E+0	NaN	NaN
	24/11/2022 17:09:22	-66.093000E-3	6.170000E-9	1.710000E-9	4.996000E-9	2.138000E-6	565.950000E-6	0.000000E+0	-111.672000E+0	55.331000E+0	NaN	NaN
	24/11/2022 17:09:29	-65.550000E-3	85.300000E-9	19.200000E-9	20.430000E-9	2.138000E-6	573.100000E-6	0.000000E+0	-111.559000E+0	55.331000E+0	NaN	NaN
	24/11/2022 17:09:37	-65.771000E-3	10.400000E-9	2.930000E-9	5.701000E-9	2.138000E-6	577.780000E-6	0.000000E+0	-111.559000E+0	55.219000E+0	NaN	NaN
	24/11/2022 17:09:44	-65.649000E-3	8.430000E-9	2.380000E-9	5.142000E-9	2.138000E-6	578.520000E-6	0.000000E+0	-111.672000E+0	55.331000E+0	NaN	NaN
	24/11/2022 17:09:51	-65.476000E-3	7.900000E-9	2.190000E-9	4.996000E-9	2.138000E-6	568.900000E-6	0.000000E+0	-111.672000E+0	55.555000E+0	NaN	NaN
	24/11/2022 17:09:58	-65.771000E-3	7.540000E-9	2.090000E-9	4.996000E-9	2.138000E-6	574.080000E-6	0.000000E+0	-111.672000E+0	55.331000E+0	NaN	NaN
	24/11/2022 17:10:05	-65.920000E-3	7.320000E-9	2.030000E-9	4.996000E-9	2.138000E-6	567.910000E-6	0.000000E+0	-111.672000E+0	55.443000E+0	NaN	NaN
	24/11/2022 17:10:12	-65.574000E-3	7.250000E-9	2.000000E-9	4.996000E-9	2.138000E-6	545.980000E-6	0.000000E+0	-111.784000E+0	55.443000E+0	NaN	NaN
	24/11/2022 17:10:20	-66.042000E-3	7.110000E-9	1.960000E-9	4.996000E-9	2.138000E-6	572.590000E-6	0.000000E+0	-111.672000E+0	55.331000E+0	NaN	NaN
	24/11/2022 17:10:27	-66.140000E-3	7.090000E-9	1.950000E-9	4.996000E-9	2.138000E-6	570.120000E-6	0.000000E+0	-111.672000E+0	55.219000E+0	NaN	NaN
	24/11/2022 17:10:34	-66.066000E-3	6.930000E-9	1.910000E-9	4.996000E-9	2.136000E-6	575.810000E-6	0.000000E+0	-111.559000E+0	55.443000E+0	NaN	NaN
	24/11/2022 17:10:41	-65.845000E-3	6.930000E-9	1.900000E-9	4.996000E-9	2.136000E-6	573.340000E-6	0.000000E+0	-111.559000E+0	55.555000E+0	NaN	NaN
	24/11/2022 17:10:48	-66.411000E-3	6.850000E-9	1.870000E-9	4.996000E-9	2.136000E-6	567.670000E-6	0.000000E+0	-111.559000E+0	55.331000E+0	NaN	NaN
	24/11/2022 17:10:55	-65.869000E-3	6.810000E-9	1.860000E-9	4.996000E-9	2.136000E-6	571.610000E-6	0.000000E+0	-111.672000E+0	55.443000E+0	NaN	NaN
	24/11/2022 17:11:03	-65.720000E-3	6.790000E-9	1.860000E-9	4.996000E-9	2.138000E-6	571.610000E-6	0.000000E+0	-111.447000E+0	55.331000E+0	NaN	NaN
	24/11/2022 17:11:10	-65.795000E-3	6.850000E-9	1.880000E-9	4.996000E-9	2.136000E-6	559.780000E-6	0.000000E+0	-111.447000E+0	55.331000E+0	NaN	NaN
	24/11/2022 17:11:17	-65.425000E-3	6.710000E-9	1.840000E-9	4.996000E-9	2.303000E-6	569.370000E-6	0.000000E+0	-111.672000E+0	55.331000E+0	NaN	NaN
	24/11/2022 17:11:24	-65.279000E-3	6.710000E-9	1.850000E-9	4.996000E-9	2.230000E-6	572.830000E-6	0.000000E+0	-111.672000E+0	55.443000E+0	NaN	NaN
	24/11/2022 17:11:31	-65.574000E-3	6.670000E-9	1.820000E-9	4.996000E-9	2.192000E-6	544.970000E-6	0.000000E+0	-111.672000E+0	55.555000E+0	NaN	NaN
	24/11/2022 17:11:38	-65.672000E-3	6.590000E-9	1.810000E-9	4.996000E-9	2.174000E-6	535.850000E-6	0.000000E+0	-111.672000E+0	55.443000E+0	NaN	NaN
	24/11/2022 17:11:46	-65.795000E-3	6.520000E-9	1.790000E-9	4.996000E-9	2.154000E-6	573.810000E-6	0.000000E+0	-111.559000E+0	55.555000E+0	NaN	NaN
	24/11/2022 17:11:53	-65.967000E-3	6.440000E-9	1.770000E-9	4.996000E-9	2.151000E-6	578.520000E-6	0.000000E+0	-111.559000E+0	55.443000E+0	NaN	NaN
	24/11/2022 17:12:00	-65.523000E-3	6.490000E-9	1.780000E-9	4.996000E-9	2.148000E-6	572.090000E-6	0.000000E+0	-111.559000E+0	55.443000E+0	NaN	NaN
	24/11/2022 17:12:07	-66.042000E-3	6.470000E-9	1.780000E-9	4.996000E-9	2.146000E-6	573.100000E-6	0.000000E+0	-111.559000E+0	55.555000E+0	NaN	NaN
	24/11/2022 17:12:14	-66.066000E-3	6.450000E-9	1.770000E-9	4.996000E-9	2.138000E-6	568.390000E-6	0.000000E+0	-111.672000E+0	55.443000E+0	NaN	NaN
	24/11/2022 17:12:22	-65.523000E-3	6.350000E-9	1.750000E-9	4.996000E-9	2.138000E-6	572.350000E-6	0.000000E+0	-111.559000E+0	55.443000E+0	NaN	NaN
	24/11/2022 17:12:29	-65.893000E-3	6.350000E-9	1.740000E-9	4.996000E-9	2.138000E-6	572.590000E-6	0.000000E+0	-111.559000E+0	55.443000E+0	NaN	NaN
	24/11/2022 17:12:36	-65.920000E-3	6.340000E-9	1.740000E-9	4.996000E-9	2.138000E-6	554.350000E-6	0.000000E+0	-111.784000E+0	55.219000E+0	NaN	NaN
	24/11/2022 17:12:43	-65.279000E-3	6.350000E-9	1.750000E-9	4.996000E-9	2.136000E-6	569.640000E-6	0.000000E+0	-111.447000E+0	55.555000E+0	NaN	NaN
	24/11/2022 17:12:50	-66.018000E-3	6.320000E-9	1.740000E-9	4.996000E-9	2.136000E-6	571.370000E-6	0.000000E+0	-111.672000E+0	55.555000E+0	NaN	NaN
	24/11/2022 17:12:57	-66.191000E-3	6.390000E-9	1.750000E-9	4.996000E-9	2.136000E-6	570.630000E-6	0.000000E+0	-111.672000E+0	55.331000E+0	NaN	NaN
	24/11/2022 17:13:05	-65.944000E-3	6.710000E-9	1.840000E-9	4.996000E-9	2.146000E-6	572.590000E-6	0.000000E+0	-111.559000E+0	55.443000E+0	NaN	NaN
	24/11/2022 17:13:12	-65.649000E-3	6.500000E-9	1.780000E-9	4.996000E-9	2.151000E-6	571.370000E-6	0.000000E+0	-111.559000E+0	55.443000E+0	NaN	NaN
	24/11/2022 17:13:19	-66.164000E-3	6.690000E-9	1.830000E-9	4.996000E-9	2.148000E-6	576.290000E-6	0.000000E+0	-111.559000E+0	55.443000E+0	NaN	NaN
	24/11/2022 17:13:26	-66.164000E-3	6.750000E-9	1.840000E-9	4.996000E-9	2.148000E-6	576.050000E-6	0.000000E+0	-111.672000E+0	55.443000E+0	NaN	NaN
	24/11/2022 17:13:33	-65.991000E-3	6.390000E-9	1.750000E-9	4.996000E-9	2.146000E-6	568.390000E-6	0.000000E+0	-111.559000E+0	55.555000E+0	NaN	NaN
	24/11/2022 17:13:40	-66.388000E-3	6.330000E-9	1.730000E-9	4.996000E-9	2.141000E-6	565.200000E-6	0.000000E+0	-111.784000E+0	55.443000E+0	NaN	NaN
	24/11/2022 17:13:48	-65.696000E-3	6.330000E-9	1.730000E-9	4.996000E-9	2.141000E-6	574.830000E-6	0.000000E+0	-111.672000E+0	55.331000E+0	NaN	NaN
	24/11/2022 17:13:55	-65.598000E-3	6.640000E-9	1.850000E-9	4.996000E-9	2.141000E-6	570.630000E-6	0.000000E+0	-111.559000E+0	55.443000E+0	NaN	NaN
	24/11/2022 17:14:02	-65.425000E-3	7.840000E-9	2.060000E-9	5.099000E-9	2.141000E-6	573.580000E-6	0.000000E+0	-111.559000E+0	55.555000E+0	NaN	NaN
	24/11/2022 17:14:09	-65.893000E-3	7.950000E-9	2.070000E-9	5.123000E-9	2.138000E-6	571.100000E-6	0.000000E+0	-111.447000E+0	55.443000E+0	NaN	NaN
	24/11/2022 17:14:16	-65.920000E-3	7.940000E-9	2.070000E-9	5.167000E-9	2.138000E-6	567.170000E-6	0.000000E+0	-111.559000E+0	55.555000E+0	NaN	NaN
	24/11/2022 17:14:24	-65.845000E-3	7.970000E-9	2.070000E-9	5.161000E-9	2.138000E-6	568.660000E-6	0.000000E+0	-111.784000E+0	55.331000E+0	NaN	NaN
	24/11/2022 17:14:31	-65.720000E-3	7.980000E-9	2.080000E-9	5.161000E-9	2.138000E-6	569.640000E-6	0.000000E+0	-111.672000E+0	55.555000E+0	NaN	NaN
	24/11/2022 17:14:38	-65.598000E-3	8.050000E-9	2.100000E-9	5.210000E-9	2.138000E-6	567.670000E-6	0.000000E+0	-111.559000E+0	55.331000E+0	NaN	NaN
	24/11/2022 17:14:45	-66.042000E-3	8.160000E-9	2.120000E-9	5.223000E-9	2.136000E-6	535.370000E-6	0.000000E+0	-111.672000E+0	55.331000E+0	NaN	NaN
	24/11/2022 17:14:52	-66.066000E-3	8.070000E-9	2.100000E-9	5.223000E-9	2.138000E-6	529.440000E-6	0.000000E+0	-111.784000E+0	55.443000E+0	NaN	NaN
	24/11/2022 17:15:00	-66.164000E-3	8.130000E-9	2.120000E-9	5.087000E-9	2.136000E-6	532.900000E-6	0.000000E+0	-111.559000E+0	55.443000E+0	NaN	NaN
	24/11/2022 17:15:07	-65.821000E-3	8.190000E-9	2.120000E-9	5.267000E-9	2.136000E-6	547.440000E-6	0.000000E+0	-111.672000E+0	55.331000E+0	NaN	NaN
	24/11/2022 17:15:14	-65.672000E-3	8.260000E-9	2.140000E-9	5.324000E-9	2.136000E-6	534.120000E-6	0.000000E+0	-111.559000E+0	55.443000E+0	NaN	NaN
	24/11/2022 17:15:21	-65.574000E-3	8.410000E-9	2.200000E-9	5.742000E-9	2.138000E-6	535.610000E-6	0.000000E+0	-111.559000E+0	55.443000E+0	NaN	NaN
	24/11/2022 17:15:28	-65.449000E-3	8.510000E-9	2.190000E-9	5.343000E-9	2.138000E-6	534.120000E-6	0.000000E+0	-111.672000E+0	55.443000E+0	NaN	NaN
	24/11/2022 17:15:35	-65.869000E-3	8.320000E-9	2.160000E-9	5.369000E-9	2.138000E-6	526.490000E-6	0.000000E+0	-111.559000E+0	55.331000E+0	NaN	NaN
	24/11/2022 17:15:43	-65.696000E-3	8.220000E-9	2.140000E-9	5.292000E-9	2.136000E-6	532.900000E-6	0.000000E+0	-111.559000E+0	55.443000E+0	NaN	NaN
	24/11/2022 17:15:50	-66.042000E-3	8.260000E-9	2.140000E-9	5.280000E-9	2.138000E-6	521.060000E-6	0.000000E+0	-111.559000E+0	55.443000E+0	NaN	NaN
	24/11/2022 17:15:57	-66.140000E-3	8.330000E-9	2.150000E-9	5.427000E-9	2.136000E-6	537.570000E-6	0.000000E+0	-111.896000E+0	55.443000E+0	NaN	NaN
	24/11/2022 17:16:04	-65.720000E-3	8.340000E-9	2.150000E-9	5.305000E-9	2.136000E-6	532.900000E-6	0.000000E+0	-111.672000E+0	55.555000E+0	NaN	NaN
	24/11/2022 17:16:11	-65.574000E-3	8.330000E-9	2.150000E-9	5.369000E-9	2.136000E-6	521.060000E-6	0.000000E+0	-111.559000E+0	55.331000E+0	NaN	NaN
	24/11/2022 17:16:18	-65.449000E-3	8.280000E-9	2.150000E-9	5.369000E-9	2.136000E-6	542.010000E-6	0.000000E+0	-111.559000E+0	55.443000E+0	NaN	NaN
	24/11/2022 17:16:26	-65.893000E-3	8.380000E-9	2.170000E-9	5.382000E-9	2.136000E-6	535.370000E-6	0.000000E+0	-111.672000E+0	55.331000E+0	NaN	NaN
	24/11/2022 17:16:33	-65.795000E-3	8.440000E-9	2.180000E-9	5.434000E-9	2.136000E-6	531.170000E-6	0.000000E+0	-111.672000E+0	55.443000E+0	NaN	NaN
	24/11/2022 17:16:40	-65.920000E-3	8.540000E-9	2.210000E-9	5.480000E-9	2.136000E-6	533.640000E-6	0.000000E+0	-111.447000E+0	55.443000E+0	NaN	NaN
	24/11/2022 17:16:47	-65.869000E-3	8.420000E-9	2.180000E-9	5.434000E-9	2.136000E-6	528.690000E-6	0.000000E+0	-111.559000E+0	55.443000E+0	NaN	NaN
	24/11/2022 17:16:54	-64.883000E-3	8.390000E-9	2.180000E-9	5.434000E-9	2.136000E-6	544.250000E-6	0.000000E+0	-111.559000E+0	55.555000E+0	NaN	NaN
	24/11/2022 17:17:02	-66.364000E-3	8.580000E-9	2.220000E-9	5.667000E-9	2.136000E-6	534.390000E-6	0.000000E+0	-111.672000E+0	55.555000E+0	NaN	NaN
	24/11/2022 17:17:09	-65.449000E-3	8.750000E-9	2.260000E-9	5.660000E-9	2.133000E-6	537.570000E-6	0.000000E+0	-111.784000E+0	55.219000E+0	NaN	NaN
	24/11/2022 17:17:16	-66.608000E-3	8.450000E-9	2.180000E-9	5.427000E-9	2.133000E-6	531.410000E-6	0.000000E+0	-111.559000E+0	55.331000E+0	NaN	NaN
	24/11/2022 17:17:23	-66.018000E-3	8.370000E-9	2.170000E-9	5.414000E-9	2.136000E-6	533.400000E-6	0.000000E+0	-111.335000E+0	55.331000E+0	NaN	NaN
	24/11/2022 17:17:30	-65.845000E-3	8.410000E-9	2.170000E-9	5.434000E-9	2.133000E-6	529.440000E-6	0.000000E+0	-111.447000E+0	55.331000E+0	NaN	NaN
	24/11/2022 17:17:37	-65.672000E-3	8.540000E-9	2.210000E-9	5.440000E-9	2.133000E-6	531.170000E-6	0.000000E+0	-111.559000E+0	55.331000E+0	NaN	NaN
	24/11/2022 17:17:45	-66.239000E-3	8.410000E-9	2.170000E-9	5.376000E-9	2.133000E-6	560.760000E-6	0.000000E+0	-111.559000E+0	55.555000E+0	NaN	NaN
	24/11/2022 17:17:52	-65.523000E-3	8.370000E-9	2.170000E-9	5.473000E-9	2.133000E-6	537.340000E-6	0.000000E+0	-111.672000E+0	55.443000E+0	NaN	NaN
	24/11/2022 17:17:59	-65.720000E-3	8.430000E-9	2.160000E-9	5.434000E-9	2.133000E-6	530.930000E-6	0.000000E+0	-111.559000E+0	55.443000E+0	NaN	NaN
	24/11/2022 17:18:06	-65.696000E-3	8.410000E-9	2.160000E-9	5.434000E-9	2.133000E-6	534.620000E-6	0.000000E+0	-111.672000E+0	55.443000E+0	NaN	NaN
	24/11/2022 17:18:13	-65.771000E-3	8.530000E-9	2.190000E-9	5.526000E-9	2.130000E-6	532.150000E-6	0.000000E+0	-111.784000E+0	55.443000E+0	NaN	NaN
	24/11/2022 17:18:20	-65.696000E-3	8.520000E-9	2.190000E-9	5.486000E-9	2.130000E-6	530.420000E-6	0.000000E+0	-111.784000E+0	55.443000E+0	NaN	NaN
	24/11/2022 17:18:28	-65.869000E-3	8.610000E-9	2.210000E-9	5.539000E-9	2.133000E-6	551.130000E-6	0.000000E+0	-111.559000E+0	55.555000E+0	NaN	NaN
	24/11/2022 17:18:35	-65.821000E-3	7.950000E-9	2.030000E-9	4.996000E-9	2.133000E-6	544.250000E-6	0.000000E+0	-111.672000E+0	55.443000E+0	NaN	NaN
	24/11/2022 17:18:42	-66.116000E-3	5.810000E-9	1.530000E-9	4.996000E-9	2.130000E-6	533.640000E-6	0.000000E+0	-111.447000E+0	55.443000E+0	NaN	NaN
