Live comments	Time	injection 100mbar	Barion_2	Barion_1	DUAL experiment	DUAL insulation	injection 1mbar	helium	T-platinum	T-CERNOX	I_emission	I_grid
	14/11/2022 10:26:51	697.180000E-3	1.960000E-9	696.000000E-12	4.996000E-9	898.600000E-9	773.420000E-3	0.000000E+0	-111.335000E+0	55.331000E+0	0.000000E+0	NaN
	14/11/2022 10:27:00	701.750000E-3	1.960000E-9	690.000000E-12	4.996000E-9	898.600000E-9	773.830000E-3	0.000000E+0	-111.223000E+0	55.443000E+0	0.000000E+0	NaN
	14/11/2022 10:27:10	696.790000E-3	1.960000E-9	682.000000E-12	4.996000E-9	898.600000E-9	774.270000E-3	0.000000E+0	-111.447000E+0	55.555000E+0	0.000000E+0	NaN
	14/11/2022 10:27:19	700.710000E-3	1.960000E-9	692.000000E-12	4.996000E-9	898.600000E-9	774.740000E-3	0.000000E+0	-111.223000E+0	55.331000E+0	0.000000E+0	NaN
	14/11/2022 10:27:28	701.050000E-3	1.960000E-9	698.000000E-12	4.996000E-9	898.600000E-9	775.160000E-3	0.000000E+0	-111.223000E+0	55.443000E+0	0.000000E+0	NaN
	14/11/2022 10:27:37	700.880000E-3	1.960000E-9	692.000000E-12	4.996000E-9	898.600000E-9	775.620000E-3	0.000000E+0	-111.335000E+0	55.443000E+0	0.000000E+0	NaN
	14/11/2022 10:27:46	700.910000E-3	1.970000E-9	691.000000E-12	4.996000E-9	899.700000E-9	776.040000E-3	0.000000E+0	-111.335000E+0	55.555000E+0	0.000000E+0	NaN
	14/11/2022 10:27:56	700.860000E-3	1.960000E-9	693.000000E-12	4.996000E-9	899.700000E-9	776.500000E-3	0.000000E+0	-111.447000E+0	55.331000E+0	0.000000E+0	NaN
	14/11/2022 10:28:05	700.880000E-3	1.950000E-9	695.000000E-12	4.996000E-9	899.700000E-9	776.900000E-3	0.000000E+0	-111.447000E+0	55.443000E+0	0.000000E+0	NaN
	14/11/2022 10:28:14	701.230000E-3	1.960000E-9	687.000000E-12	4.996000E-9	899.700000E-9	777.330000E-3	0.000000E+0	-111.335000E+0	55.331000E+0	0.000000E+0	NaN
	14/11/2022 10:28:23	700.830000E-3	1.960000E-9	688.000000E-12	4.996000E-9	900.800000E-9	777.790000E-3	0.000000E+0	-111.223000E+0	55.555000E+0	0.000000E+0	NaN
	14/11/2022 10:28:32	701.010000E-3	1.960000E-9	699.000000E-12	4.996000E-9	899.700000E-9	778.210000E-3	0.000000E+0	-111.335000E+0	55.555000E+0	0.000000E+0	NaN
	14/11/2022 10:28:41	700.800000E-3	1.950000E-9	691.000000E-12	4.996000E-9	900.800000E-9	778.690000E-3	0.000000E+0	-111.335000E+0	55.331000E+0	0.000000E+0	NaN
	14/11/2022 10:28:51	703.690000E-3	1.960000E-9	691.000000E-12	4.996000E-9	900.800000E-9	779.080000E-3	0.000000E+0	-111.223000E+0	55.443000E+0	0.000000E+0	NaN
	14/11/2022 10:29:00	704.950000E-3	1.960000E-9	685.000000E-12	4.996000E-9	900.800000E-9	779.450000E-3	0.000000E+0	-111.111000E+0	55.555000E+0	0.000000E+0	NaN
	14/11/2022 10:29:09	705.120000E-3	1.950000E-9	682.000000E-12	4.996000E-9	901.900000E-9	779.880000E-3	0.000000E+0	-111.223000E+0	55.555000E+0	0.000000E+0	NaN
	14/11/2022 10:29:18	705.250000E-3	1.960000E-9	685.000000E-12	4.996000E-9	900.800000E-9	780.290000E-3	0.000000E+0	-111.335000E+0	55.443000E+0	0.000000E+0	NaN
	14/11/2022 10:29:27	704.880000E-3	1.950000E-9	683.000000E-12	4.996000E-9	901.900000E-9	780.750000E-3	0.000000E+0	-111.223000E+0	55.555000E+0	0.000000E+0	NaN
	14/11/2022 10:29:37	705.350000E-3	1.960000E-9	685.000000E-12	4.996000E-9	901.900000E-9	781.170000E-3	0.000000E+0	-111.111000E+0	55.555000E+0	0.000000E+0	NaN
	14/11/2022 10:29:46	705.520000E-3	1.960000E-9	688.000000E-12	4.996000E-9	904.100000E-9	781.540000E-3	0.000000E+0	-111.335000E+0	55.555000E+0	0.000000E+0	NaN
	14/11/2022 10:29:55	705.350000E-3	1.960000E-9	689.000000E-12	4.996000E-9	902.900000E-9	782.000000E-3	0.000000E+0	-111.335000E+0	55.331000E+0	0.000000E+0	NaN
	14/11/2022 10:30:04	705.000000E-3	1.960000E-9	688.000000E-12	4.996000E-9	905.100000E-9	782.410000E-3	0.000000E+0	-111.111000E+0	55.555000E+0	0.000000E+0	NaN
	14/11/2022 10:30:13	705.020000E-3	1.960000E-9	692.000000E-12	4.996000E-9	905.100000E-9	782.850000E-3	0.000000E+0	-111.223000E+0	55.555000E+0	0.000000E+0	NaN
	14/11/2022 10:30:23	705.640000E-3	1.950000E-9	695.000000E-12	4.996000E-9	905.100000E-9	783.250000E-3	0.000000E+0	-111.223000E+0	55.443000E+0	0.000000E+0	NaN
	14/11/2022 10:30:32	705.570000E-3	1.960000E-9	701.000000E-12	4.996000E-9	905.100000E-9	783.630000E-3	0.000000E+0	-111.111000E+0	55.443000E+0	0.000000E+0	NaN
	14/11/2022 10:30:41	705.320000E-3	1.950000E-9	698.000000E-12	4.996000E-9	905.100000E-9	784.040000E-3	0.000000E+0	-111.223000E+0	55.780000E+0	0.000000E+0	NaN
	14/11/2022 10:30:50	704.480000E-3	1.950000E-9	699.000000E-12	4.996000E-9	905.100000E-9	784.450000E-3	0.000000E+0	-111.335000E+0	55.443000E+0	0.000000E+0	NaN
	14/11/2022 10:30:59	705.910000E-3	1.960000E-9	695.000000E-12	4.996000E-9	905.100000E-9	784.890000E-3	0.000000E+0	-111.223000E+0	55.555000E+0	0.000000E+0	NaN
	14/11/2022 10:31:09	704.750000E-3	1.950000E-9	698.000000E-12	4.996000E-9	906.200000E-9	785.320000E-3	0.000000E+0	-111.111000E+0	55.555000E+0	0.000000E+0	NaN
	14/11/2022 10:31:18	705.440000E-3	1.960000E-9	695.000000E-12	4.996000E-9	905.100000E-9	785.740000E-3	0.000000E+0	-111.223000E+0	55.668000E+0	0.000000E+0	NaN
	14/11/2022 10:31:27	709.110000E-3	1.960000E-9	694.000000E-12	4.996000E-9	906.200000E-9	786.170000E-3	0.000000E+0	-111.111000E+0	55.668000E+0	0.000000E+0	NaN
	14/11/2022 10:31:36	708.890000E-3	1.950000E-9	690.000000E-12	4.996000E-9	906.200000E-9	786.580000E-3	0.000000E+0	-111.111000E+0	55.443000E+0	0.000000E+0	NaN
	14/11/2022 10:31:45	709.040000E-3	1.950000E-9	694.000000E-12	4.996000E-9	906.200000E-9	787.050000E-3	0.000000E+0	-111.335000E+0	55.555000E+0	0.000000E+0	NaN
	14/11/2022 10:31:55	709.390000E-3	1.950000E-9	690.000000E-12	4.996000E-9	907.300000E-9	787.480000E-3	0.000000E+0	-111.111000E+0	55.668000E+0	0.000000E+0	NaN
	14/11/2022 10:32:04	708.850000E-3	1.960000E-9	694.000000E-12	4.996000E-9	907.300000E-9	787.890000E-3	0.000000E+0	-111.111000E+0	55.331000E+0	0.000000E+0	NaN
	14/11/2022 10:32:13	709.480000E-3	1.950000E-9	690.000000E-12	4.996000E-9	908.400000E-9	788.340000E-3	0.000000E+0	-110.998000E+0	55.555000E+0	0.000000E+0	NaN
	14/11/2022 10:32:22	708.820000E-3	1.940000E-9	687.000000E-12	4.996000E-9	908.400000E-9	788.730000E-3	0.000000E+0	-111.111000E+0	55.555000E+0	0.000000E+0	NaN
	14/11/2022 10:32:31	708.990000E-3	1.950000E-9	679.000000E-12	4.996000E-9	907.300000E-9	789.160000E-3	0.000000E+0	-111.111000E+0	55.555000E+0	0.000000E+0	NaN
	14/11/2022 10:32:41	709.780000E-3	1.950000E-9	682.000000E-12	4.996000E-9	908.400000E-9	789.560000E-3	0.000000E+0	-111.111000E+0	55.555000E+0	0.000000E+0	NaN
	14/11/2022 10:32:50	709.070000E-3	1.960000E-9	697.000000E-12	4.996000E-9	908.400000E-9	789.940000E-3	0.000000E+0	-111.223000E+0	55.555000E+0	0.000000E+0	NaN
	14/11/2022 10:32:59	710.620000E-3	1.950000E-9	690.000000E-12	4.996000E-9	908.400000E-9	790.390000E-3	0.000000E+0	-111.223000E+0	55.668000E+0	0.000000E+0	NaN
	14/11/2022 10:33:08	708.920000E-3	1.950000E-9	691.000000E-12	4.996000E-9	909.500000E-9	790.810000E-3	0.000000E+0	-110.998000E+0	55.668000E+0	0.000000E+0	NaN
	14/11/2022 10:33:17	709.780000E-3	1.950000E-9	682.000000E-12	4.996000E-9	909.500000E-9	791.290000E-3	0.000000E+0	-111.111000E+0	55.443000E+0	0.000000E+0	NaN
	14/11/2022 10:33:27	712.860000E-3	1.950000E-9	696.000000E-12	4.996000E-9	909.500000E-9	791.700000E-3	0.000000E+0	-111.111000E+0	55.668000E+0	0.000000E+0	NaN
	14/11/2022 10:33:36	713.310000E-3	1.950000E-9	697.000000E-12	4.996000E-9	936.100000E-9	792.120000E-3	0.000000E+0	-111.223000E+0	55.555000E+0	0.000000E+0	NaN
	14/11/2022 10:33:45	712.960000E-3	1.950000E-9	693.000000E-12	4.996000E-9	926.000000E-9	792.530000E-3	0.000000E+0	-111.111000E+0	55.555000E+0	0.000000E+0	NaN
	14/11/2022 10:33:54	713.410000E-3	1.950000E-9	690.000000E-12	4.996000E-9	923.800000E-9	792.940000E-3	0.000000E+0	-110.886000E+0	55.668000E+0	0.000000E+0	NaN
	14/11/2022 10:34:03	713.260000E-3	1.940000E-9	694.000000E-12	4.996000E-9	920.500000E-9	793.400000E-3	0.000000E+0	-110.886000E+0	55.443000E+0	0.000000E+0	NaN
	14/11/2022 10:34:12	713.260000E-3	1.950000E-9	696.000000E-12	4.996000E-9	918.200000E-9	793.830000E-3	0.000000E+0	-110.998000E+0	55.555000E+0	0.000000E+0	NaN
	14/11/2022 10:34:22	713.080000E-3	1.950000E-9	695.000000E-12	4.996000E-9	917.200000E-9	794.280000E-3	0.000000E+0	-111.111000E+0	55.668000E+0	0.000000E+0	NaN
	14/11/2022 10:34:31	716.290000E-3	1.950000E-9	697.000000E-12	4.996000E-9	917.200000E-9	794.700000E-3	0.000000E+0	-111.111000E+0	55.668000E+0	0.000000E+0	NaN
	14/11/2022 10:34:40	717.050000E-3	1.950000E-9	696.000000E-12	4.996000E-9	916.100000E-9	795.090000E-3	0.000000E+0	-111.111000E+0	55.555000E+0	0.000000E+0	NaN
	14/11/2022 10:34:49	717.080000E-3	1.950000E-9	696.000000E-12	4.996000E-9	917.200000E-9	795.510000E-3	0.000000E+0	-110.998000E+0	55.668000E+0	0.000000E+0	NaN
	14/11/2022 10:34:58	717.250000E-3	1.950000E-9	687.000000E-12	4.996000E-9	916.100000E-9	795.930000E-3	0.000000E+0	-110.998000E+0	55.668000E+0	0.000000E+0	NaN
	14/11/2022 10:35:08	716.880000E-3	1.940000E-9	688.000000E-12	4.996000E-9	916.100000E-9	796.390000E-3	0.000000E+0	-110.998000E+0	55.555000E+0	0.000000E+0	NaN
	14/11/2022 10:35:17	716.530000E-3	1.940000E-9	692.000000E-12	4.996000E-9	916.100000E-9	796.790000E-3	0.000000E+0	-110.886000E+0	55.555000E+0	0.000000E+0	NaN
	14/11/2022 10:35:26	716.960000E-3	1.940000E-9	695.000000E-12	4.996000E-9	917.200000E-9	797.180000E-3	0.000000E+0	-110.886000E+0	55.668000E+0	0.000000E+0	NaN
	14/11/2022 10:35:35	716.880000E-3	1.950000E-9	693.000000E-12	4.996000E-9	917.200000E-9	797.630000E-3	0.000000E+0	-111.111000E+0	55.668000E+0	0.000000E+0	NaN
	14/11/2022 10:35:44	717.110000E-3	1.960000E-9	682.000000E-12	4.996000E-9	917.200000E-9	798.050000E-3	0.000000E+0	-110.886000E+0	55.668000E+0	0.000000E+0	NaN
	14/11/2022 10:35:54	720.750000E-3	1.960000E-9	689.000000E-12	4.996000E-9	917.200000E-9	798.490000E-3	0.000000E+0	-110.886000E+0	55.668000E+0	0.000000E+0	NaN
	14/11/2022 10:36:03	717.130000E-3	1.990000E-9	708.000000E-12	4.996000E-9	918.200000E-9	798.880000E-3	0.000000E+0	-110.998000E+0	55.443000E+0	0.000000E+0	NaN
	14/11/2022 10:36:12	720.850000E-3	2.430000E-9	940.000000E-12	4.996000E-9	918.200000E-9	799.280000E-3	0.000000E+0	-110.886000E+0	55.443000E+0	0.000000E+0	NaN
	14/11/2022 10:36:21	720.800000E-3	5.420000E-9	2.090000E-9	4.996000E-9	917.200000E-9	799.750000E-3	0.000000E+0	-111.111000E+0	55.555000E+0	0.000000E+0	NaN
	14/11/2022 10:36:30	720.560000E-3	41.100000E-9	16.500000E-9	4.996000E-9	918.200000E-9	800.120000E-3	0.000000E+0	-111.223000E+0	55.668000E+0	0.000000E+0	NaN
	14/11/2022 10:36:40	721.420000E-3	854.000000E-9	333.000000E-9	4.996000E-9	918.200000E-9	799.940000E-3	0.000000E+0	-110.998000E+0	55.668000E+0	0.000000E+0	NaN
	14/11/2022 10:36:49	718.260000E-3	3.550000E-6	1.400000E-6	4.996000E-9	917.200000E-9	798.830000E-3	0.000000E+0	-110.998000E+0	55.780000E+0	0.000000E+0	NaN
	14/11/2022 10:36:58	719.050000E-3	44.500000E-9	21.800000E-9	4.996000E-9	918.200000E-9	798.750000E-3	0.000000E+0	-110.886000E+0	55.780000E+0	0.000000E+0	NaN
	14/11/2022 10:37:07	716.710000E-3	9.940000E-9	2.650000E-9	4.996000E-9	919.400000E-9	83.304000E-3	0.000000E+0	-110.998000E+0	55.555000E+0	0.000000E+0	NaN
	14/11/2022 10:37:16	-58.696000E-3	7.380000E-9	1.950000E-9	4.996000E-9	918.200000E-9	1.376600E-3	0.000000E+0	-110.886000E+0	55.555000E+0	0.000000E+0	NaN
	14/11/2022 10:37:26	-66.879000E-3	6.290000E-9	1.690000E-9	4.996000E-9	918.200000E-9	809.790000E-6	0.000000E+0	-110.886000E+0	55.668000E+0	0.000000E+0	NaN
	14/11/2022 10:37:35	-67.225000E-3	5.610000E-9	1.530000E-9	4.996000E-9	920.500000E-9	1.021100E-3	0.000000E+0	-110.998000E+0	55.555000E+0	0.000000E+0	NaN
	14/11/2022 10:37:44	-66.707000E-3	5.240000E-9	1.420000E-9	4.996000E-9	920.500000E-9	969.050000E-6	0.000000E+0	-110.886000E+0	55.555000E+0	0.000000E+0	NaN
	14/11/2022 10:37:53	-66.659000E-3	4.920000E-9	1.350000E-9	4.996000E-9	919.400000E-9	882.770000E-6	0.000000E+0	-110.774000E+0	55.780000E+0	0.000000E+0	NaN
	14/11/2022 10:38:02	-66.411000E-3	4.660000E-9	1.290000E-9	4.996000E-9	921.600000E-9	827.040000E-6	0.000000E+0	-110.886000E+0	55.668000E+0	0.000000E+0	NaN
	14/11/2022 10:38:12	-66.978000E-3	4.450000E-9	1.240000E-9	4.996000E-9	922.700000E-9	666.290000E-6	0.000000E+0	-110.886000E+0	55.780000E+0	0.000000E+0	NaN
	14/11/2022 10:38:21	-66.757000E-3	4.280000E-9	1.200000E-9	4.996000E-9	922.700000E-9	388.410000E-6	0.000000E+0	-110.998000E+0	55.555000E+0	0.000000E+0	NaN
	14/11/2022 10:38:30	-67.103000E-3	4.140000E-9	1.170000E-9	4.996000E-9	922.700000E-9	108.150000E-3	0.000000E+0	-110.886000E+0	55.668000E+0	0.000000E+0	NaN
	14/11/2022 10:38:39	-26.742000E-3	4.020000E-9	1.140000E-9	4.996000E-9	919.400000E-9	2.678200E-3	0.000000E+0	-110.998000E+0	55.555000E+0	0.000000E+0	NaN
	14/11/2022 10:38:48	-66.635000E-3	3.900000E-9	1.120000E-9	4.996000E-9	919.400000E-9	727.680000E-6	0.000000E+0	-110.998000E+0	55.780000E+0	0.000000E+0	NaN
	14/11/2022 10:38:57	-66.879000E-3	3.820000E-9	1.110000E-9	4.996000E-9	921.600000E-9	553.610000E-6	0.000000E+0	-110.886000E+0	55.780000E+0	0.000000E+0	NaN
	14/11/2022 10:39:07	-67.052000E-3	3.730000E-9	1.090000E-9	4.996000E-9	919.400000E-9	367.940000E-6	0.000000E+0	-110.886000E+0	55.668000E+0	0.000000E+0	NaN
	14/11/2022 10:39:16	-66.635000E-3	3.650000E-9	1.080000E-9	4.996000E-9	921.600000E-9	330.950000E-6	0.000000E+0	-110.774000E+0	55.668000E+0	0.000000E+0	NaN
	14/11/2022 10:39:25	-66.608000E-3	3.590000E-9	1.060000E-9	4.996000E-9	919.400000E-9	652.830000E-3	0.000000E+0	-110.998000E+0	55.555000E+0	0.000000E+0	NaN
	14/11/2022 10:39:34	581.330000E-3	3.530000E-9	1.050000E-9	4.996000E-9	922.700000E-9	653.670000E-3	0.000000E+0	-110.886000E+0	55.780000E+0	0.000000E+0	NaN
	14/11/2022 10:39:43	581.160000E-3	3.510000E-9	1.030000E-9	4.996000E-9	921.600000E-9	654.980000E-3	0.000000E+0	-110.886000E+0	55.780000E+0	0.000000E+0	NaN
	14/11/2022 10:39:53	581.770000E-3	3.440000E-9	1.020000E-9	4.996000E-9	921.600000E-9	656.180000E-3	0.000000E+0	-110.998000E+0	55.892000E+0	0.000000E+0	NaN
	14/11/2022 10:40:02	585.080000E-3	3.400000E-9	1.010000E-9	4.996000E-9	922.700000E-9	657.370000E-3	0.000000E+0	-110.886000E+0	55.668000E+0	0.000000E+0	NaN
	14/11/2022 10:40:11	588.850000E-3	3.380000E-9	1.020000E-9	4.996000E-9	922.700000E-9	658.600000E-3	0.000000E+0	-110.886000E+0	55.668000E+0	0.000000E+0	NaN
	14/11/2022 10:40:20	585.400000E-3	4.080000E-9	1.400000E-9	4.996000E-9	922.700000E-9	659.800000E-3	0.000000E+0	-110.886000E+0	55.668000E+0	0.000000E+0	NaN
	14/11/2022 10:40:29	589.220000E-3	11.500000E-9	9.380000E-9	4.996000E-9	922.700000E-9	660.960000E-3	0.000000E+0	-110.886000E+0	55.668000E+0	0.000000E+0	NaN
	14/11/2022 10:40:39	588.970000E-3	105.000000E-9	46.400000E-9	4.996000E-9	922.700000E-9	662.090000E-3	0.000000E+0	-110.774000E+0	55.780000E+0	0.000000E+0	NaN
	14/11/2022 10:40:48	589.050000E-3	210.000000E-9	85.500000E-9	4.996000E-9	1.299000E-6	663.180000E-3	0.000000E+0	-110.886000E+0	55.780000E+0	0.000000E+0	NaN
	14/11/2022 10:40:57	588.530000E-3	211.000000E-9	86.100000E-9	4.996000E-9	1.129000E-6	664.230000E-3	0.000000E+0	-110.662000E+0	55.668000E+0	0.000000E+0	NaN
	14/11/2022 10:41:06	588.800000E-3	212.000000E-9	86.100000E-9	4.996000E-9	1.037000E-6	665.350000E-3	0.000000E+0	-110.886000E+0	55.780000E+0	0.000000E+0	NaN
	14/11/2022 10:41:15	588.480000E-3	212.000000E-9	86.100000E-9	4.996000E-9	986.800000E-9	666.390000E-3	0.000000E+0	-110.774000E+0	55.780000E+0	0.000000E+0	NaN
	14/11/2022 10:41:24	589.120000E-3	213.000000E-9	86.300000E-9	4.996000E-9	960.000000E-9	667.450000E-3	0.000000E+0	-110.886000E+0	55.780000E+0	0.000000E+0	NaN
	14/11/2022 10:41:34	593.270000E-3	213.000000E-9	86.400000E-9	4.996000E-9	945.100000E-9	668.530000E-3	0.000000E+0	-110.886000E+0	55.780000E+0	0.000000E+0	NaN
	14/11/2022 10:41:43	592.820000E-3	213.000000E-9	86.500000E-9	4.996000E-9	937.200000E-9	669.580000E-3	0.000000E+0	-110.886000E+0	55.780000E+0	0.000000E+0	NaN
	14/11/2022 10:41:52	593.640000E-3	213.000000E-9	86.300000E-9	4.996000E-9	934.900000E-9	670.670000E-3	0.000000E+0	-110.662000E+0	55.892000E+0	0.000000E+0	NaN
	14/11/2022 10:42:01	593.560000E-3	214.000000E-9	86.500000E-9	4.996000E-9	933.800000E-9	671.740000E-3	0.000000E+0	-110.886000E+0	55.780000E+0	0.000000E+0	NaN
	14/11/2022 10:42:10	593.490000E-3	214.000000E-9	86.700000E-9	4.996000E-9	933.800000E-9	672.740000E-3	0.000000E+0	-110.886000E+0	55.780000E+0	0.000000E+0	NaN
	14/11/2022 10:42:20	593.680000E-3	215.000000E-9	86.600000E-9	4.996000E-9	933.800000E-9	673.760000E-3	0.000000E+0	-110.886000E+0	55.780000E+0	0.000000E+0	NaN
	14/11/2022 10:42:29	593.240000E-3	215.000000E-9	86.700000E-9	4.996000E-9	929.400000E-9	674.750000E-3	0.000000E+0	-110.886000E+0	55.668000E+0	0.000000E+0	NaN
	14/11/2022 10:42:38	593.120000E-3	215.000000E-9	86.800000E-9	4.996000E-9	930.500000E-9	675.720000E-3	0.000000E+0	-110.886000E+0	55.780000E+0	0.000000E+0	NaN
	14/11/2022 10:42:47	597.350000E-3	216.000000E-9	86.800000E-9	4.996000E-9	927.100000E-9	676.720000E-3	0.000000E+0	-110.662000E+0	55.668000E+0	0.000000E+0	NaN
	14/11/2022 10:42:56	597.240000E-3	216.000000E-9	86.900000E-9	4.996000E-9	928.200000E-9	677.710000E-3	0.000000E+0	-110.662000E+0	55.780000E+0	0.000000E+0	NaN
	14/11/2022 10:43:06	597.130000E-3	217.000000E-9	87.000000E-9	4.996000E-9	926.000000E-9	678.690000E-3	0.000000E+0	-110.662000E+0	55.780000E+0	0.000000E+0	NaN
	14/11/2022 10:43:15	597.350000E-3	217.000000E-9	87.400000E-9	4.996000E-9	926.000000E-9	679.700000E-3	0.000000E+0	-110.886000E+0	55.668000E+0	0.000000E+0	NaN
	14/11/2022 10:43:24	597.380000E-3	218.000000E-9	87.500000E-9	4.996000E-9	927.100000E-9	680.660000E-3	0.000000E+0	-110.774000E+0	55.780000E+0	0.000000E+0	NaN
	14/11/2022 10:43:33	600.880000E-3	218.000000E-9	87.600000E-9	4.996000E-9	927.100000E-9	681.650000E-3	0.000000E+0	-110.662000E+0	55.668000E+0	0.000000E+0	NaN
	14/11/2022 10:43:42	601.350000E-3	219.000000E-9	87.800000E-9	4.996000E-9	927.100000E-9	682.610000E-3	0.000000E+0	-110.662000E+0	55.668000E+0	0.000000E+0	NaN
	14/11/2022 10:43:52	601.280000E-3	219.000000E-9	87.700000E-9	4.996000E-9	933.800000E-9	683.550000E-3	0.000000E+0	-110.662000E+0	55.780000E+0	0.000000E+0	NaN
	14/11/2022 10:44:01	601.550000E-3	219.000000E-9	87.900000E-9	4.996000E-9	932.700000E-9	684.490000E-3	0.000000E+0	-110.886000E+0	55.892000E+0	0.000000E+0	NaN
	14/11/2022 10:44:10	601.970000E-3	220.000000E-9	88.000000E-9	4.996000E-9	933.800000E-9	685.420000E-3	0.000000E+0	-110.662000E+0	55.892000E+0	0.000000E+0	NaN
	14/11/2022 10:44:19	601.820000E-3	220.000000E-9	87.800000E-9	4.996000E-9	933.800000E-9	686.320000E-3	0.000000E+0	-110.774000E+0	55.892000E+0	0.000000E+0	NaN
	14/11/2022 10:44:28	604.900000E-3	220.000000E-9	88.100000E-9	4.996000E-9	932.700000E-9	687.260000E-3	0.000000E+0	-110.774000E+0	55.892000E+0	0.000000E+0	NaN
	14/11/2022 10:44:37	605.050000E-3	221.000000E-9	88.300000E-9	4.996000E-9	933.800000E-9	688.180000E-3	0.000000E+0	-110.662000E+0	55.780000E+0	0.000000E+0	NaN
	14/11/2022 10:44:47	605.200000E-3	221.000000E-9	88.300000E-9	4.996000E-9	933.800000E-9	689.090000E-3	0.000000E+0	-110.662000E+0	55.780000E+0	0.000000E+0	NaN
	14/11/2022 10:44:56	606.110000E-3	221.000000E-9	88.400000E-9	4.996000E-9	928.200000E-9	690.020000E-3	0.000000E+0	-110.774000E+0	55.892000E+0	0.000000E+0	NaN
	14/11/2022 10:45:05	608.890000E-3	222.000000E-9	88.400000E-9	4.996000E-9	924.900000E-9	690.910000E-3	0.000000E+0	-110.774000E+0	55.668000E+0	0.000000E+0	NaN
	14/11/2022 10:45:14	608.890000E-3	222.000000E-9	88.500000E-9	4.996000E-9	922.700000E-9	691.830000E-3	0.000000E+0	-110.549000E+0	55.892000E+0	0.000000E+0	NaN
	14/11/2022 10:45:23	609.020000E-3	222.000000E-9	88.700000E-9	4.996000E-9	913.900000E-9	692.740000E-3	0.000000E+0	-110.662000E+0	55.892000E+0	0.000000E+0	NaN
	14/11/2022 10:45:32	613.630000E-3	223.000000E-9	88.900000E-9	4.996000E-9	908.400000E-9	693.570000E-3	0.000000E+0	-110.662000E+0	56.004000E+0	0.000000E+0	NaN
	14/11/2022 10:45:42	613.630000E-3	223.000000E-9	88.900000E-9	4.996000E-9	905.100000E-9	694.410000E-3	0.000000E+0	-110.662000E+0	55.892000E+0	0.000000E+0	NaN
	14/11/2022 10:45:51	613.230000E-3	223.000000E-9	88.900000E-9	4.996000E-9	899.700000E-9	695.270000E-3	0.000000E+0	-110.774000E+0	55.668000E+0	0.000000E+0	NaN
	14/11/2022 10:46:00	613.060000E-3	223.000000E-9	88.900000E-9	4.996000E-9	897.600000E-9	696.130000E-3	0.000000E+0	-110.774000E+0	55.780000E+0	0.000000E+0	NaN
	14/11/2022 10:46:09	616.880000E-3	224.000000E-9	89.100000E-9	4.996000E-9	889.000000E-9	696.990000E-3	0.000000E+0	-110.662000E+0	55.668000E+0	0.000000E+0	NaN
	14/11/2022 10:46:18	617.550000E-3	224.000000E-9	89.200000E-9	4.996000E-9	883.600000E-9	697.850000E-3	0.000000E+0	-110.549000E+0	55.892000E+0	0.000000E+0	NaN
	14/11/2022 10:46:27	617.670000E-3	224.000000E-9	89.200000E-9	4.996000E-9	881.500000E-9	698.660000E-3	0.000000E+0	-110.549000E+0	55.892000E+0	0.000000E+0	NaN
	14/11/2022 10:46:37	617.080000E-3	225.000000E-9	89.200000E-9	4.996000E-9	877.300000E-9	699.540000E-3	0.000000E+0	-110.662000E+0	55.892000E+0	0.000000E+0	NaN
	14/11/2022 10:46:46	621.350000E-3	225.000000E-9	89.300000E-9	4.996000E-9	874.100000E-9	700.410000E-3	0.000000E+0	-110.662000E+0	56.004000E+0	0.000000E+0	NaN
	14/11/2022 10:46:55	620.850000E-3	226.000000E-9	89.500000E-9	4.996000E-9	872.100000E-9	701.260000E-3	0.000000E+0	-110.549000E+0	55.892000E+0	0.000000E+0	NaN
	14/11/2022 10:47:04	620.930000E-3	226.000000E-9	89.600000E-9	4.996000E-9	866.800000E-9	702.080000E-3	0.000000E+0	-110.662000E+0	56.004000E+0	0.000000E+0	NaN
	14/11/2022 10:47:13	624.970000E-3	226.000000E-9	89.700000E-9	4.996000E-9	864.700000E-9	702.870000E-3	0.000000E+0	-110.549000E+0	55.892000E+0	0.000000E+0	NaN
	14/11/2022 10:47:23	625.460000E-3	226.000000E-9	89.700000E-9	4.996000E-9	857.500000E-9	703.660000E-3	0.000000E+0	-110.549000E+0	55.892000E+0	0.000000E+0	NaN
	14/11/2022 10:47:32	625.640000E-3	227.000000E-9	89.700000E-9	4.996000E-9	855.500000E-9	704.480000E-3	0.000000E+0	-110.325000E+0	55.780000E+0	0.000000E+0	NaN
	14/11/2022 10:47:41	625.090000E-3	227.000000E-9	89.900000E-9	4.996000E-9	853.400000E-9	705.300000E-3	0.000000E+0	-110.774000E+0	55.892000E+0	0.000000E+0	NaN
	14/11/2022 10:47:50	629.040000E-3	228.000000E-9	90.100000E-9	4.996000E-9	848.300000E-9	706.060000E-3	0.000000E+0	-110.662000E+0	56.004000E+0	0.000000E+0	NaN
	14/11/2022 10:47:59	628.740000E-3	228.000000E-9	90.300000E-9	4.996000E-9	843.200000E-9	706.840000E-3	0.000000E+0	-110.549000E+0	55.668000E+0	0.000000E+0	NaN
	14/11/2022 10:48:09	629.060000E-3	228.000000E-9	90.200000E-9	4.996000E-9	839.200000E-9	707.650000E-3	0.000000E+0	-110.662000E+0	56.004000E+0	0.000000E+0	NaN
	14/11/2022 10:48:18	629.090000E-3	228.000000E-9	90.300000E-9	4.996000E-9	833.200000E-9	708.440000E-3	0.000000E+0	-110.774000E+0	56.004000E+0	0.000000E+0	NaN
	14/11/2022 10:48:27	628.330000E-3	228.000000E-9	90.300000E-9	4.996000E-9	832.200000E-9	709.190000E-3	0.000000E+0	-110.662000E+0	55.892000E+0	0.000000E+0	NaN
	14/11/2022 10:48:36	633.130000E-3	229.000000E-9	90.300000E-9	4.996000E-9	824.200000E-9	709.940000E-3	0.000000E+0	-110.549000E+0	55.892000E+0	0.000000E+0	NaN
	14/11/2022 10:48:45	633.620000E-3	229.000000E-9	90.300000E-9	4.996000E-9	816.300000E-9	710.730000E-3	0.000000E+0	-110.662000E+0	55.892000E+0	0.000000E+0	NaN
	14/11/2022 10:48:55	633.110000E-3	20.400000E-9	4.200000E-9	4.996000E-9	807.500000E-9	711.590000E-3	0.000000E+0	-110.549000E+0	55.780000E+0	0.000000E+0	NaN
	14/11/2022 10:49:04	632.930000E-3	9.210000E-9	2.540000E-9	4.996000E-9	800.800000E-9	712.500000E-3	0.000000E+0	-110.549000E+0	55.892000E+0	0.000000E+0	NaN
	14/11/2022 10:49:13	640.900000E-3	8.160000E-9	2.250000E-9	4.996000E-9	791.200000E-9	713.320000E-3	0.000000E+0	-110.549000E+0	56.004000E+0	0.000000E+0	NaN
	14/11/2022 10:49:22	641.410000E-3	7.550000E-9	2.080000E-9	4.996000E-9	780.900000E-9	714.210000E-3	0.000000E+0	-110.549000E+0	55.780000E+0	0.000000E+0	NaN
	14/11/2022 10:49:31	641.240000E-3	7.150000E-9	1.970000E-9	4.996000E-9	772.500000E-9	715.090000E-3	0.000000E+0	-110.437000E+0	56.004000E+0	0.000000E+0	NaN
	14/11/2022 10:49:41	645.460000E-3	6.840000E-9	1.880000E-9	4.996000E-9	762.300000E-9	715.930000E-3	0.000000E+0	-110.662000E+0	55.780000E+0	0.000000E+0	NaN
	14/11/2022 10:49:50	644.940000E-3	6.550000E-9	1.830000E-9	4.996000E-9	753.200000E-9	716.790000E-3	0.000000E+0	-110.549000E+0	56.004000E+0	0.000000E+0	NaN
