Live comments	Time	injection 100mbar	Barion_2	Barion_1	DUAL experiment	DUAL insulation	injection 1mbar	helium	T-platinum	T-CERNOX	I_emission	I_grid
	15/11/2022 15:28:41	-63.181000E-3	585.000000E-12	318.000000E-12	4.996000E-9	526.100000E-9	490.250000E-6	239.000000E+0	-5.050000E+0	4.302901E+3	NaN	NaN
	15/11/2022 15:28:48	-63.527000E-3	585.000000E-12	317.000000E-12	4.996000E-9	525.400000E-9	485.060000E-6	239.000000E+0	-5.163000E+0	4.302676E+3	NaN	NaN
	15/11/2022 15:28:56	-63.035000E-3	583.000000E-12	316.000000E-12	4.996000E-9	524.800000E-9	483.570000E-6	239.000000E+0	-5.275000E+0	4.302789E+3	NaN	NaN
	15/11/2022 15:29:03	-63.798000E-3	583.000000E-12	316.000000E-12	4.996000E-9	524.800000E-9	486.050000E-6	239.000000E+0	-5.163000E+0	4.302901E+3	NaN	NaN
	15/11/2022 15:29:10	-64.760000E-3	584.000000E-12	316.000000E-12	4.996000E-9	524.800000E-9	478.420000E-6	239.000000E+0	-5.163000E+0	4.302901E+3	NaN	NaN
	15/11/2022 15:29:17	-62.615000E-3	583.000000E-12	316.000000E-12	4.996000E-9	520.400000E-9	497.640000E-6	239.000000E+0	-5.275000E+0	4.302789E+3	NaN	NaN
	15/11/2022 15:29:24	-63.035000E-3	583.000000E-12	315.000000E-12	4.996000E-9	519.800000E-9	484.080000E-6	239.000000E+0	-5.163000E+0	4.303013E+3	NaN	NaN
	15/11/2022 15:29:32	-63.279000E-3	582.000000E-12	316.000000E-12	4.996000E-9	519.800000E-9	481.610000E-6	239.000000E+0	-5.050000E+0	4.302901E+3	NaN	NaN
	15/11/2022 15:29:39	-63.232000E-3	583.000000E-12	315.000000E-12	4.996000E-9	519.800000E-9	490.250000E-6	239.000000E+0	-5.050000E+0	4.302901E+3	NaN	NaN
	15/11/2022 15:29:46	-63.181000E-3	582.000000E-12	316.000000E-12	4.996000E-9	519.800000E-9	475.700000E-6	239.000000E+0	-5.050000E+0	4.303013E+3	NaN	NaN
	15/11/2022 15:29:53	-63.354000E-3	582.000000E-12	315.000000E-12	4.996000E-9	519.800000E-9	484.590000E-6	239.000000E+0	-5.050000E+0	4.303013E+3	NaN	NaN
	15/11/2022 15:30:00	-63.428000E-3	582.000000E-12	315.000000E-12	4.996000E-9	519.800000E-9	471.260000E-6	239.000000E+0	-5.050000E+0	4.302789E+3	NaN	NaN
	15/11/2022 15:30:07	-63.479000E-3	582.000000E-12	314.000000E-12	4.996000E-9	519.800000E-9	486.550000E-6	239.000000E+0	-5.163000E+0	4.303013E+3	NaN	NaN
	15/11/2022 15:30:15	-62.960000E-3	582.000000E-12	315.000000E-12	4.996000E-9	519.800000E-9	489.000000E-6	239.000000E+0	-5.163000E+0	4.303013E+3	NaN	NaN
	15/11/2022 15:30:22	-62.615000E-3	582.000000E-12	315.000000E-12	4.996000E-9	519.200000E-9	483.570000E-6	239.000000E+0	-5.163000E+0	4.302901E+3	NaN	NaN
	15/11/2022 15:30:29	-66.832000E-3	582.000000E-12	315.000000E-12	4.996000E-9	519.200000E-9	484.320000E-6	238.000000E+0	-5.050000E+0	4.303125E+3	NaN	NaN
	15/11/2022 15:30:36	-63.181000E-3	582.000000E-12	313.000000E-12	4.996000E-9	518.500000E-9	484.590000E-6	239.000000E+0	-5.163000E+0	4.303125E+3	NaN	NaN
	15/11/2022 15:30:43	-63.255000E-3	582.000000E-12	313.000000E-12	4.996000E-9	516.100000E-9	482.110000E-6	238.000000E+0	-5.275000E+0	4.303238E+3	NaN	NaN
	15/11/2022 15:30:50	-63.133000E-3	581.000000E-12	313.000000E-12	4.996000E-9	516.100000E-9	484.080000E-6	239.000000E+0	-5.050000E+0	4.303350E+3	NaN	NaN
	15/11/2022 15:30:58	-63.279000E-3	582.000000E-12	313.000000E-12	4.996000E-9	515.400000E-9	483.570000E-6	239.000000E+0	-5.163000E+0	4.303238E+3	NaN	NaN
	15/11/2022 15:31:05	-62.615000E-3	581.000000E-12	314.000000E-12	4.996000E-9	515.400000E-9	486.050000E-6	239.000000E+0	-5.163000E+0	4.303238E+3	NaN	NaN
	15/11/2022 15:31:12	-62.910000E-3	581.000000E-12	314.000000E-12	4.996000E-9	515.400000E-9	482.350000E-6	239.000000E+0	-5.050000E+0	4.303125E+3	NaN	NaN
	15/11/2022 15:31:19	-63.479000E-3	582.000000E-12	314.000000E-12	4.996000E-9	514.800000E-9	487.300000E-6	239.000000E+0	-5.163000E+0	4.303350E+3	NaN	NaN
	15/11/2022 15:31:26	-62.639000E-3	586.000000E-12	316.000000E-12	4.996000E-9	514.800000E-9	478.150000E-6	238.000000E+0	-5.163000E+0	4.303238E+3	NaN	NaN
	15/11/2022 15:31:33	-63.381000E-3	586.000000E-12	316.000000E-12	4.996000E-9	514.800000E-9	483.840000E-6	239.000000E+0	-5.050000E+0	4.303238E+3	NaN	NaN
	15/11/2022 15:31:41	-63.255000E-3	585.000000E-12	315.000000E-12	4.996000E-9	514.800000E-9	501.570000E-6	238.000000E+0	-5.163000E+0	4.303350E+3	NaN	NaN
	15/11/2022 15:31:48	-63.822000E-3	584.000000E-12	315.000000E-12	4.996000E-9	516.100000E-9	484.080000E-6	238.000000E+0	-5.275000E+0	4.303462E+3	NaN	NaN
	15/11/2022 15:31:55	-63.035000E-3	585.000000E-12	315.000000E-12	4.996000E-9	516.100000E-9	479.880000E-6	238.000000E+0	-5.050000E+0	4.303574E+3	NaN	NaN
	15/11/2022 15:32:02	-62.960000E-3	585.000000E-12	316.000000E-12	4.996000E-9	517.900000E-9	476.930000E-6	239.000000E+0	-5.163000E+0	4.303462E+3	NaN	NaN
	15/11/2022 15:32:09	-66.388000E-3	585.000000E-12	314.000000E-12	4.996000E-9	517.300000E-9	505.780000E-6	239.000000E+0	-4.938000E+0	4.303462E+3	NaN	NaN
	15/11/2022 15:32:16	-62.764000E-3	583.000000E-12	315.000000E-12	4.996000E-9	517.300000E-9	498.620000E-6	238.000000E+0	-5.163000E+0	4.303574E+3	NaN	NaN
	15/11/2022 15:32:24	-63.035000E-3	585.000000E-12	314.000000E-12	4.996000E-9	517.900000E-9	486.280000E-6	238.000000E+0	-5.163000E+0	4.303462E+3	NaN	NaN
	15/11/2022 15:32:31	-64.981000E-3	584.000000E-12	314.000000E-12	4.996000E-9	516.700000E-9	507.270000E-6	239.000000E+0	-5.387000E+0	4.303574E+3	NaN	NaN
	15/11/2022 15:32:38	-62.886000E-3	584.000000E-12	314.000000E-12	4.996000E-9	519.200000E-9	486.550000E-6	238.000000E+0	-5.275000E+0	4.303462E+3	NaN	NaN
	15/11/2022 15:32:45	-62.466000E-3	585.000000E-12	315.000000E-12	4.996000E-9	518.500000E-9	495.670000E-6	238.000000E+0	-5.163000E+0	4.303574E+3	NaN	NaN
	15/11/2022 15:32:52	-63.035000E-3	585.000000E-12	314.000000E-12	4.996000E-9	519.200000E-9	488.520000E-6	238.000000E+0	-5.275000E+0	4.303350E+3	NaN	NaN
	15/11/2022 15:32:59	-67.127000E-3	583.000000E-12	314.000000E-12	4.996000E-9	518.500000E-9	452.280000E-6	238.000000E+0	-5.163000E+0	4.303462E+3	NaN	NaN
	15/11/2022 15:33:07	-67.177000E-3	584.000000E-12	315.000000E-12	4.996000E-9	519.800000E-9	484.820000E-6	238.000000E+0	-5.163000E+0	4.303462E+3	NaN	NaN
	15/11/2022 15:33:14	-63.008000E-3	584.000000E-12	315.000000E-12	4.996000E-9	524.200000E-9	494.930000E-6	238.000000E+0	-5.163000E+0	4.303350E+3	NaN	NaN
	15/11/2022 15:33:21	-62.221000E-3	583.000000E-12	314.000000E-12	4.996000E-9	519.800000E-9	484.590000E-6	238.000000E+0	-4.938000E+0	4.303350E+3	NaN	NaN
	15/11/2022 15:33:28	-63.428000E-3	584.000000E-12	315.000000E-12	4.996000E-9	519.200000E-9	475.940000E-6	238.000000E+0	-4.938000E+0	4.303350E+3	NaN	NaN
	15/11/2022 15:33:35	-63.181000E-3	583.000000E-12	315.000000E-12	4.996000E-9	519.200000E-9	485.060000E-6	238.000000E+0	-5.275000E+0	4.303574E+3	NaN	NaN
	15/11/2022 15:33:42	-66.093000E-3	583.000000E-12	314.000000E-12	4.996000E-9	518.500000E-9	485.810000E-6	238.000000E+0	-5.050000E+0	4.303350E+3	NaN	NaN
	15/11/2022 15:33:50	-62.838000E-3	584.000000E-12	316.000000E-12	4.996000E-9	518.500000E-9	485.570000E-6	238.000000E+0	-5.163000E+0	4.303238E+3	NaN	NaN
	15/11/2022 15:33:57	-64.760000E-3	584.000000E-12	316.000000E-12	4.996000E-9	517.300000E-9	484.590000E-6	238.000000E+0	-5.050000E+0	4.303350E+3	NaN	NaN
	15/11/2022 15:34:04	-62.591000E-3	584.000000E-12	315.000000E-12	4.996000E-9	517.300000E-9	479.640000E-6	238.000000E+0	-5.275000E+0	4.303462E+3	NaN	NaN
	15/11/2022 15:34:11	-66.140000E-3	583.000000E-12	316.000000E-12	4.996000E-9	517.900000E-9	485.060000E-6	238.000000E+0	-5.163000E+0	4.303462E+3	NaN	NaN
	15/11/2022 15:34:18	-62.838000E-3	584.000000E-12	316.000000E-12	4.996000E-9	518.500000E-9	469.030000E-6	238.000000E+0	-5.163000E+0	4.303574E+3	NaN	NaN
	15/11/2022 15:34:26	-63.822000E-3	584.000000E-12	316.000000E-12	4.996000E-9	518.500000E-9	475.940000E-6	238.000000E+0	-5.275000E+0	4.303574E+3	NaN	NaN
	15/11/2022 15:34:33	-62.984000E-3	583.000000E-12	316.000000E-12	4.996000E-9	518.500000E-9	490.490000E-6	238.000000E+0	-5.163000E+0	4.303574E+3	NaN	NaN
	15/11/2022 15:34:40	-66.781000E-3	584.000000E-12	316.000000E-12	4.996000E-9	519.200000E-9	488.010000E-6	238.000000E+0	-5.163000E+0	4.303462E+3	NaN	NaN
	15/11/2022 15:34:47	-62.737000E-3	584.000000E-12	317.000000E-12	4.996000E-9	518.500000E-9	486.280000E-6	238.000000E+0	-5.050000E+0	4.303686E+3	NaN	NaN
	15/11/2022 15:34:54	-67.449000E-3	584.000000E-12	316.000000E-12	4.996000E-9	518.500000E-9	476.450000E-6	238.000000E+0	-5.163000E+0	4.303462E+3	NaN	NaN
	15/11/2022 15:35:01	-62.394000E-3	584.000000E-12	315.000000E-12	4.996000E-9	517.900000E-9	485.570000E-6	238.000000E+0	-5.163000E+0	4.303350E+3	NaN	NaN
	15/11/2022 15:35:08	-62.689000E-3	584.000000E-12	315.000000E-12	4.996000E-9	519.200000E-9	486.790000E-6	238.000000E+0	-5.050000E+0	4.303574E+3	NaN	NaN
	15/11/2022 15:35:16	-66.608000E-3	584.000000E-12	315.000000E-12	4.996000E-9	519.200000E-9	477.910000E-6	238.000000E+0	-5.163000E+0	4.303574E+3	NaN	NaN
	15/11/2022 15:35:23	-64.266000E-3	584.000000E-12	315.000000E-12	4.996000E-9	519.200000E-9	473.230000E-6	238.000000E+0	-5.163000E+0	4.303686E+3	NaN	NaN
	15/11/2022 15:35:30	-66.337000E-3	584.000000E-12	315.000000E-12	4.996000E-9	519.200000E-9	477.910000E-6	238.000000E+0	-5.163000E+0	4.303574E+3	NaN	NaN
	15/11/2022 15:35:37	-66.879000E-3	583.000000E-12	315.000000E-12	4.996000E-9	519.200000E-9	476.450000E-6	238.000000E+0	-5.275000E+0	4.303462E+3	NaN	NaN
	15/11/2022 15:35:44	-63.109000E-3	583.000000E-12	316.000000E-12	4.996000E-9	519.800000E-9	483.100000E-6	238.000000E+0	-5.163000E+0	4.303462E+3	NaN	NaN
	15/11/2022 15:35:52	-62.567000E-3	583.000000E-12	315.000000E-12	4.996000E-9	519.200000E-9	483.570000E-6	238.000000E+0	-5.050000E+0	4.303350E+3	NaN	NaN
	15/11/2022 15:35:59	-66.781000E-3	584.000000E-12	316.000000E-12	4.996000E-9	519.200000E-9	488.520000E-6	238.000000E+0	-5.163000E+0	4.303799E+3	NaN	NaN
	15/11/2022 15:36:06	-66.608000E-3	583.000000E-12	314.000000E-12	4.996000E-9	519.200000E-9	477.160000E-6	238.000000E+0	-5.050000E+0	4.303462E+3	NaN	NaN
	15/11/2022 15:36:13	-63.157000E-3	583.000000E-12	315.000000E-12	4.996000E-9	519.200000E-9	483.840000E-6	238.000000E+0	-5.050000E+0	4.303686E+3	NaN	NaN
	15/11/2022 15:36:20	-63.035000E-3	584.000000E-12	315.000000E-12	4.996000E-9	519.200000E-9	479.160000E-6	238.000000E+0	-5.163000E+0	4.303350E+3	NaN	NaN
	15/11/2022 15:36:27	-66.262000E-3	583.000000E-12	315.000000E-12	4.996000E-9	519.200000E-9	475.700000E-6	238.000000E+0	-5.163000E+0	4.303574E+3	NaN	NaN
	15/11/2022 15:36:35	-62.937000E-3	583.000000E-12	315.000000E-12	4.996000E-9	519.200000E-9	483.840000E-6	238.000000E+0	-5.163000E+0	4.303574E+3	NaN	NaN
	15/11/2022 15:36:42	-66.116000E-3	583.000000E-12	314.000000E-12	4.996000E-9	519.200000E-9	484.820000E-6	238.000000E+0	-5.163000E+0	4.303799E+3	NaN	NaN
	15/11/2022 15:36:49	-66.289000E-3	584.000000E-12	315.000000E-12	4.996000E-9	519.200000E-9	486.550000E-6	238.000000E+0	-5.275000E+0	4.303574E+3	NaN	NaN
	15/11/2022 15:36:56	-63.157000E-3	584.000000E-12	314.000000E-12	4.996000E-9	519.200000E-9	483.570000E-6	238.000000E+0	-5.275000E+0	4.303686E+3	NaN	NaN
	15/11/2022 15:37:03	-62.910000E-3	583.000000E-12	314.000000E-12	4.996000E-9	519.200000E-9	486.550000E-6	238.000000E+0	-5.275000E+0	4.303686E+3	NaN	NaN
	15/11/2022 15:37:10	-63.232000E-3	583.000000E-12	314.000000E-12	4.996000E-9	519.800000E-9	496.150000E-6	238.000000E+0	-5.275000E+0	4.303799E+3	NaN	NaN
	15/11/2022 15:37:18	-62.788000E-3	582.000000E-12	313.000000E-12	4.996000E-9	519.800000E-9	480.150000E-6	238.000000E+0	-5.163000E+0	4.303686E+3	NaN	NaN
	15/11/2022 15:37:25	-66.093000E-3	583.000000E-12	313.000000E-12	4.996000E-9	519.800000E-9	481.370000E-6	238.000000E+0	-5.050000E+0	4.303799E+3	NaN	NaN
	15/11/2022 15:37:32	-67.347000E-3	583.000000E-12	314.000000E-12	4.996000E-9	519.800000E-9	482.860000E-6	238.000000E+0	-4.938000E+0	4.303686E+3	NaN	NaN
	15/11/2022 15:37:39	-62.984000E-3	584.000000E-12	315.000000E-12	4.996000E-9	519.800000E-9	490.010000E-6	238.000000E+0	-5.275000E+0	4.303686E+3	NaN	NaN
	15/11/2022 15:37:46	-63.181000E-3	583.000000E-12	315.000000E-12	4.996000E-9	519.800000E-9	497.880000E-6	238.000000E+0	-4.938000E+0	4.303574E+3	NaN	NaN
	15/11/2022 15:37:53	-62.639000E-3	584.000000E-12	316.000000E-12	4.996000E-9	519.800000E-9	483.570000E-6	238.000000E+0	-5.275000E+0	4.303686E+3	NaN	NaN
	15/11/2022 15:38:01	-66.978000E-3	583.000000E-12	313.000000E-12	4.996000E-9	519.800000E-9	478.150000E-6	238.000000E+0	-5.163000E+0	4.303686E+3	NaN	NaN
	15/11/2022 15:38:08	-67.201000E-3	583.000000E-12	314.000000E-12	4.996000E-9	519.800000E-9	505.780000E-6	238.000000E+0	-5.163000E+0	4.303799E+3	NaN	NaN
	15/11/2022 15:38:15	-62.567000E-3	583.000000E-12	315.000000E-12	4.996000E-9	519.800000E-9	490.730000E-6	237.000000E+0	-5.050000E+0	4.303686E+3	NaN	NaN
	15/11/2022 15:38:22	-66.906000E-3	584.000000E-12	316.000000E-12	4.996000E-9	519.800000E-9	487.540000E-6	238.000000E+0	-5.163000E+0	4.303686E+3	NaN	NaN
	15/11/2022 15:38:29	-62.960000E-3	584.000000E-12	315.000000E-12	4.996000E-9	519.800000E-9	480.860000E-6	238.000000E+0	-5.163000E+0	4.303799E+3	NaN	NaN
	15/11/2022 15:38:37	-65.106000E-3	583.000000E-12	315.000000E-12	4.996000E-9	519.800000E-9	489.260000E-6	237.000000E+0	-5.050000E+0	4.303799E+3	NaN	NaN
	15/11/2022 15:38:44	-67.052000E-3	584.000000E-12	316.000000E-12	4.996000E-9	519.800000E-9	480.150000E-6	238.000000E+0	-5.050000E+0	4.303799E+3	NaN	NaN
	15/11/2022 15:38:51	-62.960000E-3	584.000000E-12	314.000000E-12	4.996000E-9	519.800000E-9	480.150000E-6	237.000000E+0	-5.163000E+0	4.303799E+3	NaN	NaN
	15/11/2022 15:38:58	-63.133000E-3	584.000000E-12	313.000000E-12	4.996000E-9	520.400000E-9	485.300000E-6	238.000000E+0	-5.163000E+0	4.303686E+3	NaN	NaN
	15/11/2022 15:39:05	-65.401000E-3	583.000000E-12	314.000000E-12	4.996000E-9	519.800000E-9	491.710000E-6	237.000000E+0	-5.163000E+0	4.303799E+3	NaN	NaN
	15/11/2022 15:39:12	-63.181000E-3	583.000000E-12	314.000000E-12	4.996000E-9	520.400000E-9	484.320000E-6	237.000000E+0	-5.163000E+0	4.303574E+3	NaN	NaN
	15/11/2022 15:39:19	-64.513000E-3	582.000000E-12	314.000000E-12	4.996000E-9	519.800000E-9	484.080000E-6	237.000000E+0	-5.275000E+0	4.303911E+3	NaN	NaN
	15/11/2022 15:39:27	-66.906000E-3	583.000000E-12	315.000000E-12	4.996000E-9	519.800000E-9	488.520000E-6	237.000000E+0	-5.163000E+0	4.303911E+3	NaN	NaN
	15/11/2022 15:39:34	-65.425000E-3	583.000000E-12	315.000000E-12	4.996000E-9	520.400000E-9	486.790000E-6	238.000000E+0	-5.163000E+0	4.303799E+3	NaN	NaN
	15/11/2022 15:39:41	-65.351000E-3	583.000000E-12	315.000000E-12	4.996000E-9	519.800000E-9	476.690000E-6	237.000000E+0	-5.050000E+0	4.303911E+3	NaN	NaN
	15/11/2022 15:39:48	-63.503000E-3	583.000000E-12	315.000000E-12	4.996000E-9	520.400000E-9	489.260000E-6	237.000000E+0	-5.050000E+0	4.303799E+3	NaN	NaN
	15/11/2022 15:39:55	-63.625000E-3	584.000000E-12	315.000000E-12	4.996000E-9	524.200000E-9	465.100000E-6	237.000000E+0	-5.050000E+0	4.303686E+3	NaN	NaN
	15/11/2022 15:40:02	-63.479000E-3	582.000000E-12	313.000000E-12	4.996000E-9	521.700000E-9	471.740000E-6	237.000000E+0	-5.163000E+0	4.303799E+3	NaN	NaN
	15/11/2022 15:40:10	-67.076000E-3	583.000000E-12	314.000000E-12	4.996000E-9	524.800000E-9	497.640000E-6	237.000000E+0	-5.050000E+0	4.303799E+3	NaN	NaN
	15/11/2022 15:40:17	-62.960000E-3	583.000000E-12	314.000000E-12	4.996000E-9	524.800000E-9	485.060000E-6	237.000000E+0	-5.050000E+0	4.304023E+3	NaN	NaN
	15/11/2022 15:40:24	-63.109000E-3	583.000000E-12	314.000000E-12	4.996000E-9	524.800000E-9	485.300000E-6	237.000000E+0	-5.050000E+0	4.304023E+3	NaN	NaN
	15/11/2022 15:40:31	-63.848000E-3	583.000000E-12	315.000000E-12	4.996000E-9	524.800000E-9	483.840000E-6	237.000000E+0	-5.050000E+0	4.303799E+3	NaN	NaN
	15/11/2022 15:40:38	-62.937000E-3	583.000000E-12	315.000000E-12	4.996000E-9	524.800000E-9	482.350000E-6	237.000000E+0	-5.163000E+0	4.303911E+3	NaN	NaN
	15/11/2022 15:40:46	-62.296000E-3	584.000000E-12	315.000000E-12	4.996000E-9	524.800000E-9	487.300000E-6	237.000000E+0	-5.163000E+0	4.304023E+3	NaN	NaN
	15/11/2022 15:40:53	-62.689000E-3	583.000000E-12	315.000000E-12	4.996000E-9	524.800000E-9	490.250000E-6	237.000000E+0	-5.163000E+0	4.303911E+3	NaN	NaN
	15/11/2022 15:41:00	-62.862000E-3	583.000000E-12	315.000000E-12	4.996000E-9	524.800000E-9	490.250000E-6	237.000000E+0	-5.050000E+0	4.303911E+3	NaN	NaN
	15/11/2022 15:41:07	-63.774000E-3	583.000000E-12	314.000000E-12	4.996000E-9	524.800000E-9	484.590000E-6	237.000000E+0	-4.938000E+0	4.303911E+3	NaN	NaN
	15/11/2022 15:41:14	-62.960000E-3	583.000000E-12	314.000000E-12	4.996000E-9	524.800000E-9	485.570000E-6	237.000000E+0	-5.275000E+0	4.304023E+3	NaN	NaN
	15/11/2022 15:41:21	-63.428000E-3	583.000000E-12	314.000000E-12	4.996000E-9	525.400000E-9	484.080000E-6	237.000000E+0	-5.163000E+0	4.304023E+3	NaN	NaN
	15/11/2022 15:41:28	-62.960000E-3	583.000000E-12	314.000000E-12	4.996000E-9	526.100000E-9	486.790000E-6	237.000000E+0	-5.050000E+0	4.304023E+3	NaN	NaN
	15/11/2022 15:41:36	-64.635000E-3	583.000000E-12	314.000000E-12	4.996000E-9	527.300000E-9	485.300000E-6	237.000000E+0	-5.050000E+0	4.303911E+3	NaN	NaN
	15/11/2022 15:41:43	-66.832000E-3	584.000000E-12	315.000000E-12	4.996000E-9	528.600000E-9	483.840000E-6	237.000000E+0	-5.050000E+0	4.303799E+3	NaN	NaN
	15/11/2022 15:41:50	-63.035000E-3	583.000000E-12	314.000000E-12	4.996000E-9	529.200000E-9	484.080000E-6	237.000000E+0	-5.275000E+0	4.303799E+3	NaN	NaN
	15/11/2022 15:41:57	-65.425000E-3	583.000000E-12	315.000000E-12	4.996000E-9	529.900000E-9	481.870000E-6	237.000000E+0	-5.275000E+0	4.303911E+3	NaN	NaN
	15/11/2022 15:42:04	-64.021000E-3	583.000000E-12	314.000000E-12	4.996000E-9	546.000000E-9	484.080000E-6	237.000000E+0	-5.163000E+0	4.303911E+3	NaN	NaN
	15/11/2022 15:42:12	-62.862000E-3	583.000000E-12	315.000000E-12	4.996000E-9	536.300000E-9	491.230000E-6	237.000000E+0	-5.163000E+0	4.303911E+3	NaN	NaN
	15/11/2022 15:42:19	-65.821000E-3	583.000000E-12	315.000000E-12	4.996000E-9	533.700000E-9	484.590000E-6	237.000000E+0	-5.163000E+0	4.303686E+3	NaN	NaN
	15/11/2022 15:42:26	-62.811000E-3	585.000000E-12	315.000000E-12	4.996000E-9	531.800000E-9	471.260000E-6	237.000000E+0	-5.050000E+0	4.303911E+3	NaN	NaN
	15/11/2022 15:42:33	-63.109000E-3	584.000000E-12	315.000000E-12	4.996000E-9	531.800000E-9	450.310000E-6	237.000000E+0	-5.163000E+0	4.303799E+3	NaN	NaN
	15/11/2022 15:42:40	-67.225000E-3	582.000000E-12	313.000000E-12	4.996000E-9	531.100000E-9	483.330000E-6	237.000000E+0	-5.275000E+0	4.303911E+3	NaN	NaN
	15/11/2022 15:42:47	-62.788000E-3	584.000000E-12	315.000000E-12	4.996000E-9	530.500000E-9	486.280000E-6	237.000000E+0	-5.163000E+0	4.303799E+3	NaN	NaN
	15/11/2022 15:42:55	-64.093000E-3	582.000000E-12	314.000000E-12	4.996000E-9	530.500000E-9	481.870000E-6	237.000000E+0	-5.163000E+0	4.303686E+3	NaN	NaN
	15/11/2022 15:43:02	-62.639000E-3	583.000000E-12	314.000000E-12	4.996000E-9	531.100000E-9	461.160000E-6	237.000000E+0	-5.163000E+0	4.303799E+3	NaN	NaN
	15/11/2022 15:43:09	-67.076000E-3	583.000000E-12	314.000000E-12	4.996000E-9	531.100000E-9	485.300000E-6	237.000000E+0	-5.163000E+0	4.304023E+3	NaN	NaN
	15/11/2022 15:43:16	-63.947000E-3	584.000000E-12	314.000000E-12	4.996000E-9	530.500000E-9	486.790000E-6	237.000000E+0	-5.163000E+0	4.303799E+3	NaN	NaN
	15/11/2022 15:43:23	-62.811000E-3	582.000000E-12	313.000000E-12	4.996000E-9	531.100000E-9	483.330000E-6	237.000000E+0	-5.163000E+0	4.303911E+3	NaN	NaN
	15/11/2022 15:43:30	-62.591000E-3	583.000000E-12	314.000000E-12	4.996000E-9	531.100000E-9	474.450000E-6	237.000000E+0	-5.050000E+0	4.303911E+3	NaN	NaN
	15/11/2022 15:43:38	-62.910000E-3	583.000000E-12	314.000000E-12	4.996000E-9	529.900000E-9	487.300000E-6	237.000000E+0	-4.938000E+0	4.303911E+3	NaN	NaN
	15/11/2022 15:43:45	-63.157000E-3	583.000000E-12	313.000000E-12	4.996000E-9	529.900000E-9	484.590000E-6	237.000000E+0	-5.275000E+0	4.303911E+3	NaN	NaN
	15/11/2022 15:43:52	-62.788000E-3	584.000000E-12	313.000000E-12	4.996000E-9	529.900000E-9	483.100000E-6	237.000000E+0	-5.275000E+0	4.303911E+3	NaN	NaN
	15/11/2022 15:43:59	-66.411000E-3	582.000000E-12	312.000000E-12	4.996000E-9	531.100000E-9	486.550000E-6	237.000000E+0	-5.275000E+0	4.304135E+3	NaN	NaN
	15/11/2022 15:44:06	-66.781000E-3	581.000000E-12	313.000000E-12	4.996000E-9	531.100000E-9	478.420000E-6	237.000000E+0	-5.050000E+0	4.304135E+3	NaN	NaN
	15/11/2022 15:44:13	-62.937000E-3	583.000000E-12	313.000000E-12	4.996000E-9	531.800000E-9	485.060000E-6	237.000000E+0	-5.050000E+0	4.304023E+3	NaN	NaN
	15/11/2022 15:44:21	-62.886000E-3	581.000000E-12	313.000000E-12	4.996000E-9	533.100000E-9	489.260000E-6	237.000000E+0	-5.163000E+0	4.304023E+3	NaN	NaN
	15/11/2022 15:44:28	-66.313000E-3	581.000000E-12	314.000000E-12	4.996000E-9	533.100000E-9	479.160000E-6	237.000000E+0	-5.163000E+0	4.303799E+3	NaN	NaN
	15/11/2022 15:44:35	-63.008000E-3	581.000000E-12	313.000000E-12	4.996000E-9	533.700000E-9	486.790000E-6	237.000000E+0	-5.275000E+0	4.303911E+3	NaN	NaN
	15/11/2022 15:44:42	-62.788000E-3	581.000000E-12	312.000000E-12	4.996000E-9	535.000000E-9	491.710000E-6	237.000000E+0	-5.163000E+0	4.303911E+3	NaN	NaN
	15/11/2022 15:44:49	-65.476000E-3	580.000000E-12	312.000000E-12	4.996000E-9	534.300000E-9	487.770000E-6	237.000000E+0	-5.163000E+0	4.303799E+3	NaN	NaN
	15/11/2022 15:44:57	-65.500000E-3	580.000000E-12	314.000000E-12	4.996000E-9	533.100000E-9	483.570000E-6	237.000000E+0	-5.050000E+0	4.303686E+3	NaN	NaN
	15/11/2022 15:45:04	-63.527000E-3	581.000000E-12	313.000000E-12	4.996000E-9	532.400000E-9	485.300000E-6	237.000000E+0	-5.275000E+0	4.304023E+3	NaN	NaN
	15/11/2022 15:45:11	-66.313000E-3	580.000000E-12	313.000000E-12	4.996000E-9	532.400000E-9	476.690000E-6	237.000000E+0	-5.163000E+0	4.303911E+3	NaN	NaN
	15/11/2022 15:45:18	-63.279000E-3	580.000000E-12	313.000000E-12	4.996000E-9	531.800000E-9	467.570000E-6	237.000000E+0	-5.163000E+0	4.304023E+3	NaN	NaN
	15/11/2022 15:45:25	-63.330000E-3	581.000000E-12	313.000000E-12	4.996000E-9	531.800000E-9	476.690000E-6	237.000000E+0	-5.163000E+0	4.304023E+3	NaN	NaN
	15/11/2022 15:45:33	-64.906000E-3	580.000000E-12	312.000000E-12	4.996000E-9	532.400000E-9	461.640000E-6	237.000000E+0	-5.050000E+0	4.304023E+3	NaN	NaN
	15/11/2022 15:45:40	-62.492000E-3	579.000000E-12	312.000000E-12	4.996000E-9	531.100000E-9	487.770000E-6	237.000000E+0	-5.163000E+0	4.304023E+3	NaN	NaN
	15/11/2022 15:45:47	-62.567000E-3	580.000000E-12	313.000000E-12	4.996000E-9	531.800000E-9	487.030000E-6	237.000000E+0	-5.050000E+0	4.304023E+3	NaN	NaN
	15/11/2022 15:45:54	-62.788000E-3	581.000000E-12	314.000000E-12	4.996000E-9	531.100000E-9	462.860000E-6	237.000000E+0	-4.938000E+0	4.304248E+3	NaN	NaN
	15/11/2022 15:46:01	-66.042000E-3	580.000000E-12	313.000000E-12	4.996000E-9	531.800000E-9	488.010000E-6	237.000000E+0	-5.050000E+0	4.304135E+3	NaN	NaN
	15/11/2022 15:46:09	-62.048000E-3	588.000000E-12	319.000000E-12	4.996000E-9	533.700000E-9	484.820000E-6	237.000000E+0	-5.050000E+0	4.304135E+3	NaN	NaN
	15/11/2022 15:46:16	-62.689000E-3	583.000000E-12	315.000000E-12	4.996000E-9	533.100000E-9	485.570000E-6	237.000000E+0	-5.163000E+0	4.304248E+3	NaN	NaN
	15/11/2022 15:46:23	-62.194000E-3	581.000000E-12	313.000000E-12	4.996000E-9	533.100000E-9	486.790000E-6	237.000000E+0	-5.163000E+0	4.304135E+3	NaN	NaN
	15/11/2022 15:46:30	-62.937000E-3	581.000000E-12	314.000000E-12	4.996000E-9	533.100000E-9	470.520000E-6	236.000000E+0	-5.163000E+0	4.304248E+3	NaN	NaN
	15/11/2022 15:46:37	-67.595000E-3	581.000000E-12	313.000000E-12	4.996000E-9	533.700000E-9	482.350000E-6	237.000000E+0	-5.050000E+0	4.304360E+3	NaN	NaN
	15/11/2022 15:46:45	-63.577000E-3	580.000000E-12	313.000000E-12	4.996000E-9	533.100000E-9	498.860000E-6	237.000000E+0	-5.050000E+0	4.304360E+3	NaN	NaN
	15/11/2022 15:46:52	-65.079000E-3	580.000000E-12	313.000000E-12	4.996000E-9	532.400000E-9	486.050000E-6	236.000000E+0	-5.163000E+0	4.304360E+3	NaN	NaN
	15/11/2022 15:46:59	-67.177000E-3	580.000000E-12	313.000000E-12	4.996000E-9	533.100000E-9	486.280000E-6	236.000000E+0	-5.050000E+0	4.304248E+3	NaN	NaN
	15/11/2022 15:47:06	-63.625000E-3	582.000000E-12	315.000000E-12	4.996000E-9	532.400000E-9	485.570000E-6	236.000000E+0	-5.163000E+0	4.304472E+3	NaN	NaN
	15/11/2022 15:47:13	-63.947000E-3	580.000000E-12	313.000000E-12	4.996000E-9	532.400000E-9	482.110000E-6	236.000000E+0	-5.163000E+0	4.304360E+3	NaN	NaN
	15/11/2022 15:47:20	-66.733000E-3	585.000000E-12	315.000000E-12	4.996000E-9	533.100000E-9	472.720000E-6	237.000000E+0	-5.163000E+0	4.304472E+3	NaN	NaN
	15/11/2022 15:47:28	-67.201000E-3	581.000000E-12	314.000000E-12	4.996000E-9	531.800000E-9	465.100000E-6	237.000000E+0	-5.050000E+0	4.304472E+3	NaN	NaN
	15/11/2022 15:47:35	-66.388000E-3	593.000000E-12	319.000000E-12	4.996000E-9	531.800000E-9	486.790000E-6	236.000000E+0	-5.050000E+0	4.304584E+3	NaN	NaN
	15/11/2022 15:47:42	-66.879000E-3	581.000000E-12	313.000000E-12	4.996000E-9	530.500000E-9	481.870000E-6	236.000000E+0	-5.050000E+0	4.304584E+3	NaN	NaN
	15/11/2022 15:47:49	-66.930000E-3	582.000000E-12	313.000000E-12	4.996000E-9	529.200000E-9	482.350000E-6	236.000000E+0	-5.275000E+0	4.304584E+3	NaN	NaN
	15/11/2022 15:47:56	-63.083000E-3	582.000000E-12	313.000000E-12	4.996000E-9	526.700000E-9	484.320000E-6	236.000000E+0	-5.050000E+0	4.304584E+3	NaN	NaN
	15/11/2022 15:48:04	-63.133000E-3	581.000000E-12	313.000000E-12	4.996000E-9	526.100000E-9	481.130000E-6	237.000000E+0	-5.163000E+0	4.304697E+3	NaN	NaN
	15/11/2022 15:48:11	-63.354000E-3	581.000000E-12	312.000000E-12	4.996000E-9	525.400000E-9	490.490000E-6	236.000000E+0	-5.163000E+0	4.304584E+3	NaN	NaN
	15/11/2022 15:48:18	-62.737000E-3	581.000000E-12	312.000000E-12	4.996000E-9	525.400000E-9	460.420000E-6	236.000000E+0	-5.050000E+0	4.304921E+3	NaN	NaN
	15/11/2022 15:48:25	-64.415000E-3	581.000000E-12	313.000000E-12	4.996000E-9	525.400000E-9	486.050000E-6	237.000000E+0	-5.163000E+0	4.304697E+3	NaN	NaN
	15/11/2022 15:48:32	-66.313000E-3	581.000000E-12	313.000000E-12	4.996000E-9	524.800000E-9	475.440000E-6	236.000000E+0	-5.050000E+0	4.304697E+3	NaN	NaN
	15/11/2022 15:48:40	-62.689000E-3	581.000000E-12	313.000000E-12	4.996000E-9	525.400000E-9	473.230000E-6	236.000000E+0	-5.050000E+0	4.304697E+3	NaN	NaN
	15/11/2022 15:48:47	-65.944000E-3	581.000000E-12	313.000000E-12	4.996000E-9	524.800000E-9	485.570000E-6	236.000000E+0	-5.275000E+0	4.304697E+3	NaN	NaN
	15/11/2022 15:48:54	-63.381000E-3	580.000000E-12	313.000000E-12	4.996000E-9	524.800000E-9	487.300000E-6	236.000000E+0	-5.163000E+0	4.304809E+3	NaN	NaN
	15/11/2022 15:49:01	-65.795000E-3	581.000000E-12	313.000000E-12	4.996000E-9	524.800000E-9	469.300000E-6	236.000000E+0	-5.050000E+0	4.304584E+3	NaN	NaN
	15/11/2022 15:49:08	-63.971000E-3	582.000000E-12	314.000000E-12	4.996000E-9	524.800000E-9	471.260000E-6	236.000000E+0	-4.826000E+0	4.304921E+3	NaN	NaN
	15/11/2022 15:49:15	-62.665000E-3	581.000000E-12	313.000000E-12	4.996000E-9	524.800000E-9	497.130000E-6	236.000000E+0	-5.163000E+0	4.305033E+3	NaN	NaN
	15/11/2022 15:49:23	-66.683000E-3	580.000000E-12	313.000000E-12	4.996000E-9	520.400000E-9	484.820000E-6	236.000000E+0	-5.050000E+0	4.304697E+3	NaN	NaN
	15/11/2022 15:49:30	-62.838000E-3	581.000000E-12	313.000000E-12	4.996000E-9	524.200000E-9	456.210000E-6	236.000000E+0	-5.163000E+0	4.304809E+3	NaN	NaN
	15/11/2022 15:49:37	-66.659000E-3	581.000000E-12	314.000000E-12	4.996000E-9	524.800000E-9	445.130000E-6	236.000000E+0	-5.050000E+0	4.304697E+3	NaN	NaN
	15/11/2022 15:49:44	-64.760000E-3	581.000000E-12	313.000000E-12	4.996000E-9	524.800000E-9	489.260000E-6	236.000000E+0	-5.163000E+0	4.304584E+3	NaN	NaN
	15/11/2022 15:49:51	-67.225000E-3	581.000000E-12	313.000000E-12	4.996000E-9	524.800000E-9	483.570000E-6	236.000000E+0	-5.163000E+0	4.304921E+3	NaN	NaN
	15/11/2022 15:49:59	-63.181000E-3	582.000000E-12	314.000000E-12	4.996000E-9	524.800000E-9	473.230000E-6	236.000000E+0	-4.938000E+0	4.304809E+3	NaN	NaN
	15/11/2022 15:50:06	-64.340000E-3	582.000000E-12	314.000000E-12	4.996000E-9	524.800000E-9	482.350000E-6	236.000000E+0	-5.163000E+0	4.304921E+3	NaN	NaN
	15/11/2022 15:50:13	-63.008000E-3	581.000000E-12	314.000000E-12	4.996000E-9	524.800000E-9	483.570000E-6	236.000000E+0	-5.163000E+0	4.305033E+3	NaN	NaN
	15/11/2022 15:50:20	-67.103000E-3	581.000000E-12	313.000000E-12	4.996000E-9	525.400000E-9	493.200000E-6	236.000000E+0	-5.050000E+0	4.305033E+3	NaN	NaN
	15/11/2022 15:50:27	-63.208000E-3	580.000000E-12	313.000000E-12	4.996000E-9	524.800000E-9	455.980000E-6	236.000000E+0	-5.050000E+0	4.305033E+3	NaN	NaN
	15/11/2022 15:50:34	-65.795000E-3	581.000000E-12	313.000000E-12	4.996000E-9	526.100000E-9	465.100000E-6	236.000000E+0	-5.163000E+0	4.304921E+3	NaN	NaN
	15/11/2022 15:50:42	-65.178000E-3	581.000000E-12	312.000000E-12	4.996000E-9	525.400000E-9	488.760000E-6	236.000000E+0	-5.163000E+0	4.305145E+3	NaN	NaN
	15/11/2022 15:50:49	-63.279000E-3	581.000000E-12	312.000000E-12	4.996000E-9	525.400000E-9	477.160000E-6	236.000000E+0	-5.050000E+0	4.305145E+3	NaN	NaN
	15/11/2022 15:50:56	-66.337000E-3	580.000000E-12	313.000000E-12	4.996000E-9	526.100000E-9	481.370000E-6	236.000000E+0	-5.163000E+0	4.304921E+3	NaN	NaN
	15/11/2022 15:51:03	-66.856000E-3	580.000000E-12	313.000000E-12	4.996000E-9	526.100000E-9	473.980000E-6	236.000000E+0	-5.050000E+0	4.304809E+3	NaN	NaN
	15/11/2022 15:51:10	-67.028000E-3	582.000000E-12	313.000000E-12	4.996000E-9	526.100000E-9	485.570000E-6	236.000000E+0	-5.050000E+0	4.305145E+3	NaN	NaN
	15/11/2022 15:51:18	-66.906000E-3	582.000000E-12	314.000000E-12	4.996000E-9	526.700000E-9	473.980000E-6	236.000000E+0	-4.938000E+0	4.304921E+3	NaN	NaN
	15/11/2022 15:51:25	-63.232000E-3	581.000000E-12	313.000000E-12	4.996000E-9	528.000000E-9	477.430000E-6	236.000000E+0	-5.163000E+0	4.305258E+3	NaN	NaN
	15/11/2022 15:51:32	-63.181000E-3	580.000000E-12	313.000000E-12	4.996000E-9	528.000000E-9	452.760000E-6	236.000000E+0	-4.826000E+0	4.304921E+3	NaN	NaN
	15/11/2022 15:51:39	-62.910000E-3	580.000000E-12	313.000000E-12	4.996000E-9	528.600000E-9	484.320000E-6	236.000000E+0	-4.938000E+0	4.304809E+3	NaN	NaN
	15/11/2022 15:51:46	-63.479000E-3	582.000000E-12	314.000000E-12	4.996000E-9	528.600000E-9	490.010000E-6	236.000000E+0	-4.938000E+0	4.305033E+3	NaN	NaN
	15/11/2022 15:51:53	-67.177000E-3	581.000000E-12	313.000000E-12	4.996000E-9	529.200000E-9	487.300000E-6	236.000000E+0	-5.163000E+0	4.305033E+3	NaN	NaN
	15/11/2022 15:52:01	-63.279000E-3	580.000000E-12	313.000000E-12	4.996000E-9	529.200000E-9	479.400000E-6	236.000000E+0	-5.163000E+0	4.305033E+3	NaN	NaN
	15/11/2022 15:52:08	-66.364000E-3	581.000000E-12	313.000000E-12	4.996000E-9	529.900000E-9	469.030000E-6	236.000000E+0	-5.163000E+0	4.305033E+3	NaN	NaN
	15/11/2022 15:52:15	-66.411000E-3	582.000000E-12	313.000000E-12	4.996000E-9	529.900000E-9	465.840000E-6	236.000000E+0	-5.275000E+0	4.305258E+3	NaN	NaN
	15/11/2022 15:52:22	-63.279000E-3	581.000000E-12	312.000000E-12	4.996000E-9	530.500000E-9	487.770000E-6	236.000000E+0	-4.938000E+0	4.305033E+3	NaN	NaN
	15/11/2022 15:52:29	-66.364000E-3	581.000000E-12	312.000000E-12	4.996000E-9	531.100000E-9	478.660000E-6	236.000000E+0	-5.163000E+0	4.305033E+3	NaN	NaN
	15/11/2022 15:52:37	-63.208000E-3	580.000000E-12	312.000000E-12	4.996000E-9	531.100000E-9	490.490000E-6	236.000000E+0	-5.275000E+0	4.305033E+3	NaN	NaN
	15/11/2022 15:52:44	-67.323000E-3	580.000000E-12	312.000000E-12	4.996000E-9	531.100000E-9	468.550000E-6	236.000000E+0	-5.163000E+0	4.305145E+3	NaN	NaN
	15/11/2022 15:52:51	-67.177000E-3	580.000000E-12	312.000000E-12	4.996000E-9	531.100000E-9	486.280000E-6	236.000000E+0	-5.050000E+0	4.304921E+3	NaN	NaN
	15/11/2022 15:52:58	-66.561000E-3	580.000000E-12	313.000000E-12	4.996000E-9	532.400000E-9	474.960000E-6	236.000000E+0	-4.938000E+0	4.304921E+3	NaN	NaN
	15/11/2022 15:53:05	-62.764000E-3	580.000000E-12	313.000000E-12	4.996000E-9	533.100000E-9	476.180000E-6	236.000000E+0	-5.163000E+0	4.305145E+3	NaN	NaN
	15/11/2022 15:53:12	-66.879000E-3	581.000000E-12	313.000000E-12	4.996000E-9	533.700000E-9	475.440000E-6	236.000000E+0	-5.050000E+0	4.305145E+3	NaN	NaN
	15/11/2022 15:53:20	-62.910000E-3	580.000000E-12	312.000000E-12	4.996000E-9	534.300000E-9	472.250000E-6	236.000000E+0	-5.050000E+0	4.305033E+3	NaN	NaN
	15/11/2022 15:53:27	-64.662000E-3	581.000000E-12	313.000000E-12	4.996000E-9	533.700000E-9	466.820000E-6	236.000000E+0	-5.050000E+0	4.305033E+3	NaN	NaN
	15/11/2022 15:53:34	-67.052000E-3	581.000000E-12	313.000000E-12	4.996000E-9	533.700000E-9	446.350000E-6	236.000000E+0	-5.050000E+0	4.305145E+3	NaN	NaN
	15/11/2022 15:53:41	-67.127000E-3	581.000000E-12	312.000000E-12	4.996000E-9	534.300000E-9	490.010000E-6	236.000000E+0	-5.163000E+0	4.305145E+3	NaN	NaN
	15/11/2022 15:53:48	-65.055000E-3	581.000000E-12	312.000000E-12	4.996000E-9	534.300000E-9	489.000000E-6	236.000000E+0	-5.163000E+0	4.305258E+3	NaN	NaN
	15/11/2022 15:53:55	-63.479000E-3	581.000000E-12	313.000000E-12	4.996000E-9	535.000000E-9	473.230000E-6	236.000000E+0	-5.050000E+0	4.305033E+3	NaN	NaN
	15/11/2022 15:54:03	-62.984000E-3	580.000000E-12	313.000000E-12	4.996000E-9	535.000000E-9	461.640000E-6	235.000000E+0	-4.938000E+0	4.305033E+3	NaN	NaN
	15/11/2022 15:54:10	-63.157000E-3	580.000000E-12	313.000000E-12	4.996000E-9	535.000000E-9	472.490000E-6	235.000000E+0	-5.050000E+0	4.305033E+3	NaN	NaN
	15/11/2022 15:54:17	-63.798000E-3	580.000000E-12	313.000000E-12	4.996000E-9	535.600000E-9	469.300000E-6	236.000000E+0	-5.387000E+0	4.305145E+3	NaN	NaN
	15/11/2022 15:54:24	-63.208000E-3	580.000000E-12	313.000000E-12	4.996000E-9	535.600000E-9	459.910000E-6	236.000000E+0	-5.163000E+0	4.305145E+3	NaN	NaN
	15/11/2022 15:54:31	-65.845000E-3	581.000000E-12	314.000000E-12	4.996000E-9	535.000000E-9	468.050000E-6	236.000000E+0	-4.938000E+0	4.305033E+3	NaN	NaN
	15/11/2022 15:54:38	-66.805000E-3	580.000000E-12	314.000000E-12	4.996000E-9	535.600000E-9	472.010000E-6	236.000000E+0	-5.275000E+0	4.305258E+3	NaN	NaN
	15/11/2022 15:54:46	-62.394000E-3	579.000000E-12	312.000000E-12	4.996000E-9	535.600000E-9	480.860000E-6	235.000000E+0	-5.163000E+0	4.305145E+3	NaN	NaN
	15/11/2022 15:54:53	-63.181000E-3	581.000000E-12	313.000000E-12	4.996000E-9	535.000000E-9	489.000000E-6	235.000000E+0	-5.163000E+0	4.305145E+3	NaN	NaN
	15/11/2022 15:55:00	-66.707000E-3	580.000000E-12	311.000000E-12	4.996000E-9	535.000000E-9	489.740000E-6	236.000000E+0	-5.050000E+0	4.305033E+3	NaN	NaN
	15/11/2022 15:55:07	-67.177000E-3	581.000000E-12	313.000000E-12	4.996000E-9	535.000000E-9	486.790000E-6	235.000000E+0	-5.163000E+0	4.305258E+3	NaN	NaN
	15/11/2022 15:55:14	-63.083000E-3	580.000000E-12	312.000000E-12	4.996000E-9	535.000000E-9	485.810000E-6	235.000000E+0	-5.163000E+0	4.305145E+3	NaN	NaN
	15/11/2022 15:55:21	-66.757000E-3	581.000000E-12	314.000000E-12	4.996000E-9	535.600000E-9	461.640000E-6	235.000000E+0	-5.163000E+0	4.305258E+3	NaN	NaN
	15/11/2022 15:55:29	-63.577000E-3	581.000000E-12	313.000000E-12	4.996000E-9	535.600000E-9	472.990000E-6	236.000000E+0	-5.275000E+0	4.305370E+3	NaN	NaN
	15/11/2022 15:55:36	-67.005000E-3	581.000000E-12	315.000000E-12	4.996000E-9	536.300000E-9	480.150000E-6	235.000000E+0	-5.163000E+0	4.305370E+3	NaN	NaN
	15/11/2022 15:55:43	-65.178000E-3	584.000000E-12	315.000000E-12	4.996000E-9	536.300000E-9	457.440000E-6	235.000000E+0	-5.163000E+0	4.305258E+3	NaN	NaN
	15/11/2022 15:55:50	-62.713000E-3	581.000000E-12	314.000000E-12	4.996000E-9	536.300000E-9	454.250000E-6	235.000000E+0	-5.163000E+0	4.305370E+3	NaN	NaN
	15/11/2022 15:55:57	-64.167000E-3	582.000000E-12	314.000000E-12	4.996000E-9	536.900000E-9	486.280000E-6	235.000000E+0	-5.163000E+0	4.305258E+3	NaN	NaN
	15/11/2022 15:56:05	-66.635000E-3	581.000000E-12	313.000000E-12	4.996000E-9	536.300000E-9	484.820000E-6	235.000000E+0	-5.050000E+0	4.305258E+3	NaN	NaN
	15/11/2022 15:56:12	-62.984000E-3	582.000000E-12	313.000000E-12	4.996000E-9	540.100000E-9	325.530000E-6	235.000000E+0	-5.163000E+0	4.305145E+3	NaN	NaN
	15/11/2022 15:56:19	-62.937000E-3	582.000000E-12	314.000000E-12	4.996000E-9	544.700000E-9	486.280000E-6	235.000000E+0	-5.163000E+0	4.305370E+3	NaN	NaN
	15/11/2022 15:56:26	-66.832000E-3	580.000000E-12	314.000000E-12	4.996000E-9	542.700000E-9	465.330000E-6	235.000000E+0	-5.050000E+0	4.305482E+3	NaN	NaN
	15/11/2022 15:56:33	-62.639000E-3	581.000000E-12	314.000000E-12	4.996000E-9	540.100000E-9	480.860000E-6	235.000000E+0	-5.275000E+0	4.305258E+3	NaN	NaN
	15/11/2022 15:56:40	-67.398000E-3	581.000000E-12	314.000000E-12	4.996000E-9	540.100000E-9	471.740000E-6	235.000000E+0	-5.163000E+0	4.305145E+3	NaN	NaN
	15/11/2022 15:56:48	-62.591000E-3	581.000000E-12	314.000000E-12	4.996000E-9	539.500000E-9	468.550000E-6	235.000000E+0	-5.163000E+0	4.305482E+3	NaN	NaN
	15/11/2022 15:56:55	-62.886000E-3	581.000000E-12	313.000000E-12	4.996000E-9	539.500000E-9	465.840000E-6	235.000000E+0	-5.050000E+0	4.305370E+3	NaN	NaN
	15/11/2022 15:57:02	-66.635000E-3	581.000000E-12	313.000000E-12	4.996000E-9	538.800000E-9	486.050000E-6	235.000000E+0	-5.050000E+0	4.305258E+3	NaN	NaN
	15/11/2022 15:57:09	-67.520000E-3	583.000000E-12	316.000000E-12	4.996000E-9	538.800000E-9	480.860000E-6	235.000000E+0	-5.163000E+0	4.305258E+3	NaN	NaN
	15/11/2022 15:57:16	-62.886000E-3	581.000000E-12	313.000000E-12	4.996000E-9	538.200000E-9	487.030000E-6	235.000000E+0	-5.050000E+0	4.305258E+3	NaN	NaN
	15/11/2022 15:57:23	-64.784000E-3	581.000000E-12	315.000000E-12	4.996000E-9	538.200000E-9	485.810000E-6	235.000000E+0	-5.163000E+0	4.305482E+3	NaN	NaN
	15/11/2022 15:57:31	-62.764000E-3	582.000000E-12	314.000000E-12	4.996000E-9	538.200000E-9	477.430000E-6	235.000000E+0	-5.050000E+0	4.305482E+3	NaN	NaN
	15/11/2022 15:57:38	-67.005000E-3	582.000000E-12	315.000000E-12	4.996000E-9	536.900000E-9	490.250000E-6	235.000000E+0	-5.163000E+0	4.305258E+3	NaN	NaN
	15/11/2022 15:57:45	-63.008000E-3	581.000000E-12	313.000000E-12	4.996000E-9	537.600000E-9	487.770000E-6	235.000000E+0	-5.163000E+0	4.305258E+3	NaN	NaN
	15/11/2022 15:57:52	-66.906000E-3	582.000000E-12	315.000000E-12	4.996000E-9	538.200000E-9	457.700000E-6	235.000000E+0	-5.050000E+0	4.305370E+3	NaN	NaN
	15/11/2022 15:57:59	-67.028000E-3	581.000000E-12	314.000000E-12	4.996000E-9	536.300000E-9	490.250000E-6	235.000000E+0	-5.275000E+0	4.305258E+3	NaN	NaN
	15/11/2022 15:58:06	-63.208000E-3	582.000000E-12	314.000000E-12	4.996000E-9	536.300000E-9	491.710000E-6	235.000000E+0	-5.275000E+0	4.305370E+3	NaN	NaN
	15/11/2022 15:58:14	-63.896000E-3	582.000000E-12	314.000000E-12	4.996000E-9	535.600000E-9	472.250000E-6	235.000000E+0	-5.163000E+0	4.305482E+3	NaN	NaN
	15/11/2022 15:58:21	-67.076000E-3	582.000000E-12	314.000000E-12	4.996000E-9	536.300000E-9	453.030000E-6	235.000000E+0	-5.163000E+0	4.305370E+3	NaN	NaN
	15/11/2022 15:58:28	-66.879000E-3	581.000000E-12	314.000000E-12	4.996000E-9	536.300000E-9	476.180000E-6	235.000000E+0	-5.163000E+0	4.305370E+3	NaN	NaN
	15/11/2022 15:58:35	-66.534000E-3	582.000000E-12	314.000000E-12	4.996000E-9	535.600000E-9	489.000000E-6	235.000000E+0	-5.050000E+0	4.305482E+3	NaN	NaN
	15/11/2022 15:58:42	-63.083000E-3	582.000000E-12	315.000000E-12	4.996000E-9	536.300000E-9	487.030000E-6	235.000000E+0	-5.163000E+0	4.305370E+3	NaN	NaN
	15/11/2022 15:58:50	-63.479000E-3	581.000000E-12	314.000000E-12	4.996000E-9	535.600000E-9	480.150000E-6	235.000000E+0	-5.275000E+0	4.305370E+3	NaN	NaN
	15/11/2022 15:58:57	-63.896000E-3	581.000000E-12	314.000000E-12	4.996000E-9	535.600000E-9	478.150000E-6	235.000000E+0	-5.275000E+0	4.305482E+3	NaN	NaN
	15/11/2022 15:59:04	-62.910000E-3	582.000000E-12	315.000000E-12	4.996000E-9	535.600000E-9	455.230000E-6	235.000000E+0	-5.163000E+0	4.305482E+3	NaN	NaN
	15/11/2022 15:59:11	-62.838000E-3	582.000000E-12	314.000000E-12	4.996000E-9	535.000000E-9	453.740000E-6	235.000000E+0	-5.163000E+0	4.305482E+3	NaN	NaN
	15/11/2022 15:59:18	-67.076000E-3	582.000000E-12	313.000000E-12	4.996000E-9	534.300000E-9	479.160000E-6	235.000000E+0	-5.163000E+0	4.305707E+3	NaN	NaN
	15/11/2022 15:59:26	-67.028000E-3	582.000000E-12	314.000000E-12	4.996000E-9	534.300000E-9	465.840000E-6	235.000000E+0	-5.050000E+0	4.305370E+3	NaN	NaN
	15/11/2022 15:59:33	-62.737000E-3	581.000000E-12	314.000000E-12	4.996000E-9	533.700000E-9	486.550000E-6	235.000000E+0	-5.275000E+0	4.305594E+3	NaN	NaN
	15/11/2022 15:59:40	-62.689000E-3	582.000000E-12	315.000000E-12	4.996000E-9	534.300000E-9	487.770000E-6	235.000000E+0	-5.050000E+0	4.305482E+3	NaN	NaN
	15/11/2022 15:59:47	-67.005000E-3	581.000000E-12	313.000000E-12	4.996000E-9	536.300000E-9	466.080000E-6	235.000000E+0	-5.050000E+0	4.305594E+3	NaN	NaN
	15/11/2022 15:59:54	-63.354000E-3	581.000000E-12	312.000000E-12	4.996000E-9	536.300000E-9	476.180000E-6	235.000000E+0	-5.275000E+0	4.305482E+3	NaN	NaN
	15/11/2022 16:00:01	-66.584000E-3	582.000000E-12	314.000000E-12	4.996000E-9	536.300000E-9	477.160000E-6	235.000000E+0	-5.050000E+0	4.305482E+3	NaN	NaN
	15/11/2022 16:00:09	-64.364000E-3	581.000000E-12	313.000000E-12	4.996000E-9	535.000000E-9	465.330000E-6	235.000000E+0	-5.387000E+0	4.305482E+3	NaN	NaN
	15/11/2022 16:00:16	-63.479000E-3	581.000000E-12	313.000000E-12	4.996000E-9	533.700000E-9	487.540000E-6	235.000000E+0	-5.163000E+0	4.305370E+3	NaN	NaN
	15/11/2022 16:00:23	-66.832000E-3	581.000000E-12	312.000000E-12	4.996000E-9	533.700000E-9	452.280000E-6	235.000000E+0	-5.050000E+0	4.305594E+3	NaN	NaN
	15/11/2022 16:00:30	-67.052000E-3	581.000000E-12	313.000000E-12	4.996000E-9	532.400000E-9	473.980000E-6	235.000000E+0	-5.275000E+0	4.305594E+3	NaN	NaN
	15/11/2022 16:00:37	-67.276000E-3	582.000000E-12	313.000000E-12	4.996000E-9	532.400000E-9	481.870000E-6	235.000000E+0	-5.163000E+0	4.305370E+3	NaN	NaN
	15/11/2022 16:00:45	-64.340000E-3	581.000000E-12	313.000000E-12	4.996000E-9	531.800000E-9	445.130000E-6	235.000000E+0	-5.163000E+0	4.305482E+3	NaN	NaN
	15/11/2022 16:00:52	-66.954000E-3	582.000000E-12	313.000000E-12	4.996000E-9	533.700000E-9	478.150000E-6	234.000000E+0	-5.050000E+0	4.305707E+3	NaN	NaN
	15/11/2022 16:00:59	-62.367000E-3	581.000000E-12	313.000000E-12	4.996000E-9	535.600000E-9	482.110000E-6	235.000000E+0	-5.050000E+0	4.305482E+3	NaN	NaN
	15/11/2022 16:01:06	-66.733000E-3	582.000000E-12	313.000000E-12	4.996000E-9	535.000000E-9	484.820000E-6	234.000000E+0	-5.050000E+0	4.305482E+3	NaN	NaN
	15/11/2022 16:01:13	-65.279000E-3	581.000000E-12	313.000000E-12	4.996000E-9	533.100000E-9	460.150000E-6	234.000000E+0	-5.163000E+0	4.305370E+3	NaN	NaN
	15/11/2022 16:01:20	-62.811000E-3	581.000000E-12	313.000000E-12	4.996000E-9	531.800000E-9	467.810000E-6	234.000000E+0	-5.050000E+0	4.305594E+3	NaN	NaN
	15/11/2022 16:01:28	-62.984000E-3	581.000000E-12	313.000000E-12	4.996000E-9	531.100000E-9	487.770000E-6	234.000000E+0	-5.163000E+0	4.305482E+3	NaN	NaN
	15/11/2022 16:01:35	-66.510000E-3	581.000000E-12	313.000000E-12	4.996000E-9	530.500000E-9	489.500000E-6	234.000000E+0	-5.275000E+0	4.305370E+3	NaN	NaN
	15/11/2022 16:01:42	-62.838000E-3	581.000000E-12	312.000000E-12	4.996000E-9	529.900000E-9	487.300000E-6	235.000000E+0	-5.275000E+0	4.305482E+3	NaN	NaN
	15/11/2022 16:01:49	-63.008000E-3	581.000000E-12	312.000000E-12	4.996000E-9	529.200000E-9	470.010000E-6	235.000000E+0	-5.163000E+0	4.305594E+3	NaN	NaN
	15/11/2022 16:01:56	-66.561000E-3	582.000000E-12	313.000000E-12	4.996000E-9	528.600000E-9	470.760000E-6	234.000000E+0	-5.163000E+0	4.305594E+3	NaN	NaN
	15/11/2022 16:02:04	-63.452000E-3	583.000000E-12	313.000000E-12	4.996000E-9	529.200000E-9	485.810000E-6	234.000000E+0	-5.163000E+0	4.305482E+3	NaN	NaN
	15/11/2022 16:02:11	-66.042000E-3	581.000000E-12	313.000000E-12	4.996000E-9	528.600000E-9	479.640000E-6	234.000000E+0	-5.163000E+0	4.305482E+3	NaN	NaN
	15/11/2022 16:02:18	-66.805000E-3	582.000000E-12	313.000000E-12	4.996000E-9	529.200000E-9	451.030000E-6	234.000000E+0	-5.050000E+0	4.305594E+3	NaN	NaN
	15/11/2022 16:02:25	-67.547000E-3	582.000000E-12	312.000000E-12	4.996000E-9	528.600000E-9	449.060000E-6	234.000000E+0	-5.163000E+0	4.305594E+3	NaN	NaN
	15/11/2022 16:02:32	-66.683000E-3	582.000000E-12	314.000000E-12	4.996000E-9	528.600000E-9	452.010000E-6	234.000000E+0	-5.163000E+0	4.305819E+3	NaN	NaN
	15/11/2022 16:02:39	-62.737000E-3	581.000000E-12	312.000000E-12	4.996000E-9	528.600000E-9	490.010000E-6	234.000000E+0	-5.050000E+0	4.305594E+3	NaN	NaN
	15/11/2022 16:02:47	-62.665000E-3	581.000000E-12	313.000000E-12	4.996000E-9	528.000000E-9	483.840000E-6	234.000000E+0	-5.163000E+0	4.305819E+3	NaN	NaN
	15/11/2022 16:02:54	-65.178000E-3	581.000000E-12	313.000000E-12	4.996000E-9	528.600000E-9	455.980000E-6	234.000000E+0	-5.275000E+0	4.305482E+3	NaN	NaN
	15/11/2022 16:03:01	-62.418000E-3	583.000000E-12	313.000000E-12	4.996000E-9	526.700000E-9	447.840000E-6	234.000000E+0	-4.938000E+0	4.305707E+3	NaN	NaN
	15/11/2022 16:03:08	-62.516000E-3	581.000000E-12	312.000000E-12	4.996000E-9	528.600000E-9	469.030000E-6	234.000000E+0	-5.163000E+0	4.305819E+3	NaN	NaN
	15/11/2022 16:03:15	-63.330000E-3	581.000000E-12	311.000000E-12	4.996000E-9	528.000000E-9	466.590000E-6	234.000000E+0	-5.163000E+0	4.305594E+3	NaN	NaN
	15/11/2022 16:03:23	-62.764000E-3	582.000000E-12	314.000000E-12	4.996000E-9	526.700000E-9	456.450000E-6	234.000000E+0	-5.163000E+0	4.305819E+3	NaN	NaN
	15/11/2022 16:03:30	-66.337000E-3	581.000000E-12	312.000000E-12	4.996000E-9	526.700000E-9	469.540000E-6	234.000000E+0	-5.050000E+0	4.306043E+3	NaN	NaN
	15/11/2022 16:03:37	-67.052000E-3	586.000000E-12	315.000000E-12	4.996000E-9	526.100000E-9	463.370000E-6	234.000000E+0	-4.938000E+0	4.305707E+3	NaN	NaN
	15/11/2022 16:03:44	-62.615000E-3	586.000000E-12	314.000000E-12	4.996000E-9	526.100000E-9	487.770000E-6	234.000000E+0	-5.163000E+0	4.305594E+3	NaN	NaN
	15/11/2022 16:03:51	-67.127000E-3	586.000000E-12	314.000000E-12	4.996000E-9	526.700000E-9	487.300000E-6	234.000000E+0	-5.050000E+0	4.305594E+3	NaN	NaN
	15/11/2022 16:03:59	-66.510000E-3	585.000000E-12	314.000000E-12	4.996000E-9	526.100000E-9	454.490000E-6	234.000000E+0	-5.163000E+0	4.305819E+3	NaN	NaN
	15/11/2022 16:04:06	-66.510000E-3	586.000000E-12	315.000000E-12	4.996000E-9	526.700000E-9	466.820000E-6	234.000000E+0	-4.938000E+0	4.305931E+3	NaN	NaN
	15/11/2022 16:04:13	-65.574000E-3	585.000000E-12	314.000000E-12	4.996000E-9	527.300000E-9	469.030000E-6	234.000000E+0	-5.275000E+0	4.305707E+3	NaN	NaN
	15/11/2022 16:04:20	-66.561000E-3	586.000000E-12	314.000000E-12	4.996000E-9	526.100000E-9	461.400000E-6	234.000000E+0	-5.163000E+0	4.305819E+3	NaN	NaN
	15/11/2022 16:04:27	-62.269000E-3	584.000000E-12	314.000000E-12	4.996000E-9	526.100000E-9	486.280000E-6	234.000000E+0	-5.387000E+0	4.305819E+3	NaN	NaN
	15/11/2022 16:04:34	-63.601000E-3	586.000000E-12	314.000000E-12	4.996000E-9	526.100000E-9	468.790000E-6	234.000000E+0	-5.275000E+0	4.305819E+3	NaN	NaN
	15/11/2022 16:04:42	-62.713000E-3	584.000000E-12	312.000000E-12	4.996000E-9	526.100000E-9	472.250000E-6	234.000000E+0	-4.938000E+0	4.305819E+3	NaN	NaN
	15/11/2022 16:04:49	-65.991000E-3	585.000000E-12	314.000000E-12	4.996000E-9	526.100000E-9	466.320000E-6	234.000000E+0	-5.163000E+0	4.305819E+3	NaN	NaN
	15/11/2022 16:04:56	-66.733000E-3	585.000000E-12	314.000000E-12	4.996000E-9	525.400000E-9	478.420000E-6	234.000000E+0	-5.275000E+0	4.305819E+3	NaN	NaN
	15/11/2022 16:05:03	-66.733000E-3	584.000000E-12	314.000000E-12	4.996000E-9	525.400000E-9	450.550000E-6	234.000000E+0	-5.163000E+0	4.305819E+3	NaN	NaN
	15/11/2022 16:05:10	-66.364000E-3	584.000000E-12	314.000000E-12	4.996000E-9	525.400000E-9	491.470000E-6	234.000000E+0	-5.275000E+0	4.305707E+3	NaN	NaN
	15/11/2022 16:05:17	-62.788000E-3	586.000000E-12	313.000000E-12	4.996000E-9	524.800000E-9	477.910000E-6	234.000000E+0	-5.387000E+0	4.305819E+3	NaN	NaN
	15/11/2022 16:05:25	-66.906000E-3	586.000000E-12	315.000000E-12	4.996000E-9	525.400000E-9	484.820000E-6	234.000000E+0	-5.275000E+0	4.305819E+3	NaN	NaN
	15/11/2022 16:05:32	-66.584000E-3	586.000000E-12	315.000000E-12	4.996000E-9	524.800000E-9	475.200000E-6	234.000000E+0	-5.163000E+0	4.305819E+3	NaN	NaN
	15/11/2022 16:05:39	-66.733000E-3	585.000000E-12	314.000000E-12	4.996000E-9	525.400000E-9	466.080000E-6	234.000000E+0	-5.275000E+0	4.305931E+3	NaN	NaN
	15/11/2022 16:05:46	-62.862000E-3	585.000000E-12	314.000000E-12	4.996000E-9	524.800000E-9	445.870000E-6	234.000000E+0	-4.938000E+0	4.305707E+3	NaN	NaN
	15/11/2022 16:05:53	-66.906000E-3	585.000000E-12	314.000000E-12	4.996000E-9	528.600000E-9	455.980000E-6	234.000000E+0	-5.163000E+0	4.305931E+3	NaN	NaN
	15/11/2022 16:06:00	-66.215000E-3	585.000000E-12	314.000000E-12	4.996000E-9	530.500000E-9	444.620000E-6	234.000000E+0	-5.163000E+0	4.305707E+3	NaN	NaN
	15/11/2022 16:06:08	-63.479000E-3	585.000000E-12	313.000000E-12	4.996000E-9	529.900000E-9	474.210000E-6	234.000000E+0	-5.163000E+0	4.305931E+3	NaN	NaN
	15/11/2022 16:06:15	-64.588000E-3	585.000000E-12	313.000000E-12	4.996000E-9	529.200000E-9	469.300000E-6	234.000000E+0	-4.938000E+0	4.305819E+3	NaN	NaN
	15/11/2022 16:06:22	-62.591000E-3	585.000000E-12	315.000000E-12	4.996000E-9	526.700000E-9	460.650000E-6	234.000000E+0	-5.163000E+0	4.305707E+3	NaN	NaN
	15/11/2022 16:06:29	-66.757000E-3	585.000000E-12	314.000000E-12	4.996000E-9	526.100000E-9	465.840000E-6	234.000000E+0	-5.163000E+0	4.305819E+3	NaN	NaN
	15/11/2022 16:06:36	-65.303000E-3	586.000000E-12	314.000000E-12	4.996000E-9	525.400000E-9	478.890000E-6	234.000000E+0	-5.275000E+0	4.305707E+3	NaN	NaN
	15/11/2022 16:06:43	-62.466000E-3	586.000000E-12	315.000000E-12	4.996000E-9	525.400000E-9	475.200000E-6	234.000000E+0	-5.163000E+0	4.305594E+3	NaN	NaN
	15/11/2022 16:06:51	-62.838000E-3	584.000000E-12	313.000000E-12	4.996000E-9	524.800000E-9	477.160000E-6	234.000000E+0	-5.050000E+0	4.305819E+3	NaN	NaN
	15/11/2022 16:06:58	-63.699000E-3	584.000000E-12	313.000000E-12	4.996000E-9	524.800000E-9	452.280000E-6	234.000000E+0	-5.275000E+0	4.305819E+3	NaN	NaN
	15/11/2022 16:07:05	-63.652000E-3	584.000000E-12	313.000000E-12	4.996000E-9	524.800000E-9	448.080000E-6	234.000000E+0	-5.163000E+0	4.305594E+3	NaN	NaN
	15/11/2022 16:07:12	-62.764000E-3	586.000000E-12	315.000000E-12	4.996000E-9	524.200000E-9	472.010000E-6	234.000000E+0	-5.163000E+0	4.305819E+3	NaN	NaN
	15/11/2022 16:07:19	-65.821000E-3	585.000000E-12	314.000000E-12	4.996000E-9	520.400000E-9	485.060000E-6	234.000000E+0	-5.050000E+0	4.305819E+3	NaN	NaN
	15/11/2022 16:07:27	-62.540000E-3	585.000000E-12	314.000000E-12	4.996000E-9	520.400000E-9	487.300000E-6	233.000000E+0	-5.050000E+0	4.305594E+3	NaN	NaN
	15/11/2022 16:07:34	-62.343000E-3	586.000000E-12	314.000000E-12	4.996000E-9	519.800000E-9	475.700000E-6	234.000000E+0	-5.275000E+0	4.305707E+3	NaN	NaN
	15/11/2022 16:07:41	-65.279000E-3	585.000000E-12	312.000000E-12	4.996000E-9	519.800000E-9	455.470000E-6	234.000000E+0	-5.275000E+0	4.305819E+3	NaN	NaN
	15/11/2022 16:07:48	-66.388000E-3	585.000000E-12	315.000000E-12	4.996000E-9	519.800000E-9	464.110000E-6	234.000000E+0	-5.163000E+0	4.305707E+3	NaN	NaN
	15/11/2022 16:07:55	-66.832000E-3	585.000000E-12	314.000000E-12	4.996000E-9	519.800000E-9	484.590000E-6	234.000000E+0	-5.163000E+0	4.305707E+3	NaN	NaN
	15/11/2022 16:08:02	-66.534000E-3	584.000000E-12	314.000000E-12	4.996000E-9	519.200000E-9	453.260000E-6	234.000000E+0	-5.163000E+0	4.305819E+3	NaN	NaN
	15/11/2022 16:08:09	-66.561000E-3	585.000000E-12	313.000000E-12	4.996000E-9	519.200000E-9	485.570000E-6	234.000000E+0	-5.275000E+0	4.305594E+3	NaN	NaN
	15/11/2022 16:08:17	-66.388000E-3	585.000000E-12	315.000000E-12	4.996000E-9	519.200000E-9	468.280000E-6	233.000000E+0	-5.275000E+0	4.305819E+3	NaN	NaN
	15/11/2022 16:08:24	-66.781000E-3	585.000000E-12	314.000000E-12	4.996000E-9	519.200000E-9	475.440000E-6	234.000000E+0	-5.275000E+0	4.306043E+3	NaN	NaN
	15/11/2022 16:08:31	-62.937000E-3	586.000000E-12	315.000000E-12	4.996000E-9	519.200000E-9	472.720000E-6	233.000000E+0	-4.938000E+0	4.305819E+3	NaN	NaN
	15/11/2022 16:08:38	-62.713000E-3	585.000000E-12	313.000000E-12	4.996000E-9	519.200000E-9	479.160000E-6	233.000000E+0	-5.163000E+0	4.305707E+3	NaN	NaN
	15/11/2022 16:08:45	-62.492000E-3	584.000000E-12	313.000000E-12	4.996000E-9	518.500000E-9	452.760000E-6	234.000000E+0	-5.275000E+0	4.305931E+3	NaN	NaN
	15/11/2022 16:08:53	-66.116000E-3	585.000000E-12	314.000000E-12	4.996000E-9	518.500000E-9	458.690000E-6	234.000000E+0	-5.163000E+0	4.305931E+3	NaN	NaN
	15/11/2022 16:09:00	-66.561000E-3	585.000000E-12	314.000000E-12	4.996000E-9	517.300000E-9	490.490000E-6	234.000000E+0	-5.275000E+0	4.305819E+3	NaN	NaN
	15/11/2022 16:09:07	-62.269000E-3	584.000000E-12	313.000000E-12	4.996000E-9	516.700000E-9	467.810000E-6	233.000000E+0	-5.163000E+0	4.305819E+3	NaN	NaN
	15/11/2022 16:09:14	-66.561000E-3	585.000000E-12	314.000000E-12	4.996000E-9	517.900000E-9	447.600000E-6	233.000000E+0	-5.050000E+0	4.305931E+3	NaN	NaN
	15/11/2022 16:09:21	-62.737000E-3	585.000000E-12	314.000000E-12	4.996000E-9	518.500000E-9	450.040000E-6	233.000000E+0	-5.163000E+0	4.306156E+3	NaN	NaN
	15/11/2022 16:09:28	-67.005000E-3	585.000000E-12	314.000000E-12	4.996000E-9	518.500000E-9	475.940000E-6	233.000000E+0	-5.050000E+0	4.305931E+3	NaN	NaN
	15/11/2022 16:09:36	-66.832000E-3	585.000000E-12	313.000000E-12	4.996000E-9	518.500000E-9	455.470000E-6	233.000000E+0	-5.163000E+0	4.305819E+3	NaN	NaN
	15/11/2022 16:09:43	-66.388000E-3	585.000000E-12	315.000000E-12	4.996000E-9	516.700000E-9	482.590000E-6	234.000000E+0	-5.163000E+0	4.305819E+3	NaN	NaN
	15/11/2022 16:09:50	-62.394000E-3	585.000000E-12	315.000000E-12	4.996000E-9	517.300000E-9	482.860000E-6	233.000000E+0	-5.050000E+0	4.306043E+3	NaN	NaN
	15/11/2022 16:09:57	-66.486000E-3	586.000000E-12	314.000000E-12	4.996000E-9	517.300000E-9	472.720000E-6	233.000000E+0	-5.275000E+0	4.305931E+3	NaN	NaN
	15/11/2022 16:10:04	-62.442000E-3	585.000000E-12	314.000000E-12	4.996000E-9	516.100000E-9	460.150000E-6	234.000000E+0	-5.050000E+0	4.305931E+3	NaN	NaN
	15/11/2022 16:10:11	-63.872000E-3	585.000000E-12	313.000000E-12	4.996000E-9	516.100000E-9	470.010000E-6	233.000000E+0	-5.050000E+0	4.305931E+3	NaN	NaN
	15/11/2022 16:10:19	-63.008000E-3	585.000000E-12	313.000000E-12	4.996000E-9	516.700000E-9	477.910000E-6	233.000000E+0	-5.050000E+0	4.306043E+3	NaN	NaN
	15/11/2022 16:10:26	-66.635000E-3	584.000000E-12	313.000000E-12	4.996000E-9	516.100000E-9	475.200000E-6	233.000000E+0	-5.163000E+0	4.305931E+3	NaN	NaN
	15/11/2022 16:10:33	-66.462000E-3	586.000000E-12	314.000000E-12	4.996000E-9	516.100000E-9	485.570000E-6	233.000000E+0	-5.275000E+0	4.306043E+3	NaN	NaN
	15/11/2022 16:10:40	-66.832000E-3	585.000000E-12	315.000000E-12	4.996000E-9	516.100000E-9	481.130000E-6	233.000000E+0	-5.163000E+0	4.305931E+3	NaN	NaN
	15/11/2022 16:10:47	-65.425000E-3	585.000000E-12	314.000000E-12	4.996000E-9	517.900000E-9	474.210000E-6	233.000000E+0	-5.163000E+0	4.305931E+3	NaN	NaN
	15/11/2022 16:10:54	-63.750000E-3	585.000000E-12	314.000000E-12	4.996000E-9	518.500000E-9	471.500000E-6	233.000000E+0	-4.938000E+0	4.305819E+3	NaN	NaN
	15/11/2022 16:11:02	-66.635000E-3	586.000000E-12	314.000000E-12	4.996000E-9	519.200000E-9	474.960000E-6	233.000000E+0	-5.163000E+0	4.305819E+3	NaN	NaN
	15/11/2022 16:11:09	-62.713000E-3	585.000000E-12	314.000000E-12	4.996000E-9	518.500000E-9	475.440000E-6	233.000000E+0	-4.938000E+0	4.305594E+3	NaN	NaN
	15/11/2022 16:11:16	-62.123000E-3	585.000000E-12	314.000000E-12	4.996000E-9	516.700000E-9	475.440000E-6	233.000000E+0	-4.938000E+0	4.305819E+3	NaN	NaN
	15/11/2022 16:11:23	-65.500000E-3	586.000000E-12	313.000000E-12	4.996000E-9	516.100000E-9	455.230000E-6	233.000000E+0	-5.163000E+0	4.305931E+3	NaN	NaN
	15/11/2022 16:11:30	-66.707000E-3	585.000000E-12	313.000000E-12	4.996000E-9	515.400000E-9	463.370000E-6	233.000000E+0	-5.050000E+0	4.305931E+3	NaN	NaN
	15/11/2022 16:11:38	-62.466000E-3	586.000000E-12	313.000000E-12	4.996000E-9	515.400000E-9	471.740000E-6	233.000000E+0	-5.050000E+0	4.305819E+3	NaN	NaN
	15/11/2022 16:11:45	-66.510000E-3	585.000000E-12	314.000000E-12	4.996000E-9	514.800000E-9	460.420000E-6	233.000000E+0	-5.163000E+0	4.305931E+3	NaN	NaN
	15/11/2022 16:11:52	-63.527000E-3	585.000000E-12	314.000000E-12	4.996000E-9	514.800000E-9	486.050000E-6	233.000000E+0	-5.163000E+0	4.305931E+3	NaN	NaN
	15/11/2022 16:11:59	-63.503000E-3	585.000000E-12	314.000000E-12	4.996000E-9	514.800000E-9	487.770000E-6	233.000000E+0	-5.275000E+0	4.306043E+3	NaN	NaN
	15/11/2022 16:12:06	-66.781000E-3	585.000000E-12	314.000000E-12	4.996000E-9	514.800000E-9	470.280000E-6	233.000000E+0	-5.050000E+0	4.306043E+3	NaN	NaN
	15/11/2022 16:12:13	-67.449000E-3	585.000000E-12	314.000000E-12	4.996000E-9	514.800000E-9	466.080000E-6	233.000000E+0	-5.050000E+0	4.306043E+3	NaN	NaN
	15/11/2022 16:12:21	-62.862000E-3	585.000000E-12	314.000000E-12	4.996000E-9	514.800000E-9	476.930000E-6	233.000000E+0	-5.050000E+0	4.305819E+3	NaN	NaN
	15/11/2022 16:12:28	-66.635000E-3	586.000000E-12	314.000000E-12	4.996000E-9	514.200000E-9	452.280000E-6	233.000000E+0	-5.163000E+0	4.306156E+3	NaN	NaN
	15/11/2022 16:12:35	-63.676000E-3	585.000000E-12	313.000000E-12	4.996000E-9	514.200000E-9	464.110000E-6	233.000000E+0	-5.275000E+0	4.306156E+3	NaN	NaN
	15/11/2022 16:12:42	-64.981000E-3	585.000000E-12	313.000000E-12	4.996000E-9	514.200000E-9	450.040000E-6	233.000000E+0	-5.163000E+0	4.306156E+3	NaN	NaN
	15/11/2022 16:12:49	-66.659000E-3	586.000000E-12	313.000000E-12	4.996000E-9	513.600000E-9	485.300000E-6	233.000000E+0	-5.387000E+0	4.306156E+3	NaN	NaN
	15/11/2022 16:12:56	-62.689000E-3	586.000000E-12	314.000000E-12	4.996000E-9	513.600000E-9	473.980000E-6	233.000000E+0	-5.050000E+0	4.305931E+3	NaN	NaN
	15/11/2022 16:13:04	-62.984000E-3	586.000000E-12	315.000000E-12	4.996000E-9	513.600000E-9	480.150000E-6	233.000000E+0	-5.275000E+0	4.305819E+3	NaN	NaN
	15/11/2022 16:13:11	-63.676000E-3	586.000000E-12	314.000000E-12	4.996000E-9	514.200000E-9	465.570000E-6	233.000000E+0	-5.163000E+0	4.306156E+3	NaN	NaN
	15/11/2022 16:13:18	-66.733000E-3	585.000000E-12	314.000000E-12	4.996000E-9	514.200000E-9	474.720000E-6	233.000000E+0	-5.163000E+0	4.305931E+3	NaN	NaN
	15/11/2022 16:13:25	-66.337000E-3	585.000000E-12	314.000000E-12	4.996000E-9	514.200000E-9	471.500000E-6	233.000000E+0	-5.050000E+0	4.306043E+3	NaN	NaN
	15/11/2022 16:13:32	-62.245000E-3	586.000000E-12	314.000000E-12	4.996000E-9	514.200000E-9	453.740000E-6	233.000000E+0	-5.275000E+0	4.305931E+3	NaN	NaN
	15/11/2022 16:13:40	-62.418000E-3	586.000000E-12	314.000000E-12	4.996000E-9	514.200000E-9	480.620000E-6	233.000000E+0	-5.050000E+0	4.306043E+3	NaN	NaN
	15/11/2022 16:13:47	-65.944000E-3	585.000000E-12	313.000000E-12	4.996000E-9	514.200000E-9	455.470000E-6	233.000000E+0	-5.050000E+0	4.305931E+3	NaN	NaN
	15/11/2022 16:13:54	-67.028000E-3	585.000000E-12	313.000000E-12	4.996000E-9	513.600000E-9	491.980000E-6	233.000000E+0	-5.050000E+0	4.305819E+3	NaN	NaN
	15/11/2022 16:14:01	-66.805000E-3	586.000000E-12	313.000000E-12	4.996000E-9	514.200000E-9	464.590000E-6	233.000000E+0	-5.163000E+0	4.306156E+3	NaN	NaN
	15/11/2022 16:14:08	-62.811000E-3	585.000000E-12	314.000000E-12	4.996000E-9	514.200000E-9	446.590000E-6	233.000000E+0	-5.275000E+0	4.306156E+3	NaN	NaN
	15/11/2022 16:14:16	-64.859000E-3	586.000000E-12	315.000000E-12	4.996000E-9	513.600000E-9	484.080000E-6	233.000000E+0	-5.275000E+0	4.306043E+3	NaN	NaN
	15/11/2022 16:14:23	-62.096000E-3	586.000000E-12	315.000000E-12	4.996000E-9	513.600000E-9	474.210000E-6	233.000000E+0	-5.163000E+0	4.305931E+3	NaN	NaN
	15/11/2022 16:14:30	-66.561000E-3	585.000000E-12	314.000000E-12	4.996000E-9	513.600000E-9	469.540000E-6	233.000000E+0	-5.163000E+0	4.306268E+3	NaN	NaN
	15/11/2022 16:14:37	-63.232000E-3	586.000000E-12	314.000000E-12	4.996000E-9	513.600000E-9	486.050000E-6	233.000000E+0	-5.275000E+0	4.306156E+3	NaN	NaN
	15/11/2022 16:14:44	-66.832000E-3	587.000000E-12	315.000000E-12	4.996000E-9	514.200000E-9	468.280000E-6	233.000000E+0	-5.163000E+0	4.306043E+3	NaN	NaN
	15/11/2022 16:14:52	-66.462000E-3	586.000000E-12	314.000000E-12	4.996000E-9	514.800000E-9	450.040000E-6	232.000000E+0	-5.050000E+0	4.306043E+3	NaN	NaN
	15/11/2022 16:14:59	-63.503000E-3	586.000000E-12	314.000000E-12	4.996000E-9	514.800000E-9	457.200000E-6	232.000000E+0	-5.163000E+0	4.306043E+3	NaN	NaN
	15/11/2022 16:15:06	-62.862000E-3	585.000000E-12	314.000000E-12	4.996000E-9	514.800000E-9	477.670000E-6	233.000000E+0	-5.163000E+0	4.306043E+3	NaN	NaN
	15/11/2022 16:15:13	-65.771000E-3	585.000000E-12	314.000000E-12	4.996000E-9	514.200000E-9	483.570000E-6	233.000000E+0	-5.163000E+0	4.306043E+3	NaN	NaN
	15/11/2022 16:15:20	-62.516000E-3	586.000000E-12	314.000000E-12	4.996000E-9	513.000000E-9	482.860000E-6	233.000000E+0	-5.163000E+0	4.305931E+3	NaN	NaN
	15/11/2022 16:15:27	-62.540000E-3	585.000000E-12	314.000000E-12	4.996000E-9	512.300000E-9	478.150000E-6	232.000000E+0	-5.163000E+0	4.305931E+3	NaN	NaN
	15/11/2022 16:15:35	-66.215000E-3	587.000000E-12	314.000000E-12	4.996000E-9	513.000000E-9	458.450000E-6	233.000000E+0	-5.275000E+0	4.306043E+3	NaN	NaN
	15/11/2022 16:15:42	-66.093000E-3	586.000000E-12	313.000000E-12	4.996000E-9	511.700000E-9	489.740000E-6	232.000000E+0	-5.050000E+0	4.305931E+3	NaN	NaN
	15/11/2022 16:15:49	-62.394000E-3	584.000000E-12	314.000000E-12	4.996000E-9	511.700000E-9	472.490000E-6	233.000000E+0	-5.050000E+0	4.306043E+3	NaN	NaN
	15/11/2022 16:15:56	-64.686000E-3	584.000000E-12	312.000000E-12	4.996000E-9	511.700000E-9	459.670000E-6	232.000000E+0	-5.163000E+0	4.306043E+3	NaN	NaN
	15/11/2022 16:16:03	-67.076000E-3	584.000000E-12	312.000000E-12	4.996000E-9	511.700000E-9	455.470000E-6	233.000000E+0	-5.163000E+0	4.306268E+3	NaN	NaN
	15/11/2022 16:16:10	-66.757000E-3	584.000000E-12	313.000000E-12	4.996000E-9	513.000000E-9	449.810000E-6	232.000000E+0	-4.938000E+0	4.305931E+3	NaN	NaN
	15/11/2022 16:16:18	-66.879000E-3	583.000000E-12	313.000000E-12	4.996000E-9	514.200000E-9	478.890000E-6	232.000000E+0	-5.163000E+0	4.306043E+3	NaN	NaN
	15/11/2022 16:16:25	-62.788000E-3	583.000000E-12	314.000000E-12	4.996000E-9	514.200000E-9	477.160000E-6	232.000000E+0	-5.275000E+0	4.306043E+3	NaN	NaN
	15/11/2022 16:16:32	-66.435000E-3	583.000000E-12	312.000000E-12	4.996000E-9	514.200000E-9	489.260000E-6	232.000000E+0	-5.050000E+0	4.306156E+3	NaN	NaN
	15/11/2022 16:16:39	-62.540000E-3	584.000000E-12	314.000000E-12	4.996000E-9	513.600000E-9	475.200000E-6	232.000000E+0	-5.275000E+0	4.306156E+3	NaN	NaN
	15/11/2022 16:16:46	-66.191000E-3	584.000000E-12	313.000000E-12	4.996000E-9	513.000000E-9	471.500000E-6	232.000000E+0	-5.050000E+0	4.305931E+3	NaN	NaN
	15/11/2022 16:16:53	-61.998000E-3	583.000000E-12	313.000000E-12	4.996000E-9	513.000000E-9	488.520000E-6	232.000000E+0	-5.275000E+0	4.306043E+3	NaN	NaN
	15/11/2022 16:17:01	-66.635000E-3	584.000000E-12	314.000000E-12	4.996000E-9	512.300000E-9	488.010000E-6	232.000000E+0	-5.387000E+0	4.305819E+3	NaN	NaN
	15/11/2022 16:17:08	-66.856000E-3	583.000000E-12	313.000000E-12	4.996000E-9	512.300000E-9	490.490000E-6	232.000000E+0	-5.163000E+0	4.306043E+3	NaN	NaN
	15/11/2022 16:17:15	-64.981000E-3	584.000000E-12	313.000000E-12	4.996000E-9	514.200000E-9	471.030000E-6	232.000000E+0	-5.275000E+0	4.305931E+3	NaN	NaN
	15/11/2022 16:17:22	-62.540000E-3	583.000000E-12	312.000000E-12	4.996000E-9	514.800000E-9	483.330000E-6	232.000000E+0	-5.050000E+0	4.305707E+3	NaN	NaN
	15/11/2022 16:17:29	-62.937000E-3	582.000000E-12	313.000000E-12	4.996000E-9	514.800000E-9	487.770000E-6	232.000000E+0	-5.163000E+0	4.305931E+3	NaN	NaN
	15/11/2022 16:17:36	-65.377000E-3	584.000000E-12	313.000000E-12	4.996000E-9	513.600000E-9	487.300000E-6	232.000000E+0	-4.938000E+0	4.306043E+3	NaN	NaN
	15/11/2022 16:17:43	-66.757000E-3	584.000000E-12	313.000000E-12	4.996000E-9	513.000000E-9	471.260000E-6	232.000000E+0	-5.050000E+0	4.306043E+3	NaN	NaN
	15/11/2022 16:17:51	-66.364000E-3	584.000000E-12	313.000000E-12	4.996000E-9	513.000000E-9	484.820000E-6	232.000000E+0	-5.163000E+0	4.306043E+3	NaN	NaN
	15/11/2022 16:17:58	-66.313000E-3	585.000000E-12	316.000000E-12	4.996000E-9	512.300000E-9	485.810000E-6	232.000000E+0	-5.050000E+0	4.305819E+3	NaN	NaN
	15/11/2022 16:18:05	-66.411000E-3	586.000000E-12	315.000000E-12	4.996000E-9	511.700000E-9	449.060000E-6	232.000000E+0	-5.163000E+0	4.306043E+3	NaN	NaN
	15/11/2022 16:18:12	-66.561000E-3	584.000000E-12	314.000000E-12	4.996000E-9	511.700000E-9	480.860000E-6	232.000000E+0	-4.938000E+0	4.306043E+3	NaN	NaN
	15/11/2022 16:18:19	-66.832000E-3	583.000000E-12	313.000000E-12	4.996000E-9	511.700000E-9	461.400000E-6	232.000000E+0	-5.275000E+0	4.306043E+3	NaN	NaN
	15/11/2022 16:18:27	-62.343000E-3	583.000000E-12	313.000000E-12	4.996000E-9	511.700000E-9	447.090000E-6	232.000000E+0	-5.163000E+0	4.306156E+3	NaN	NaN
	15/11/2022 16:18:34	-62.221000E-3	583.000000E-12	314.000000E-12	4.996000E-9	511.700000E-9	472.990000E-6	232.000000E+0	-5.050000E+0	4.306156E+3	NaN	NaN
	15/11/2022 16:18:41	-63.479000E-3	583.000000E-12	313.000000E-12	4.996000E-9	511.100000E-9	463.600000E-6	232.000000E+0	-5.050000E+0	4.306156E+3	NaN	NaN
	15/11/2022 16:18:48	-66.930000E-3	584.000000E-12	314.000000E-12	4.996000E-9	511.700000E-9	478.150000E-6	232.000000E+0	-5.275000E+0	4.306156E+3	NaN	NaN
	15/11/2022 16:18:55	-66.191000E-3	583.000000E-12	313.000000E-12	4.996000E-9	511.100000E-9	491.230000E-6	232.000000E+0	-5.050000E+0	4.306043E+3	NaN	NaN
	15/11/2022 16:19:03	-66.733000E-3	9.410000E-9	2.050000E-9	4.996000E-9	511.100000E-9	490.010000E-6	232.000000E+0	-5.050000E+0	4.306156E+3	NaN	NaN
	15/11/2022 16:19:10	-64.564000E-3	695.000000E-12	516.000000E-12	4.996000E-9	511.700000E-9	467.810000E-6	232.000000E+0	-5.163000E+0	4.306043E+3	NaN	NaN
	15/11/2022 16:19:17	-67.177000E-3	637.000000E-12	441.000000E-12	4.996000E-9	511.700000E-9	480.150000E-6	232.000000E+0	-5.275000E+0	4.306268E+3	NaN	NaN
	15/11/2022 16:19:24	-64.835000E-3	621.000000E-12	407.000000E-12	4.996000E-9	511.700000E-9	489.260000E-6	232.000000E+0	-4.938000E+0	4.306156E+3	NaN	NaN
	15/11/2022 16:19:31	-66.584000E-3	612.000000E-12	389.000000E-12	4.996000E-9	511.700000E-9	468.790000E-6	232.000000E+0	-5.163000E+0	4.306156E+3	NaN	NaN
	15/11/2022 16:19:38	-66.435000E-3	602.000000E-12	378.000000E-12	4.996000E-9	511.700000E-9	461.400000E-6	232.000000E+0	-5.275000E+0	4.306268E+3	NaN	NaN
	15/11/2022 16:19:45	-62.937000E-3	603.000000E-12	370.000000E-12	4.996000E-9	511.700000E-9	466.820000E-6	232.000000E+0	-5.275000E+0	4.306043E+3	NaN	NaN
	15/11/2022 16:19:53	-66.930000E-3	600.000000E-12	365.000000E-12	4.996000E-9	511.100000E-9	479.160000E-6	232.000000E+0	-5.050000E+0	4.306156E+3	NaN	NaN
	15/11/2022 16:20:00	-62.540000E-3	599.000000E-12	360.000000E-12	4.996000E-9	511.700000E-9	447.840000E-6	232.000000E+0	-5.163000E+0	4.306156E+3	NaN	NaN
	15/11/2022 16:20:07	-62.516000E-3	592.000000E-12	356.000000E-12	4.996000E-9	511.700000E-9	486.790000E-6	232.000000E+0	-5.275000E+0	4.306156E+3	NaN	NaN
	15/11/2022 16:20:14	-64.021000E-3	597.000000E-12	353.000000E-12	4.996000E-9	511.700000E-9	461.880000E-6	232.000000E+0	-5.275000E+0	4.306043E+3	NaN	NaN
	15/11/2022 16:20:21	-66.561000E-3	592.000000E-12	350.000000E-12	4.996000E-9	511.700000E-9	462.380000E-6	231.000000E+0	-5.275000E+0	4.306156E+3	NaN	NaN
	15/11/2022 16:20:28	-66.707000E-3	594.000000E-12	348.000000E-12	4.996000E-9	511.100000E-9	469.770000E-6	232.000000E+0	-5.163000E+0	4.306156E+3	NaN	NaN
	15/11/2022 16:20:36	-62.838000E-3	592.000000E-12	347.000000E-12	4.996000E-9	511.100000E-9	487.300000E-6	232.000000E+0	-5.163000E+0	4.306156E+3	NaN	NaN
	15/11/2022 16:20:43	-62.764000E-3	583.000000E-12	346.000000E-12	4.996000E-9	511.700000E-9	448.820000E-6	232.000000E+0	-5.050000E+0	4.306268E+3	NaN	NaN
	15/11/2022 16:20:50	-62.492000E-3	591.000000E-12	345.000000E-12	4.996000E-9	511.700000E-9	467.570000E-6	232.000000E+0	-5.163000E+0	4.306043E+3	NaN	NaN
	15/11/2022 16:20:57	-63.676000E-3	588.000000E-12	343.000000E-12	4.996000E-9	511.700000E-9	467.570000E-6	232.000000E+0	-5.163000E+0	4.306156E+3	NaN	NaN
	15/11/2022 16:21:04	-62.123000E-3	591.000000E-12	341.000000E-12	4.996000E-9	511.700000E-9	483.100000E-6	232.000000E+0	-5.163000E+0	4.306156E+3	NaN	NaN
	15/11/2022 16:21:11	-62.937000E-3	587.000000E-12	340.000000E-12	4.996000E-9	511.700000E-9	470.280000E-6	232.000000E+0	-5.163000E+0	4.306380E+3	NaN	NaN
	15/11/2022 16:21:19	-63.896000E-3	582.000000E-12	340.000000E-12	4.996000E-9	511.700000E-9	478.420000E-6	232.000000E+0	-5.050000E+0	4.306268E+3	NaN	NaN
	15/11/2022 16:21:26	-62.442000E-3	583.000000E-12	339.000000E-12	4.996000E-9	511.700000E-9	447.840000E-6	231.000000E+0	-5.275000E+0	4.306268E+3	NaN	NaN
	15/11/2022 16:21:33	-66.635000E-3	590.000000E-12	338.000000E-12	4.996000E-9	511.700000E-9	474.720000E-6	232.000000E+0	-5.275000E+0	4.306492E+3	NaN	NaN
	15/11/2022 16:21:40	-62.516000E-3	590.000000E-12	336.000000E-12	4.996000E-9	511.700000E-9	454.490000E-6	232.000000E+0	-5.163000E+0	4.306380E+3	NaN	NaN
	15/11/2022 16:21:47	-65.893000E-3	586.000000E-12	336.000000E-12	4.996000E-9	511.700000E-9	489.000000E-6	232.000000E+0	-5.050000E+0	4.306156E+3	NaN	NaN
	15/11/2022 16:21:54	-62.567000E-3	586.000000E-12	336.000000E-12	4.996000E-9	511.700000E-9	482.860000E-6	232.000000E+0	-5.050000E+0	4.306380E+3	NaN	NaN
	15/11/2022 16:22:02	-62.591000E-3	586.000000E-12	335.000000E-12	4.996000E-9	513.000000E-9	459.430000E-6	232.000000E+0	-5.163000E+0	4.306268E+3	NaN	NaN
	15/11/2022 16:22:09	-62.394000E-3	586.000000E-12	335.000000E-12	4.996000E-9	512.300000E-9	483.570000E-6	231.000000E+0	-5.275000E+0	4.306268E+3	NaN	NaN
	15/11/2022 16:22:16	-66.954000E-3	586.000000E-12	334.000000E-12	4.996000E-9	513.000000E-9	463.130000E-6	232.000000E+0	-5.163000E+0	4.306268E+3	NaN	NaN
	15/11/2022 16:22:23	-62.394000E-3	578.000000E-12	334.000000E-12	4.996000E-9	513.000000E-9	460.150000E-6	231.000000E+0	-5.050000E+0	4.306268E+3	NaN	NaN
	15/11/2022 16:22:30	-66.337000E-3	586.000000E-12	333.000000E-12	4.996000E-9	513.000000E-9	454.990000E-6	232.000000E+0	-5.163000E+0	4.306268E+3	NaN	NaN
	15/11/2022 16:22:37	-66.733000E-3	586.000000E-12	332.000000E-12	4.996000E-9	513.000000E-9	457.700000E-6	232.000000E+0	-5.050000E+0	4.306268E+3	NaN	NaN
	15/11/2022 16:22:45	-62.442000E-3	583.000000E-12	332.000000E-12	4.996000E-9	513.000000E-9	466.080000E-6	232.000000E+0	-5.050000E+0	4.306380E+3	NaN	NaN
	15/11/2022 16:22:52	-62.194000E-3	586.000000E-12	332.000000E-12	4.996000E-9	513.000000E-9	462.140000E-6	231.000000E+0	-5.163000E+0	4.306380E+3	NaN	NaN
	15/11/2022 16:22:59	-66.608000E-3	586.000000E-12	332.000000E-12	4.996000E-9	513.600000E-9	479.400000E-6	232.000000E+0	-5.163000E+0	4.306268E+3	NaN	NaN
	15/11/2022 16:23:06	-66.486000E-3	584.000000E-12	332.000000E-12	4.996000E-9	513.000000E-9	449.060000E-6	231.000000E+0	-5.387000E+0	4.306268E+3	NaN	NaN
	15/11/2022 16:23:13	-66.411000E-3	580.000000E-12	331.000000E-12	4.996000E-9	513.000000E-9	459.160000E-6	231.000000E+0	-5.387000E+0	4.306268E+3	NaN	NaN
	15/11/2022 16:23:21	-62.269000E-3	576.000000E-12	331.000000E-12	4.996000E-9	513.600000E-9	479.400000E-6	232.000000E+0	-5.163000E+0	4.306492E+3	NaN	NaN
	15/11/2022 16:23:28	-65.696000E-3	581.000000E-12	331.000000E-12	4.996000E-9	513.600000E-9	477.910000E-6	231.000000E+0	-5.163000E+0	4.306492E+3	NaN	NaN
	15/11/2022 16:23:35	-66.510000E-3	587.000000E-12	331.000000E-12	4.996000E-9	513.600000E-9	476.930000E-6	232.000000E+0	-5.387000E+0	4.306380E+3	NaN	NaN
	15/11/2022 16:23:42	-66.733000E-3	583.000000E-12	329.000000E-12	4.996000E-9	513.600000E-9	462.860000E-6	231.000000E+0	-5.050000E+0	4.306492E+3	NaN	NaN
	15/11/2022 16:23:50	-66.313000E-3	584.000000E-12	329.000000E-12	4.996000E-9	514.200000E-9	473.230000E-6	232.000000E+0	-5.163000E+0	4.306380E+3	NaN	NaN
	15/11/2022 16:23:57	-66.608000E-3	586.000000E-12	330.000000E-12	4.996000E-9	514.200000E-9	456.720000E-6	231.000000E+0	-5.163000E+0	4.306380E+3	NaN	NaN
	15/11/2022 16:24:04	-64.021000E-3	577.000000E-12	329.000000E-12	4.996000E-9	513.600000E-9	442.180000E-6	231.000000E+0	-5.050000E+0	4.306380E+3	NaN	NaN
	15/11/2022 16:24:11	-66.411000E-3	580.000000E-12	329.000000E-12	4.996000E-9	514.200000E-9	480.150000E-6	231.000000E+0	-5.050000E+0	4.306380E+3	NaN	NaN
	15/11/2022 16:24:19	-66.164000E-3	584.000000E-12	329.000000E-12	4.996000E-9	514.800000E-9	474.450000E-6	231.000000E+0	-5.275000E+0	4.306492E+3	NaN	NaN
	15/11/2022 16:24:26	-66.462000E-3	584.000000E-12	328.000000E-12	4.996000E-9	515.400000E-9	481.610000E-6	231.000000E+0	-5.275000E+0	4.306492E+3	NaN	NaN
	15/11/2022 16:24:33	-62.886000E-3	584.000000E-12	330.000000E-12	4.996000E-9	514.800000E-9	462.140000E-6	231.000000E+0	-5.163000E+0	4.306492E+3	NaN	NaN
	15/11/2022 16:24:40	-66.289000E-3	582.000000E-12	328.000000E-12	4.996000E-9	514.800000E-9	444.620000E-6	231.000000E+0	-5.275000E+0	4.306380E+3	NaN	NaN
	15/11/2022 16:24:47	-65.771000E-3	577.000000E-12	329.000000E-12	4.996000E-9	514.800000E-9	467.810000E-6	231.000000E+0	-5.163000E+0	4.306605E+3	NaN	NaN
	15/11/2022 16:24:54	-62.466000E-3	580.000000E-12	327.000000E-12	4.996000E-9	515.400000E-9	482.350000E-6	231.000000E+0	-5.050000E+0	4.306380E+3	NaN	NaN
	15/11/2022 16:25:02	-62.492000E-3	584.000000E-12	327.000000E-12	4.996000E-9	514.800000E-9	472.250000E-6	231.000000E+0	-5.163000E+0	4.306492E+3	NaN	NaN
	15/11/2022 16:25:09	-62.516000E-3	580.000000E-12	328.000000E-12	4.996000E-9	515.400000E-9	452.760000E-6	231.000000E+0	-5.275000E+0	4.306380E+3	NaN	NaN
	15/11/2022 16:25:16	-66.707000E-3	583.000000E-12	328.000000E-12	4.996000E-9	515.400000E-9	476.450000E-6	231.000000E+0	-5.050000E+0	4.306380E+3	NaN	NaN
	15/11/2022 16:25:23	-66.364000E-3	575.000000E-12	327.000000E-12	4.996000E-9	515.400000E-9	456.960000E-6	231.000000E+0	-5.163000E+0	4.306492E+3	NaN	NaN
	15/11/2022 16:25:30	-64.883000E-3	584.000000E-12	327.000000E-12	4.996000E-9	515.400000E-9	488.010000E-6	231.000000E+0	-5.163000E+0	4.306380E+3	NaN	NaN
	15/11/2022 16:25:38	-66.584000E-3	579.000000E-12	326.000000E-12	4.996000E-9	515.400000E-9	469.300000E-6	231.000000E+0	-5.387000E+0	4.306492E+3	NaN	NaN
	15/11/2022 16:25:45	-66.683000E-3	578.000000E-12	327.000000E-12	4.996000E-9	515.400000E-9	472.720000E-6	231.000000E+0	-5.050000E+0	4.306492E+3	NaN	NaN
	15/11/2022 16:25:52	-62.713000E-3	583.000000E-12	326.000000E-12	4.996000E-9	515.400000E-9	484.590000E-6	231.000000E+0	-5.163000E+0	4.306492E+3	NaN	NaN
	15/11/2022 16:25:59	-66.635000E-3	581.000000E-12	326.000000E-12	4.996000E-9	515.400000E-9	475.200000E-6	231.000000E+0	-5.275000E+0	4.306492E+3	NaN	NaN
	15/11/2022 16:26:06	-64.045000E-3	578.000000E-12	326.000000E-12	4.996000E-9	515.400000E-9	475.700000E-6	231.000000E+0	-5.050000E+0	4.306492E+3	NaN	NaN
	15/11/2022 16:26:13	-66.757000E-3	582.000000E-12	326.000000E-12	4.996000E-9	515.400000E-9	445.600000E-6	231.000000E+0	-5.163000E+0	4.306492E+3	NaN	NaN
	15/11/2022 16:26:21	-65.377000E-3	582.000000E-12	326.000000E-12	4.996000E-9	516.100000E-9	495.430000E-6	231.000000E+0	-5.275000E+0	4.306605E+3	NaN	NaN
	15/11/2022 16:26:28	-66.561000E-3	577.000000E-12	325.000000E-12	4.996000E-9	515.400000E-9	503.570000E-6	231.000000E+0	-5.050000E+0	4.306492E+3	NaN	NaN
	15/11/2022 16:26:35	-65.476000E-3	583.000000E-12	326.000000E-12	4.996000E-9	515.400000E-9	503.060000E-6	231.000000E+0	-5.050000E+0	4.306605E+3	NaN	NaN
	15/11/2022 16:26:42	-62.492000E-3	581.000000E-12	325.000000E-12	4.996000E-9	515.400000E-9	496.660000E-6	231.000000E+0	-5.163000E+0	4.306717E+3	NaN	NaN
	15/11/2022 16:26:49	-63.059000E-3	576.000000E-12	324.000000E-12	4.996000E-9	515.400000E-9	483.570000E-6	231.000000E+0	-5.163000E+0	4.306605E+3	NaN	NaN
	15/11/2022 16:26:57	-62.838000E-3	583.000000E-12	325.000000E-12	4.996000E-9	516.100000E-9	502.560000E-6	231.000000E+0	-5.050000E+0	4.306492E+3	NaN	NaN
	15/11/2022 16:27:04	-66.462000E-3	581.000000E-12	327.000000E-12	4.996000E-9	516.100000E-9	482.590000E-6	231.000000E+0	-5.163000E+0	4.306492E+3	NaN	NaN
	15/11/2022 16:27:11	-66.510000E-3	578.000000E-12	326.000000E-12	4.996000E-9	516.700000E-9	500.590000E-6	231.000000E+0	-5.163000E+0	4.306492E+3	NaN	NaN
	15/11/2022 16:27:18	-62.937000E-3	582.000000E-12	325.000000E-12	4.996000E-9	517.900000E-9	529.440000E-6	231.000000E+0	-5.163000E+0	4.306605E+3	NaN	NaN
	15/11/2022 16:27:25	-63.947000E-3	578.000000E-12	325.000000E-12	4.996000E-9	517.900000E-9	500.350000E-6	231.000000E+0	-5.275000E+0	4.306492E+3	NaN	NaN
	15/11/2022 16:27:33	-62.862000E-3	579.000000E-12	325.000000E-12	4.996000E-9	516.700000E-9	523.030000E-6	231.000000E+0	-5.163000E+0	4.306605E+3	NaN	NaN
	15/11/2022 16:27:40	-66.313000E-3	582.000000E-12	325.000000E-12	4.996000E-9	516.100000E-9	488.760000E-6	231.000000E+0	-5.163000E+0	4.306492E+3	NaN	NaN
	15/11/2022 16:27:47	-66.337000E-3	582.000000E-12	324.000000E-12	4.996000E-9	516.100000E-9	500.590000E-6	231.000000E+0	-5.163000E+0	4.306380E+3	NaN	NaN
	15/11/2022 16:27:54	-61.998000E-3	579.000000E-12	324.000000E-12	4.996000E-9	516.700000E-9	500.350000E-6	231.000000E+0	-5.163000E+0	4.306492E+3	NaN	NaN
	15/11/2022 16:28:01	-66.510000E-3	579.000000E-12	325.000000E-12	4.996000E-9	516.100000E-9	487.300000E-6	231.000000E+0	-5.163000E+0	4.306492E+3	NaN	NaN
	15/11/2022 16:28:09	-66.486000E-3	584.000000E-12	324.000000E-12	4.996000E-9	516.700000E-9	484.320000E-6	230.000000E+0	-5.163000E+0	4.306717E+3	NaN	NaN
	15/11/2022 16:28:16	-65.252000E-3	574.000000E-12	324.000000E-12	4.996000E-9	516.100000E-9	515.130000E-6	231.000000E+0	-5.163000E+0	4.306605E+3	NaN	NaN
	15/11/2022 16:28:23	-66.757000E-3	584.000000E-12	324.000000E-12	4.996000E-9	516.100000E-9	508.490000E-6	231.000000E+0	-5.050000E+0	4.306492E+3	NaN	NaN
	15/11/2022 16:28:30	-66.805000E-3	582.000000E-12	324.000000E-12	4.996000E-9	517.300000E-9	500.350000E-6	231.000000E+0	-5.275000E+0	4.306605E+3	NaN	NaN
	15/11/2022 16:28:37	-62.615000E-3	574.000000E-12	324.000000E-12	4.996000E-9	516.700000E-9	525.980000E-6	231.000000E+0	-5.050000E+0	4.306380E+3	NaN	NaN
	15/11/2022 16:28:44	-64.194000E-3	583.000000E-12	324.000000E-12	4.996000E-9	516.700000E-9	486.050000E-6	231.000000E+0	-5.163000E+0	4.306605E+3	NaN	NaN
	15/11/2022 16:28:52	-66.608000E-3	578.000000E-12	324.000000E-12	4.996000E-9	517.300000E-9	526.730000E-6	231.000000E+0	-5.050000E+0	4.306492E+3	NaN	NaN
	15/11/2022 16:28:59	-66.659000E-3	581.000000E-12	324.000000E-12	4.996000E-9	516.700000E-9	511.710000E-6	231.000000E+0	-5.050000E+0	4.306492E+3	NaN	NaN
	15/11/2022 16:29:06	-66.510000E-3	577.000000E-12	324.000000E-12	4.996000E-9	517.900000E-9	484.590000E-6	231.000000E+0	-5.050000E+0	4.306492E+3	NaN	NaN
	15/11/2022 16:29:13	-66.584000E-3	585.000000E-12	327.000000E-12	4.996000E-9	517.900000E-9	506.010000E-6	230.000000E+0	-5.163000E+0	4.306605E+3	NaN	NaN
	15/11/2022 16:29:20	-66.066000E-3	585.000000E-12	326.000000E-12	4.996000E-9	517.300000E-9	496.890000E-6	231.000000E+0	-5.163000E+0	4.306492E+3	NaN	NaN
	15/11/2022 16:29:27	-62.096000E-3	584.000000E-12	325.000000E-12	4.996000E-9	518.500000E-9	490.250000E-6	231.000000E+0	-5.050000E+0	4.306717E+3	NaN	NaN
	15/11/2022 16:29:35	-66.510000E-3	584.000000E-12	325.000000E-12	4.996000E-9	517.900000E-9	501.570000E-6	230.000000E+0	-5.050000E+0	4.306605E+3	NaN	NaN
	15/11/2022 16:29:42	-66.805000E-3	579.000000E-12	324.000000E-12	4.996000E-9	519.200000E-9	504.050000E-6	231.000000E+0	-5.163000E+0	4.306605E+3	NaN	NaN
	15/11/2022 16:29:49	-64.266000E-3	585.000000E-12	325.000000E-12	4.996000E-9	519.800000E-9	488.520000E-6	231.000000E+0	-5.163000E+0	4.306605E+3	NaN	NaN
	15/11/2022 16:29:56	-64.391000E-3	584.000000E-12	323.000000E-12	4.996000E-9	519.800000E-9	490.990000E-6	230.000000E+0	-5.163000E+0	4.306492E+3	NaN	NaN
	15/11/2022 16:30:03	-66.608000E-3	578.000000E-12	324.000000E-12	4.996000E-9	519.800000E-9	496.420000E-6	231.000000E+0	-5.275000E+0	4.306492E+3	NaN	NaN
	15/11/2022 16:30:10	-66.707000E-3	581.000000E-12	325.000000E-12	4.996000E-9	519.800000E-9	495.910000E-6	230.000000E+0	-5.275000E+0	4.306605E+3	NaN	NaN
	15/11/2022 16:30:18	-62.811000E-3	581.000000E-12	325.000000E-12	4.996000E-9	519.200000E-9	480.620000E-6	230.000000E+0	-5.163000E+0	4.306605E+3	NaN	NaN
	15/11/2022 16:30:25	-66.289000E-3	584.000000E-12	324.000000E-12	4.996000E-9	518.500000E-9	496.890000E-6	230.000000E+0	-5.163000E+0	4.306717E+3	NaN	NaN
	15/11/2022 16:30:32	-66.388000E-3	581.000000E-12	324.000000E-12	4.996000E-9	517.900000E-9	509.980000E-6	230.000000E+0	-5.275000E+0	4.306605E+3	NaN	NaN
	15/11/2022 16:30:39	-65.401000E-3	586.000000E-12	325.000000E-12	4.996000E-9	517.900000E-9	498.860000E-6	230.000000E+0	-5.163000E+0	4.306492E+3	NaN	NaN
	15/11/2022 16:30:46	-62.343000E-3	586.000000E-12	323.000000E-12	4.996000E-9	516.700000E-9	511.710000E-6	230.000000E+0	-5.163000E+0	4.306605E+3	NaN	NaN
	15/11/2022 16:30:53	-62.123000E-3	582.000000E-12	324.000000E-12	4.996000E-9	516.100000E-9	494.180000E-6	230.000000E+0	-5.275000E+0	4.306829E+3	NaN	NaN
	15/11/2022 16:31:01	-62.713000E-3	582.000000E-12	324.000000E-12	4.996000E-9	516.100000E-9	483.840000E-6	230.000000E+0	-5.163000E+0	4.306492E+3	NaN	NaN
	15/11/2022 16:31:08	-63.699000E-3	578.000000E-12	324.000000E-12	4.996000E-9	516.100000E-9	487.300000E-6	230.000000E+0	-5.163000E+0	4.306605E+3	NaN	NaN
	15/11/2022 16:31:15	-66.364000E-3	584.000000E-12	324.000000E-12	4.996000E-9	516.100000E-9	496.890000E-6	230.000000E+0	-5.163000E+0	4.306717E+3	NaN	NaN
	15/11/2022 16:31:22	-66.435000E-3	577.000000E-12	323.000000E-12	4.996000E-9	516.100000E-9	489.500000E-6	230.000000E+0	-5.163000E+0	4.306717E+3	NaN	NaN
	15/11/2022 16:31:29	-66.140000E-3	584.000000E-12	323.000000E-12	4.996000E-9	516.100000E-9	491.980000E-6	230.000000E+0	-5.050000E+0	4.306605E+3	NaN	NaN
	15/11/2022 16:31:36	-62.639000E-3	583.000000E-12	324.000000E-12	4.996000E-9	516.100000E-9	504.550000E-6	230.000000E+0	-5.387000E+0	4.306829E+3	NaN	NaN
	15/11/2022 16:31:44	-64.489000E-3	583.000000E-12	323.000000E-12	4.996000E-9	516.100000E-9	486.280000E-6	230.000000E+0	-5.163000E+0	4.306829E+3	NaN	NaN
	15/11/2022 16:31:51	-65.574000E-3	583.000000E-12	323.000000E-12	4.996000E-9	516.100000E-9	489.500000E-6	230.000000E+0	-5.050000E+0	4.306717E+3	NaN	NaN
	15/11/2022 16:31:58	-66.707000E-3	579.000000E-12	324.000000E-12	4.996000E-9	516.100000E-9	490.490000E-6	230.000000E+0	-5.163000E+0	4.306829E+3	NaN	NaN
	15/11/2022 16:32:05	-66.388000E-3	581.000000E-12	323.000000E-12	4.996000E-9	517.300000E-9	516.860000E-6	230.000000E+0	-5.163000E+0	4.306717E+3	NaN	NaN
	15/11/2022 16:32:12	-66.215000E-3	577.000000E-12	322.000000E-12	4.996000E-9	516.700000E-9	489.000000E-6	230.000000E+0	-5.163000E+0	4.306829E+3	NaN	NaN
	15/11/2022 16:32:19	-62.713000E-3	585.000000E-12	323.000000E-12	4.996000E-9	516.700000E-9	492.960000E-6	230.000000E+0	-5.163000E+0	4.306717E+3	NaN	NaN
	15/11/2022 16:32:27	-66.435000E-3	583.000000E-12	324.000000E-12	4.996000E-9	517.300000E-9	488.760000E-6	230.000000E+0	-5.163000E+0	4.306829E+3	NaN	NaN
	15/11/2022 16:32:34	-62.296000E-3	582.000000E-12	323.000000E-12	4.996000E-9	518.500000E-9	515.400000E-6	230.000000E+0	-5.275000E+0	4.307053E+3	NaN	NaN
	15/11/2022 16:32:41	-65.967000E-3	584.000000E-12	324.000000E-12	4.996000E-9	518.500000E-9	500.350000E-6	230.000000E+0	-5.050000E+0	4.307053E+3	NaN	NaN
	15/11/2022 16:32:48	-67.547000E-3	578.000000E-12	323.000000E-12	4.996000E-9	519.200000E-9	488.760000E-6	230.000000E+0	-5.050000E+0	4.307053E+3	NaN	NaN
	15/11/2022 16:32:55	-62.394000E-3	581.000000E-12	323.000000E-12	4.996000E-9	519.200000E-9	487.030000E-6	230.000000E+0	-5.050000E+0	4.306941E+3	NaN	NaN
	15/11/2022 16:33:03	-66.707000E-3	581.000000E-12	321.000000E-12	4.996000E-9	519.200000E-9	485.810000E-6	230.000000E+0	-5.275000E+0	4.307053E+3	NaN	NaN
	15/11/2022 16:33:10	-63.035000E-3	584.000000E-12	323.000000E-12	4.996000E-9	519.800000E-9	514.150000E-6	230.000000E+0	-5.050000E+0	4.306941E+3	NaN	NaN
	15/11/2022 16:33:17	-62.466000E-3	579.000000E-12	322.000000E-12	4.996000E-9	519.800000E-9	496.890000E-6	230.000000E+0	-5.275000E+0	4.306941E+3	NaN	NaN
	15/11/2022 16:33:24	-66.364000E-3	578.000000E-12	323.000000E-12	4.996000E-9	519.800000E-9	482.110000E-6	230.000000E+0	-5.050000E+0	4.306717E+3	NaN	NaN
	15/11/2022 16:33:31	-63.109000E-3	584.000000E-12	324.000000E-12	4.996000E-9	520.400000E-9	493.940000E-6	230.000000E+0	-5.050000E+0	4.306717E+3	NaN	NaN
	15/11/2022 16:33:38	-63.279000E-3	582.000000E-12	324.000000E-12	4.996000E-9	524.800000E-9	514.660000E-6	230.000000E+0	-5.163000E+0	4.306829E+3	NaN	NaN
	15/11/2022 16:33:46	-66.978000E-3	582.000000E-12	323.000000E-12	4.996000E-9	524.800000E-9	496.660000E-6	230.000000E+0	-5.163000E+0	4.307053E+3	NaN	NaN
	15/11/2022 16:33:53	-66.191000E-3	576.000000E-12	323.000000E-12	4.996000E-9	524.200000E-9	479.400000E-6	230.000000E+0	-5.163000E+0	4.306941E+3	NaN	NaN
	15/11/2022 16:34:00	-66.411000E-3	584.000000E-12	322.000000E-12	4.996000E-9	521.000000E-9	499.610000E-6	230.000000E+0	-4.826000E+0	4.306829E+3	NaN	NaN
	15/11/2022 16:34:07	-67.052000E-3	583.000000E-12	322.000000E-12	4.996000E-9	520.400000E-9	485.060000E-6	230.000000E+0	-4.938000E+0	4.306829E+3	NaN	NaN
	15/11/2022 16:34:14	-66.659000E-3	584.000000E-12	321.000000E-12	4.996000E-9	519.800000E-9	513.670000E-6	230.000000E+0	-5.050000E+0	4.307053E+3	NaN	NaN
	15/11/2022 16:34:22	-66.486000E-3	579.000000E-12	322.000000E-12	4.996000E-9	520.400000E-9	510.220000E-6	230.000000E+0	-5.275000E+0	4.307053E+3	NaN	NaN
	15/11/2022 16:34:29	-62.418000E-3	578.000000E-12	322.000000E-12	4.996000E-9	519.800000E-9	483.330000E-6	230.000000E+0	-5.050000E+0	4.306717E+3	NaN	NaN
	15/11/2022 16:34:36	-63.550000E-3	584.000000E-12	323.000000E-12	4.996000E-9	519.800000E-9	487.540000E-6	230.000000E+0	-5.050000E+0	4.307053E+3	NaN	NaN
	15/11/2022 16:34:43	-66.042000E-3	582.000000E-12	322.000000E-12	4.996000E-9	519.800000E-9	483.100000E-6	230.000000E+0	-5.387000E+0	4.306941E+3	NaN	NaN
	15/11/2022 16:34:50	-62.862000E-3	580.000000E-12	322.000000E-12	4.996000E-9	519.800000E-9	491.710000E-6	230.000000E+0	-5.050000E+0	4.306829E+3	NaN	NaN
	15/11/2022 16:34:57	-66.879000E-3	577.000000E-12	322.000000E-12	4.996000E-9	519.800000E-9	485.810000E-6	230.000000E+0	-5.275000E+0	4.306941E+3	NaN	NaN
	15/11/2022 16:35:05	-66.066000E-3	585.000000E-12	322.000000E-12	4.996000E-9	520.400000E-9	489.500000E-6	230.000000E+0	-5.163000E+0	4.307053E+3	NaN	NaN
	15/11/2022 16:35:12	-66.757000E-3	580.000000E-12	322.000000E-12	4.996000E-9	520.400000E-9	494.420000E-6	230.000000E+0	-5.163000E+0	4.307053E+3	NaN	NaN
	15/11/2022 16:35:19	-63.035000E-3	583.000000E-12	322.000000E-12	4.996000E-9	520.400000E-9	487.540000E-6	230.000000E+0	-5.163000E+0	4.306941E+3	NaN	NaN
	15/11/2022 16:35:26	-66.683000E-3	576.000000E-12	322.000000E-12	4.996000E-9	520.400000E-9	483.330000E-6	230.000000E+0	-5.050000E+0	4.306941E+3	NaN	NaN
	15/11/2022 16:35:33	-66.608000E-3	584.000000E-12	322.000000E-12	4.996000E-9	520.400000E-9	492.960000E-6	230.000000E+0	-5.050000E+0	4.306941E+3	NaN	NaN
	15/11/2022 16:35:40	-63.527000E-3	584.000000E-12	322.000000E-12	4.996000E-9	520.400000E-9	496.420000E-6	230.000000E+0	-5.163000E+0	4.307053E+3	NaN	NaN
	15/11/2022 16:35:48	-66.856000E-3	575.000000E-12	322.000000E-12	4.996000E-9	520.400000E-9	501.570000E-6	230.000000E+0	-4.938000E+0	4.306941E+3	NaN	NaN
	15/11/2022 16:35:55	-62.516000E-3	585.000000E-12	322.000000E-12	4.996000E-9	520.400000E-9	487.030000E-6	229.000000E+0	-5.275000E+0	4.306941E+3	NaN	NaN
	15/11/2022 16:36:02	-66.561000E-3	584.000000E-12	321.000000E-12	4.996000E-9	521.700000E-9	483.100000E-6	230.000000E+0	-5.387000E+0	4.306941E+3	NaN	NaN
	15/11/2022 16:36:09	-62.245000E-3	575.000000E-12	322.000000E-12	4.996000E-9	524.800000E-9	488.010000E-6	230.000000E+0	-5.163000E+0	4.306941E+3	NaN	NaN
	15/11/2022 16:36:16	-66.608000E-3	583.000000E-12	322.000000E-12	4.996000E-9	525.400000E-9	503.060000E-6	230.000000E+0	-5.275000E+0	4.307053E+3	NaN	NaN
	15/11/2022 16:36:24	-66.215000E-3	582.000000E-12	322.000000E-12	4.996000E-9	525.400000E-9	486.550000E-6	230.000000E+0	-5.163000E+0	4.306941E+3	NaN	NaN
	15/11/2022 16:36:31	-65.967000E-3	577.000000E-12	322.000000E-12	4.996000E-9	524.800000E-9	498.620000E-6	229.000000E+0	-5.163000E+0	4.307053E+3	NaN	NaN
	15/11/2022 16:36:38	-67.151000E-3	581.000000E-12	322.000000E-12	4.996000E-9	524.800000E-9	490.250000E-6	229.000000E+0	-5.050000E+0	4.306941E+3	NaN	NaN
	15/11/2022 16:36:45	-62.540000E-3	583.000000E-12	322.000000E-12	4.996000E-9	524.800000E-9	489.260000E-6	230.000000E+0	-5.163000E+0	4.306941E+3	NaN	NaN
	15/11/2022 16:36:52	-62.343000E-3	580.000000E-12	321.000000E-12	4.996000E-9	524.800000E-9	485.810000E-6	230.000000E+0	-5.050000E+0	4.307166E+3	NaN	NaN
	15/11/2022 16:36:59	-66.879000E-3	581.000000E-12	321.000000E-12	4.996000E-9	524.800000E-9	493.440000E-6	230.000000E+0	-5.163000E+0	4.307053E+3	NaN	NaN
	15/11/2022 16:37:07	-66.388000E-3	579.000000E-12	320.000000E-12	4.996000E-9	524.800000E-9	496.890000E-6	229.000000E+0	-5.050000E+0	4.307166E+3	NaN	NaN
	15/11/2022 16:37:14	-66.411000E-3	578.000000E-12	319.000000E-12	4.996000E-9	524.800000E-9	494.180000E-6	230.000000E+0	-5.275000E+0	4.307053E+3	NaN	NaN
	15/11/2022 16:37:21	-66.635000E-3	578.000000E-12	319.000000E-12	4.996000E-9	524.800000E-9	497.640000E-6	229.000000E+0	-5.163000E+0	4.307053E+3	NaN	NaN
	15/11/2022 16:37:28	-65.351000E-3	577.000000E-12	319.000000E-12	4.996000E-9	524.800000E-9	484.080000E-6	229.000000E+0	-5.163000E+0	4.306941E+3	NaN	NaN
	15/11/2022 16:37:35	-66.659000E-3	580.000000E-12	319.000000E-12	4.996000E-9	524.800000E-9	490.010000E-6	229.000000E+0	-5.163000E+0	4.306941E+3	NaN	NaN
	15/11/2022 16:37:43	-66.683000E-3	578.000000E-12	320.000000E-12	4.996000E-9	524.800000E-9	489.260000E-6	230.000000E+0	-5.163000E+0	4.306941E+3	NaN	NaN
	15/11/2022 16:37:50	-64.093000E-3	576.000000E-12	320.000000E-12	4.996000E-9	524.800000E-9	484.820000E-6	229.000000E+0	-5.275000E+0	4.307166E+3	NaN	NaN
