Live comments	Time	injection 100mbar	Barion_2	Barion_1	DUAL experiment	DUAL insulation	injection 1mbar	helium	T-platinum	T-CERNOX	I_emission	I_grid
	04/11/2022 16:10:22	-54.404000E-3	4.480000E-9	1.230000E-9	4.996000E-9	2.297000E-6	730.870000E-6	0.000000E+0	-113.355000E+0	54.545000E+0	NaN	NaN
	04/11/2022 16:10:29	-53.716000E-3	4.480000E-9	1.230000E-9	4.996000E-9	2.297000E-6	740.260000E-6	0.000000E+0	-113.355000E+0	54.657000E+0	NaN	NaN
	04/11/2022 16:10:36	-50.461000E-3	4.470000E-9	1.230000E-9	4.996000E-9	2.297000E-6	728.430000E-6	0.000000E+0	-113.467000E+0	54.657000E+0	NaN	NaN
	04/11/2022 16:10:43	-50.065000E-3	4.460000E-9	1.230000E-9	4.996000E-9	2.297000E-6	729.890000E-6	0.000000E+0	-113.243000E+0	54.433000E+0	NaN	NaN
	04/11/2022 16:10:50	-54.231000E-3	4.460000E-9	1.230000E-9	4.996000E-9	2.297000E-6	736.800000E-6	0.000000E+0	-113.131000E+0	54.657000E+0	NaN	NaN
	04/11/2022 16:10:58	-52.261000E-3	4.460000E-9	1.220000E-9	4.996000E-9	2.297000E-6	751.580000E-6	0.000000E+0	-113.243000E+0	54.657000E+0	NaN	NaN
	04/11/2022 16:11:05	-50.536000E-3	4.450000E-9	1.220000E-9	4.996000E-9	2.297000E-6	734.330000E-6	0.000000E+0	-113.243000E+0	54.545000E+0	NaN	NaN
	04/11/2022 16:11:12	-50.560000E-3	4.450000E-9	1.220000E-9	4.996000E-9	2.297000E-6	736.800000E-6	0.000000E+0	-113.131000E+0	54.770000E+0	NaN	NaN
	04/11/2022 16:11:19	-53.912000E-3	4.450000E-9	1.220000E-9	4.996000E-9	2.297000E-6	731.620000E-6	0.000000E+0	-113.243000E+0	54.657000E+0	NaN	NaN
	04/11/2022 16:11:26	-49.821000E-3	4.440000E-9	1.230000E-9	4.996000E-9	2.297000E-6	776.500000E-6	0.000000E+0	-113.355000E+0	54.657000E+0	NaN	NaN
	04/11/2022 16:11:34	-50.411000E-3	4.430000E-9	1.230000E-9	4.996000E-9	2.297000E-6	732.600000E-6	0.000000E+0	-113.355000E+0	54.657000E+0	NaN	NaN
	04/11/2022 16:11:41	-50.363000E-3	4.430000E-9	1.220000E-9	4.996000E-9	2.297000E-6	731.380000E-6	0.000000E+0	-113.243000E+0	54.770000E+0	NaN	NaN
	04/11/2022 16:11:48	-54.431000E-3	4.430000E-9	1.210000E-9	4.996000E-9	2.297000E-6	704.500000E-6	0.000000E+0	-113.243000E+0	54.433000E+0	NaN	NaN
	04/11/2022 16:11:55	-50.434000E-3	4.420000E-9	1.220000E-9	4.996000E-9	2.297000E-6	734.840000E-6	0.000000E+0	-113.243000E+0	54.770000E+0	NaN	NaN
	04/11/2022 16:12:02	-50.461000E-3	4.420000E-9	1.220000E-9	4.996000E-9	2.297000E-6	730.630000E-6	0.000000E+0	-113.243000E+0	54.545000E+0	NaN	NaN
	04/11/2022 16:12:09	-50.116000E-3	4.410000E-9	1.220000E-9	4.996000E-9	2.300000E-6	725.720000E-6	0.000000E+0	-113.243000E+0	54.657000E+0	NaN	NaN
	04/11/2022 16:12:17	-53.716000E-3	4.410000E-9	1.220000E-9	4.996000E-9	2.297000E-6	733.350000E-6	0.000000E+0	-113.355000E+0	54.657000E+0	NaN	NaN
	04/11/2022 16:12:24	-49.844000E-3	4.400000E-9	1.220000E-9	4.996000E-9	2.297000E-6	733.580000E-6	0.000000E+0	-113.355000E+0	54.770000E+0	NaN	NaN
	04/11/2022 16:12:31	-50.139000E-3	4.400000E-9	1.220000E-9	4.996000E-9	2.297000E-6	726.700000E-6	0.000000E+0	-113.243000E+0	54.657000E+0	NaN	NaN
	04/11/2022 16:12:38	-51.546000E-3	4.420000E-9	1.210000E-9	4.996000E-9	2.297000E-6	729.410000E-6	0.000000E+0	-113.243000E+0	54.545000E+0	NaN	NaN
	04/11/2022 16:12:45	-54.604000E-3	4.400000E-9	1.210000E-9	4.996000E-9	2.309000E-6	729.170000E-6	0.000000E+0	-113.243000E+0	54.657000E+0	NaN	NaN
	04/11/2022 16:12:52	-54.085000E-3	4.390000E-9	1.210000E-9	4.996000E-9	2.306000E-6	731.380000E-6	0.000000E+0	-113.243000E+0	54.657000E+0	NaN	NaN
	04/11/2022 16:13:00	-50.607000E-3	4.380000E-9	1.210000E-9	4.996000E-9	2.303000E-6	735.070000E-6	0.000000E+0	-113.355000E+0	54.770000E+0	NaN	NaN
	04/11/2022 16:13:07	-50.092000E-3	4.380000E-9	1.210000E-9	4.996000E-9	2.300000E-6	734.090000E-6	0.000000E+0	-113.355000E+0	54.545000E+0	NaN	NaN
	04/11/2022 16:13:14	-50.461000E-3	4.380000E-9	1.200000E-9	4.996000E-9	2.303000E-6	1.139200E-3	0.000000E+0	-113.467000E+0	54.657000E+0	NaN	NaN
	04/11/2022 16:13:21	-50.536000E-3	4.370000E-9	1.210000E-9	4.996000E-9	2.303000E-6	817.180000E-6	0.000000E+0	-113.243000E+0	54.657000E+0	NaN	NaN
	04/11/2022 16:13:28	-53.024000E-3	4.370000E-9	1.210000E-9	4.996000E-9	2.300000E-6	771.310000E-6	0.000000E+0	-113.355000E+0	54.545000E+0	NaN	NaN
	04/11/2022 16:13:35	-50.265000E-3	4.360000E-9	1.210000E-9	4.996000E-9	2.300000E-6	729.650000E-6	0.000000E+0	-113.355000E+0	54.657000E+0	NaN	NaN
	04/11/2022 16:13:43	-47.427000E-3	4.360000E-9	1.210000E-9	4.996000E-9	2.300000E-6	530.420000E-6	0.000000E+0	-113.243000E+0	54.657000E+0	NaN	NaN
	04/11/2022 16:13:50	-50.288000E-3	4.350000E-9	1.210000E-9	4.996000E-9	2.303000E-6	493.710000E-6	0.000000E+0	-113.355000E+0	54.657000E+0	NaN	NaN
	04/11/2022 16:13:57	-54.404000E-3	4.350000E-9	1.210000E-9	4.996000E-9	2.303000E-6	631.780000E-6	0.000000E+0	-113.355000E+0	54.770000E+0	NaN	NaN
	04/11/2022 16:14:04	-54.333000E-3	4.350000E-9	1.210000E-9	4.996000E-9	2.300000E-6	1.059300E-3	0.000000E+0	-113.355000E+0	54.657000E+0	NaN	NaN
	04/11/2022 16:14:11	-51.126000E-3	4.360000E-9	1.200000E-9	4.996000E-9	2.303000E-6	989.530000E-6	0.000000E+0	-113.355000E+0	54.657000E+0	NaN	NaN
	04/11/2022 16:14:19	-50.092000E-3	4.350000E-9	1.200000E-9	4.996000E-9	2.300000E-6	978.920000E-6	0.000000E+0	-113.355000E+0	54.545000E+0	NaN	NaN
	04/11/2022 16:14:26	-54.356000E-3	4.340000E-9	1.200000E-9	4.996000E-9	2.300000E-6	1.009300E-3	0.000000E+0	-113.131000E+0	54.657000E+0	NaN	NaN
	04/11/2022 16:14:33	-50.607000E-3	4.330000E-9	1.200000E-9	4.996000E-9	2.300000E-6	1.011200E-3	0.000000E+0	-113.243000E+0	54.657000E+0	NaN	NaN
	04/11/2022 16:14:40	-50.634000E-3	4.330000E-9	1.200000E-9	4.996000E-9	2.303000E-6	979.420000E-6	0.000000E+0	-113.243000E+0	54.657000E+0	NaN	NaN
	04/11/2022 16:14:47	-47.722000E-3	4.330000E-9	1.190000E-9	4.996000E-9	2.303000E-6	973.250000E-6	0.000000E+0	-113.243000E+0	54.545000E+0	NaN	NaN
	04/11/2022 16:14:54	-50.879000E-3	4.330000E-9	1.200000E-9	4.996000E-9	2.300000E-6	630.460000E-3	0.000000E+0	-113.243000E+0	54.657000E+0	NaN	NaN
	04/11/2022 16:15:01	-54.824000E-3	4.330000E-9	1.200000E-9	4.996000E-9	2.303000E-6	626.940000E-3	0.000000E+0	-113.243000E+0	54.545000E+0	NaN	NaN
	04/11/2022 16:15:09	-54.651000E-3	4.320000E-9	1.200000E-9	4.996000E-9	2.300000E-6	626.920000E-3	0.000000E+0	-113.243000E+0	54.545000E+0	NaN	NaN
	04/11/2022 16:15:16	-50.163000E-3	4.320000E-9	1.200000E-9	4.996000E-9	2.317000E-6	626.910000E-3	0.000000E+0	-113.131000E+0	54.770000E+0	NaN	NaN
	04/11/2022 16:15:23	-50.411000E-3	4.300000E-9	1.190000E-9	4.996000E-9	2.311000E-6	626.910000E-3	0.000000E+0	-113.019000E+0	54.433000E+0	NaN	NaN
	04/11/2022 16:15:30	-52.088000E-3	4.310000E-9	1.190000E-9	4.996000E-9	2.309000E-6	626.860000E-3	0.000000E+0	-113.131000E+0	54.657000E+0	NaN	NaN
	04/11/2022 16:15:37	-50.163000E-3	4.310000E-9	1.190000E-9	4.996000E-9	2.309000E-6	626.870000E-3	0.000000E+0	-113.131000E+0	54.657000E+0	NaN	NaN
	04/11/2022 16:15:45	-54.750000E-3	4.300000E-9	1.190000E-9	4.996000E-9	2.306000E-6	626.840000E-3	0.000000E+0	-113.131000E+0	54.433000E+0	NaN	NaN
	04/11/2022 16:15:52	-51.078000E-3	4.290000E-9	1.190000E-9	4.996000E-9	2.306000E-6	626.850000E-3	0.000000E+0	-113.243000E+0	54.770000E+0	NaN	NaN
	04/11/2022 16:15:59	-49.993000E-3	4.290000E-9	1.190000E-9	4.996000E-9	2.306000E-6	626.820000E-3	0.000000E+0	-113.243000E+0	54.545000E+0	NaN	NaN
	04/11/2022 16:16:06	-54.801000E-3	4.280000E-9	1.200000E-9	4.996000E-9	2.306000E-6	626.790000E-3	0.000000E+0	-113.243000E+0	54.657000E+0	NaN	NaN
	04/11/2022 16:16:13	-54.923000E-3	4.280000E-9	1.200000E-9	4.996000E-9	2.306000E-6	626.790000E-3	0.000000E+0	-113.355000E+0	54.657000E+0	NaN	NaN
	04/11/2022 16:16:21	-50.238000E-3	4.280000E-9	1.190000E-9	4.996000E-9	2.306000E-6	626.760000E-3	0.000000E+0	-113.243000E+0	54.545000E+0	NaN	NaN
	04/11/2022 16:16:28	-50.583000E-3	4.280000E-9	1.200000E-9	4.996000E-9	2.306000E-6	626.750000E-3	0.000000E+0	-113.243000E+0	54.657000E+0	NaN	NaN
	04/11/2022 16:16:35	-51.200000E-3	4.270000E-9	1.190000E-9	4.996000E-9	2.306000E-6	626.740000E-3	0.000000E+0	-113.355000E+0	54.657000E+0	NaN	NaN
	04/11/2022 16:16:42	-54.899000E-3	4.260000E-9	1.200000E-9	4.996000E-9	2.306000E-6	626.700000E-3	0.000000E+0	-113.355000E+0	54.545000E+0	NaN	NaN
	04/11/2022 16:16:49	-53.641000E-3	4.270000E-9	1.190000E-9	4.996000E-9	2.306000E-6	626.710000E-3	0.000000E+0	-113.243000E+0	54.545000E+0	NaN	NaN
	04/11/2022 16:16:57	-50.634000E-3	4.260000E-9	1.190000E-9	4.996000E-9	2.306000E-6	626.700000E-3	0.000000E+0	-113.355000E+0	54.545000E+0	NaN	NaN
	04/11/2022 16:17:04	-50.658000E-3	4.260000E-9	1.190000E-9	4.996000E-9	2.306000E-6	626.670000E-3	0.000000E+0	-113.355000E+0	54.770000E+0	NaN	NaN
	04/11/2022 16:17:11	-51.028000E-3	4.250000E-9	1.190000E-9	4.996000E-9	2.306000E-6	626.670000E-3	0.000000E+0	-113.243000E+0	54.657000E+0	NaN	NaN
	04/11/2022 16:17:18	-54.651000E-3	4.250000E-9	1.190000E-9	4.996000E-9	2.306000E-6	626.690000E-3	0.000000E+0	-113.243000E+0	54.657000E+0	NaN	NaN
	04/11/2022 16:17:25	-50.807000E-3	4.250000E-9	1.190000E-9	4.996000E-9	2.306000E-6	626.700000E-3	0.000000E+0	-113.243000E+0	54.657000E+0	NaN	NaN
	04/11/2022 16:17:32	-50.658000E-3	4.250000E-9	1.190000E-9	4.996000E-9	2.303000E-6	626.700000E-3	0.000000E+0	-113.131000E+0	54.545000E+0	NaN	NaN
	04/11/2022 16:17:40	-50.387000E-3	4.240000E-9	1.180000E-9	4.996000E-9	2.306000E-6	626.690000E-3	0.000000E+0	-113.355000E+0	54.657000E+0	NaN	NaN
	04/11/2022 16:17:47	-54.356000E-3	4.230000E-9	1.180000E-9	4.996000E-9	2.306000E-6	626.670000E-3	0.000000E+0	-113.355000E+0	54.657000E+0	NaN	NaN
	04/11/2022 16:17:54	-54.875000E-3	4.230000E-9	1.180000E-9	4.996000E-9	2.306000E-6	626.670000E-3	0.000000E+0	-113.243000E+0	54.770000E+0	NaN	NaN
	04/11/2022 16:18:01	-51.963000E-3	4.230000E-9	1.180000E-9	4.996000E-9	2.306000E-6	626.680000E-3	0.000000E+0	-113.243000E+0	54.657000E+0	NaN	NaN
	04/11/2022 16:18:08	-50.116000E-3	4.230000E-9	1.180000E-9	4.996000E-9	2.306000E-6	626.660000E-3	0.000000E+0	-113.243000E+0	54.657000E+0	NaN	NaN
	04/11/2022 16:18:16	-50.831000E-3	4.250000E-9	1.190000E-9	4.996000E-9	2.306000E-6	626.670000E-3	0.000000E+0	-113.243000E+0	54.657000E+0	NaN	NaN
	04/11/2022 16:18:23	-53.960000E-3	4.220000E-9	1.180000E-9	4.996000E-9	2.306000E-6	626.700000E-3	0.000000E+0	-113.355000E+0	54.545000E+0	NaN	NaN
	04/11/2022 16:18:30	-55.218000E-3	4.220000E-9	1.180000E-9	4.996000E-9	2.303000E-6	626.670000E-3	0.000000E+0	-113.243000E+0	54.545000E+0	NaN	NaN
	04/11/2022 16:18:37	-50.879000E-3	4.210000E-9	1.180000E-9	4.996000E-9	2.306000E-6	626.690000E-3	0.000000E+0	-113.019000E+0	54.545000E+0	NaN	NaN
	04/11/2022 16:18:44	-51.078000E-3	4.210000E-9	1.170000E-9	4.996000E-9	2.306000E-6	626.680000E-3	0.000000E+0	-113.355000E+0	54.770000E+0	NaN	NaN
	04/11/2022 16:18:51	-54.973000E-3	4.210000E-9	1.180000E-9	4.996000E-9	2.306000E-6	626.670000E-3	0.000000E+0	-113.355000E+0	54.770000E+0	NaN	NaN
	04/11/2022 16:18:59	-54.282000E-3	4.210000E-9	1.180000E-9	4.996000E-9	2.306000E-6	626.670000E-3	0.000000E+0	-113.467000E+0	54.545000E+0	NaN	NaN
	04/11/2022 16:19:06	-50.831000E-3	4.200000E-9	1.180000E-9	4.996000E-9	2.306000E-6	626.680000E-3	0.000000E+0	-113.131000E+0	54.433000E+0	NaN	NaN
	04/11/2022 16:19:13	-50.509000E-3	4.200000E-9	1.170000E-9	4.996000E-9	2.306000E-6	626.690000E-3	0.000000E+0	-113.355000E+0	54.545000E+0	NaN	NaN
	04/11/2022 16:19:20	-50.312000E-3	4.190000E-9	1.170000E-9	4.996000E-9	2.306000E-6	626.710000E-3	0.000000E+0	-113.131000E+0	54.545000E+0	NaN	NaN
	04/11/2022 16:19:27	-55.194000E-3	4.190000E-9	1.170000E-9	4.996000E-9	2.306000E-6	626.710000E-3	0.000000E+0	-113.355000E+0	54.657000E+0	NaN	NaN
	04/11/2022 16:19:34	-54.947000E-3	4.190000E-9	1.170000E-9	4.996000E-9	2.306000E-6	626.720000E-3	0.000000E+0	-113.355000E+0	54.321000E+0	NaN	NaN
	04/11/2022 16:19:42	-50.634000E-3	4.190000E-9	1.170000E-9	4.996000E-9	2.306000E-6	626.710000E-3	0.000000E+0	-113.355000E+0	54.545000E+0	NaN	NaN
	04/11/2022 16:19:49	-50.634000E-3	4.180000E-9	1.160000E-9	4.996000E-9	2.306000E-6	626.700000E-3	0.000000E+0	-113.243000E+0	54.770000E+0	NaN	NaN
	04/11/2022 16:19:56	-50.288000E-3	4.180000E-9	1.170000E-9	4.996000E-9	2.306000E-6	626.710000E-3	0.000000E+0	-113.243000E+0	54.770000E+0	NaN	NaN
	04/11/2022 16:20:03	-54.529000E-3	4.180000E-9	1.160000E-9	4.996000E-9	2.306000E-6	626.710000E-3	0.000000E+0	-113.243000E+0	54.545000E+0	NaN	NaN
	04/11/2022 16:20:10	-53.370000E-3	4.170000E-9	1.160000E-9	4.996000E-9	2.309000E-6	626.700000E-3	0.000000E+0	-113.355000E+0	54.657000E+0	NaN	NaN
	04/11/2022 16:20:17	-50.509000E-3	4.170000E-9	1.160000E-9	4.996000E-9	2.306000E-6	626.690000E-3	0.000000E+0	-113.131000E+0	54.545000E+0	NaN	NaN
	04/11/2022 16:20:25	-50.607000E-3	4.170000E-9	1.160000E-9	4.996000E-9	2.306000E-6	626.670000E-3	0.000000E+0	-113.243000E+0	54.770000E+0	NaN	NaN
	04/11/2022 16:20:32	-50.682000E-3	4.160000E-9	1.160000E-9	4.996000E-9	2.306000E-6	626.670000E-3	0.000000E+0	-113.243000E+0	54.545000E+0	NaN	NaN
	04/11/2022 16:20:39	-54.404000E-3	4.150000E-9	1.160000E-9	4.996000E-9	2.306000E-6	626.670000E-3	0.000000E+0	-113.131000E+0	54.545000E+0	NaN	NaN
	04/11/2022 16:20:46	-50.658000E-3	4.160000E-9	1.160000E-9	4.996000E-9	2.306000E-6	626.670000E-3	0.000000E+0	-113.243000E+0	54.657000E+0	NaN	NaN
	04/11/2022 16:20:53	-50.732000E-3	4.160000E-9	1.170000E-9	4.996000E-9	2.306000E-6	626.670000E-3	0.000000E+0	-113.355000E+0	54.657000E+0	NaN	NaN
	04/11/2022 16:21:00	-51.495000E-3	4.150000E-9	1.160000E-9	4.996000E-9	2.306000E-6	626.670000E-3	0.000000E+0	-113.355000E+0	54.545000E+0	NaN	NaN
	04/11/2022 16:21:08	-54.774000E-3	4.150000E-9	1.170000E-9	4.996000E-9	2.306000E-6	626.680000E-3	0.000000E+0	-113.467000E+0	54.657000E+0	NaN	NaN
	04/11/2022 16:21:15	-50.732000E-3	4.140000E-9	1.170000E-9	4.996000E-9	2.306000E-6	626.680000E-3	0.000000E+0	-113.243000E+0	54.770000E+0	NaN	NaN
	04/11/2022 16:21:22	-50.905000E-3	4.140000E-9	1.170000E-9	4.996000E-9	2.306000E-6	626.680000E-3	0.000000E+0	-113.131000E+0	54.657000E+0	NaN	NaN
	04/11/2022 16:21:29	-54.824000E-3	4.140000E-9	1.170000E-9	4.996000E-9	2.306000E-6	626.670000E-3	0.000000E+0	-113.355000E+0	54.657000E+0	NaN	NaN
	04/11/2022 16:21:36	-54.750000E-3	4.140000E-9	1.160000E-9	4.996000E-9	2.306000E-6	626.670000E-3	0.000000E+0	-113.355000E+0	54.770000E+0	NaN	NaN
	04/11/2022 16:21:43	-50.265000E-3	4.130000E-9	1.150000E-9	4.996000E-9	2.306000E-6	626.660000E-3	0.000000E+0	-113.243000E+0	54.433000E+0	NaN	NaN
	04/11/2022 16:21:51	-51.224000E-3	4.130000E-9	1.160000E-9	4.996000E-9	2.348000E-6	626.630000E-3	0.000000E+0	-113.131000E+0	54.545000E+0	NaN	NaN
	04/11/2022 16:21:58	-54.651000E-3	4.130000E-9	1.160000E-9	4.996000E-9	2.325000E-6	626.630000E-3	0.000000E+0	-113.243000E+0	54.657000E+0	NaN	NaN
	04/11/2022 16:22:05	-51.275000E-3	4.130000E-9	1.160000E-9	4.996000E-9	2.325000E-6	626.650000E-3	0.000000E+0	-113.467000E+0	54.433000E+0	NaN	NaN
	04/11/2022 16:22:12	-49.892000E-3	4.120000E-9	1.160000E-9	4.996000E-9	2.323000E-6	626.660000E-3	0.000000E+0	-113.243000E+0	54.657000E+0	NaN	NaN
	04/11/2022 16:22:19	-50.634000E-3	4.120000E-9	1.160000E-9	4.996000E-9	2.545000E-6	626.650000E-3	0.000000E+0	-113.243000E+0	54.545000E+0	NaN	NaN
	04/11/2022 16:22:26	-54.577000E-3	4.110000E-9	1.160000E-9	4.996000E-9	2.472000E-6	626.630000E-3	0.000000E+0	-113.131000E+0	54.657000E+0	NaN	NaN
	04/11/2022 16:22:34	-50.855000E-3	4.150000E-9	1.160000E-9	4.996000E-9	2.431000E-6	626.630000E-3	0.000000E+0	-113.243000E+0	54.545000E+0	NaN	NaN
	04/11/2022 16:22:41	-50.756000E-3	4.170000E-9	1.190000E-9	4.996000E-9	2.399000E-6	626.670000E-3	0.000000E+0	-113.355000E+0	54.657000E+0	NaN	NaN
	04/11/2022 16:22:48	-54.899000E-3	4.320000E-9	1.290000E-9	4.996000E-9	2.385000E-6	626.670000E-3	0.000000E+0	-113.467000E+0	54.657000E+0	NaN	NaN
	04/11/2022 16:22:55	-54.726000E-3	5.760000E-9	1.850000E-9	4.996000E-9	2.373000E-6	626.680000E-3	0.000000E+0	-113.131000E+0	54.657000E+0	NaN	NaN
	04/11/2022 16:23:02	-49.993000E-3	35.500000E-9	17.400000E-9	4.996000E-9	2.365000E-6	626.670000E-3	0.000000E+0	-113.243000E+0	54.657000E+0	NaN	NaN
	04/11/2022 16:23:09	-50.583000E-3	203.000000E-9	94.900000E-9	4.996000E-9	2.357000E-6	626.120000E-3	0.000000E+0	-113.355000E+0	54.657000E+0	NaN	NaN
	04/11/2022 16:23:17	-54.651000E-3	5.750000E-6	2.690000E-6	4.996000E-9	2.354000E-6	622.870000E-3	0.000000E+0	-113.243000E+0	54.545000E+0	NaN	NaN
	04/11/2022 16:23:24	-55.218000E-3	11.600000E-6	4.990000E-6	4.996000E-9	2.348000E-6	617.750000E-3	0.000000E+0	-113.131000E+0	54.657000E+0	NaN	NaN
	04/11/2022 16:23:31	-50.780000E-3	14.500000E-6	5.840000E-6	4.996000E-9	2.345000E-6	612.190000E-3	0.000000E+0	-113.355000E+0	54.770000E+0	NaN	NaN
	04/11/2022 16:23:38	-50.560000E-3	14.500000E-6	5.830000E-6	4.996000E-9	2.328000E-6	606.680000E-3	0.000000E+0	-113.467000E+0	54.657000E+0	NaN	NaN
	04/11/2022 16:23:45	-50.363000E-3	14.400000E-6	5.780000E-6	4.996000E-9	2.325000E-6	601.300000E-3	0.000000E+0	-113.243000E+0	54.545000E+0	NaN	NaN
	04/11/2022 16:23:53	-54.726000E-3	14.300000E-6	5.730000E-6	4.996000E-9	2.325000E-6	595.820000E-3	0.000000E+0	-113.243000E+0	54.433000E+0	NaN	NaN
	04/11/2022 16:24:00	-50.560000E-3	14.200000E-6	5.690000E-6	4.996000E-9	2.325000E-6	590.580000E-3	0.000000E+0	-113.131000E+0	54.770000E+0	NaN	NaN
	04/11/2022 16:24:07	-50.807000E-3	14.100000E-6	5.650000E-6	4.996000E-9	2.325000E-6	585.220000E-3	0.000000E+0	-113.019000E+0	54.770000E+0	NaN	NaN
	04/11/2022 16:24:14	-50.682000E-3	13.900000E-6	5.610000E-6	4.996000E-9	2.325000E-6	579.890000E-3	0.000000E+0	-113.243000E+0	54.545000E+0	NaN	NaN
	04/11/2022 16:24:21	-54.750000E-3	13.800000E-6	5.560000E-6	4.996000E-9	2.325000E-6	574.770000E-3	0.000000E+0	-113.131000E+0	54.545000E+0	NaN	NaN
	04/11/2022 16:24:28	-50.977000E-3	13.700000E-6	5.520000E-6	4.996000E-9	2.325000E-6	569.480000E-3	0.000000E+0	-113.243000E+0	54.657000E+0	NaN	NaN
	04/11/2022 16:24:36	-50.756000E-3	13.800000E-6	5.690000E-6	4.996000E-9	2.325000E-6	626.420000E-3	0.000000E+0	-113.131000E+0	54.657000E+0	NaN	NaN
	04/11/2022 16:24:43	-54.947000E-3	14.900000E-6	5.930000E-6	4.996000E-9	2.325000E-6	622.130000E-3	0.000000E+0	-113.355000E+0	54.657000E+0	NaN	NaN
	04/11/2022 16:24:50	-54.675000E-3	15.100000E-6	5.890000E-6	4.996000E-9	2.323000E-6	621.300000E-3	0.000000E+0	-113.243000E+0	54.657000E+0	NaN	NaN
	04/11/2022 16:24:57	-50.855000E-3	15.100000E-6	5.890000E-6	4.996000E-9	2.323000E-6	620.790000E-3	0.000000E+0	-113.243000E+0	54.545000E+0	NaN	NaN
	04/11/2022 16:25:04	-48.068000E-3	15.100000E-6	5.890000E-6	4.996000E-9	2.325000E-6	620.310000E-3	0.000000E+0	-113.131000E+0	54.545000E+0	NaN	NaN
	04/11/2022 16:25:11	-50.905000E-3	15.100000E-6	5.890000E-6	4.996000E-9	2.323000E-6	619.790000E-3	0.000000E+0	-113.131000E+0	54.770000E+0	NaN	NaN
	04/11/2022 16:25:19	-51.150000E-3	15.100000E-6	5.890000E-6	4.996000E-9	2.323000E-6	619.350000E-3	0.000000E+0	-113.243000E+0	54.657000E+0	NaN	NaN
	04/11/2022 16:25:26	-54.604000E-3	15.100000E-6	5.880000E-6	4.996000E-9	2.323000E-6	618.860000E-3	0.000000E+0	-113.355000E+0	54.545000E+0	NaN	NaN
	04/11/2022 16:25:33	-50.977000E-3	15.100000E-6	5.880000E-6	4.996000E-9	2.323000E-6	618.380000E-3	0.000000E+0	-113.243000E+0	54.545000E+0	NaN	NaN
opened inj line valves, bigger volume, more stable injection 	04/11/2022 16:25:40	-50.905000E-3	15.100000E-6	5.880000E-6	4.996000E-9	2.323000E-6	617.900000E-3	0.000000E+0	-113.131000E+0	54.545000E+0	NaN	NaN
	04/11/2022 16:25:47	-50.461000E-3	15.100000E-6	5.870000E-6	4.996000E-9	2.323000E-6	617.460000E-3	0.000000E+0	-113.243000E+0	54.433000E+0	NaN	NaN
	04/11/2022 16:25:54	-51.892000E-3	15.100000E-6	5.870000E-6	4.996000E-9	2.323000E-6	616.990000E-3	0.000000E+0	-113.243000E+0	54.657000E+0	NaN	NaN
	04/11/2022 16:26:02	-53.295000E-3	15.100000E-6	5.870000E-6	4.996000E-9	2.323000E-6	616.560000E-3	0.000000E+0	-113.355000E+0	54.770000E+0	NaN	NaN
	04/11/2022 16:26:09	-50.411000E-3	15.100000E-6	5.860000E-6	4.996000E-9	2.323000E-6	616.140000E-3	0.000000E+0	-113.243000E+0	54.770000E+0	NaN	NaN
	04/11/2022 16:26:16	-50.536000E-3	15.100000E-6	5.860000E-6	4.996000E-9	2.323000E-6	615.660000E-3	0.000000E+0	-113.243000E+0	54.657000E+0	NaN	NaN
	04/11/2022 16:26:23	-51.299000E-3	15.100000E-6	5.860000E-6	4.996000E-9	2.323000E-6	615.260000E-3	0.000000E+0	-113.355000E+0	54.657000E+0	NaN	NaN
	04/11/2022 16:26:30	-54.947000E-3	15.100000E-6	5.850000E-6	4.996000E-9	2.323000E-6	614.800000E-3	0.000000E+0	-113.243000E+0	54.657000E+0	NaN	NaN
	04/11/2022 16:26:37	-54.085000E-3	15.100000E-6	5.850000E-6	4.996000E-9	2.323000E-6	614.390000E-3	0.000000E+0	-113.243000E+0	54.545000E+0	NaN	NaN
	04/11/2022 16:26:45	-50.607000E-3	15.100000E-6	5.850000E-6	4.996000E-9	2.323000E-6	613.940000E-3	0.000000E+0	-113.355000E+0	54.657000E+0	NaN	NaN
	04/11/2022 16:26:52	-51.102000E-3	15.100000E-6	5.840000E-6	4.996000E-9	2.320000E-6	613.540000E-3	0.000000E+0	-113.131000E+0	54.545000E+0	NaN	NaN
	04/11/2022 16:26:59	-50.363000E-3	15.100000E-6	5.840000E-6	4.996000E-9	2.323000E-6	613.100000E-3	0.000000E+0	-113.131000E+0	54.770000E+0	NaN	NaN
	04/11/2022 16:27:06	-54.553000E-3	15.100000E-6	5.840000E-6	4.996000E-9	2.323000E-6	612.640000E-3	0.000000E+0	-113.131000E+0	54.657000E+0	NaN	NaN
	04/11/2022 16:27:13	-51.248000E-3	15.100000E-6	5.830000E-6	4.996000E-9	2.323000E-6	612.240000E-3	0.000000E+0	-113.355000E+0	54.657000E+0	NaN	NaN
	04/11/2022 16:27:21	-51.150000E-3	15.100000E-6	5.830000E-6	4.996000E-9	2.320000E-6	611.770000E-3	0.000000E+0	-113.131000E+0	54.770000E+0	NaN	NaN
	04/11/2022 16:27:28	-50.634000E-3	15.100000E-6	5.820000E-6	4.996000E-9	2.320000E-6	611.370000E-3	0.000000E+0	-113.243000E+0	54.657000E+0	NaN	NaN
	04/11/2022 16:27:35	-52.851000E-3	15.100000E-6	5.820000E-6	4.996000E-9	2.320000E-6	610.970000E-3	0.000000E+0	-113.467000E+0	54.657000E+0	NaN	NaN
	04/11/2022 16:27:42	-54.333000E-3	15.100000E-6	5.810000E-6	4.996000E-9	2.320000E-6	610.520000E-3	0.000000E+0	-113.019000E+0	54.657000E+0	NaN	NaN
	04/11/2022 16:27:49	-50.855000E-3	15.100000E-6	5.810000E-6	4.996000E-9	2.320000E-6	610.110000E-3	0.000000E+0	-113.243000E+0	54.657000E+0	NaN	NaN
	04/11/2022 16:27:56	-50.929000E-3	15.100000E-6	5.810000E-6	4.996000E-9	2.320000E-6	609.650000E-3	0.000000E+0	-113.355000E+0	54.657000E+0	NaN	NaN
	04/11/2022 16:28:04	-53.936000E-3	15.100000E-6	5.800000E-6	4.996000E-9	2.320000E-6	609.220000E-3	0.000000E+0	-113.467000E+0	54.545000E+0	NaN	NaN
	04/11/2022 16:28:11	-54.923000E-3	15.100000E-6	5.800000E-6	4.996000E-9	2.320000E-6	608.810000E-3	0.000000E+0	-113.131000E+0	54.770000E+0	NaN	NaN
	04/11/2022 16:28:18	-54.923000E-3	15.100000E-6	5.800000E-6	4.996000E-9	2.320000E-6	608.370000E-3	0.000000E+0	-113.243000E+0	54.657000E+0	NaN	NaN
	04/11/2022 16:28:25	-51.150000E-3	15.100000E-6	5.790000E-6	4.996000E-9	2.320000E-6	607.920000E-3	0.000000E+0	-113.131000E+0	54.770000E+0	NaN	NaN
	04/11/2022 16:28:32	-51.102000E-3	15.100000E-6	5.790000E-6	4.996000E-9	2.320000E-6	607.450000E-3	0.000000E+0	-113.243000E+0	54.545000E+0	NaN	NaN
	04/11/2022 16:28:40	-50.953000E-3	15.100000E-6	5.780000E-6	4.996000E-9	2.317000E-6	607.060000E-3	0.000000E+0	-113.243000E+0	54.545000E+0	NaN	NaN
	04/11/2022 16:28:47	-54.604000E-3	15.100000E-6	5.780000E-6	4.996000E-9	2.320000E-6	606.640000E-3	0.000000E+0	-113.355000E+0	54.657000E+0	NaN	NaN
	04/11/2022 16:28:54	-50.706000E-3	15.100000E-6	5.780000E-6	4.996000E-9	2.314000E-6	606.200000E-3	0.000000E+0	-113.243000E+0	54.657000E+0	NaN	NaN
	04/11/2022 16:29:01	-50.312000E-3	15.100000E-6	5.780000E-6	4.996000E-9	2.320000E-6	605.830000E-3	0.000000E+0	-113.243000E+0	54.657000E+0	NaN	NaN
	04/11/2022 16:29:08	-50.607000E-3	15.100000E-6	5.600000E-6	4.996000E-9	2.320000E-6	607.640000E-3	0.000000E+0	-113.243000E+0	54.545000E+0	NaN	NaN
	04/11/2022 16:29:15	-54.801000E-3	208.000000E-9	50.900000E-9	4.996000E-9	2.320000E-6	612.270000E-3	0.000000E+0	-113.243000E+0	54.657000E+0	NaN	NaN
	04/11/2022 16:29:23	-54.529000E-3	158.000000E-9	42.600000E-9	4.996000E-9	2.320000E-6	211.630000E-3	0.000000E+0	-113.019000E+0	54.657000E+0	NaN	NaN
	04/11/2022 16:29:30	-50.509000E-3	136.000000E-9	37.100000E-9	4.996000E-9	2.317000E-6	5.075300E-3	0.000000E+0	-113.243000E+0	54.657000E+0	NaN	NaN
	04/11/2022 16:29:37	-50.485000E-3	122.000000E-9	33.300000E-9	4.996000E-9	2.320000E-6	1.769600E-3	0.000000E+0	-113.355000E+0	54.657000E+0	NaN	NaN
	04/11/2022 16:29:44	-50.265000E-3	111.000000E-9	30.500000E-9	4.996000E-9	2.317000E-6	1.583500E-3	0.000000E+0	-113.131000E+0	54.545000E+0	NaN	NaN
	04/11/2022 16:29:51	-54.306000E-3	102.000000E-9	28.200000E-9	4.996000E-9	2.317000E-6	1.536400E-3	0.000000E+0	-113.131000E+0	54.657000E+0	NaN	NaN
	04/11/2022 16:29:58	-50.238000E-3	95.100000E-9	26.300000E-9	4.996000E-9	2.317000E-6	1.546500E-3	0.000000E+0	-113.131000E+0	54.770000E+0	NaN	NaN
experiment complete, all inj valves closed, pumping inj lines
	04/11/2022 16:30:06	-50.092000E-3	89.400000E-9	24.700000E-9	4.996000E-9	2.314000E-6	1.570400E-3	0.000000E+0	-113.355000E+0	54.657000E+0	NaN	NaN
	04/11/2022 16:30:13	-54.529000E-3	84.200000E-9	23.400000E-9	4.996000E-9	2.320000E-6	1.533400E-3	0.000000E+0	-113.243000E+0	54.657000E+0	NaN	NaN
	04/11/2022 16:30:20	-50.065000E-3	79.900000E-9	22.300000E-9	4.996000E-9	2.311000E-6	1.539900E-3	0.000000E+0	-113.243000E+0	54.657000E+0	NaN	NaN
	04/11/2022 16:30:27	-54.404000E-3	76.100000E-9	21.300000E-9	4.996000E-9	2.311000E-6	1.528500E-3	0.000000E+0	-113.243000E+0	54.545000E+0	NaN	NaN
	04/11/2022 16:30:34	-53.936000E-3	72.700000E-9	20.400000E-9	4.996000E-9	2.311000E-6	1.511800E-3	0.000000E+0	-113.243000E+0	54.657000E+0	NaN	NaN
	04/11/2022 16:30:42	-50.434000E-3	69.800000E-9	19.600000E-9	4.996000E-9	2.311000E-6	1.546300E-3	0.000000E+0	-113.243000E+0	54.545000E+0	NaN	NaN
	04/11/2022 16:30:49	-49.943000E-3	67.100000E-9	18.800000E-9	4.996000E-9	2.314000E-6	1.535700E-3	0.000000E+0	-113.243000E+0	54.657000E+0	NaN	NaN
	04/11/2022 16:30:56	-54.333000E-3	64.600000E-9	18.200000E-9	4.996000E-9	2.317000E-6	1.494000E-3	0.000000E+0	-113.467000E+0	54.545000E+0	NaN	NaN
	04/11/2022 16:31:03	-54.628000E-3	62.400000E-9	17.600000E-9	4.996000E-9	2.314000E-6	1.535400E-3	0.000000E+0	-113.131000E+0	54.657000E+0	NaN	NaN
	04/11/2022 16:31:10	-50.855000E-3	60.300000E-9	17.000000E-9	4.996000E-9	2.311000E-6	1.497700E-3	0.000000E+0	-113.243000E+0	54.433000E+0	NaN	NaN
	04/11/2022 16:31:18	-50.756000E-3	58.400000E-9	16.500000E-9	4.996000E-9	2.311000E-6	1.515400E-3	0.000000E+0	-113.467000E+0	54.770000E+0	NaN	NaN
	04/11/2022 16:31:25	-50.461000E-3	56.700000E-9	16.000000E-9	4.996000E-9	2.311000E-6	1.497400E-3	0.000000E+0	-113.243000E+0	54.657000E+0	NaN	NaN
	04/11/2022 16:31:32	-54.848000E-3	55.000000E-9	15.600000E-9	4.996000E-9	2.311000E-6	1.495700E-3	0.000000E+0	-113.243000E+0	54.657000E+0	NaN	NaN
	04/11/2022 16:31:39	-54.356000E-3	53.500000E-9	15.200000E-9	4.996000E-9	2.311000E-6	1.492300E-3	0.000000E+0	-113.131000E+0	54.657000E+0	NaN	NaN
	04/11/2022 16:31:46	-50.485000E-3	52.100000E-9	14.900000E-9	4.996000E-9	2.311000E-6	1.493500E-3	0.000000E+0	-113.355000E+0	54.657000E+0	NaN	NaN
	04/11/2022 16:31:53	-50.363000E-3	51.500000E-9	14.500000E-9	4.996000E-9	2.309000E-6	1.498900E-3	0.000000E+0	-113.243000E+0	54.657000E+0	NaN	NaN
	04/11/2022 16:32:01	-54.109000E-3	50.300000E-9	14.100000E-9	4.996000E-9	2.311000E-6	1.496000E-3	0.000000E+0	-113.243000E+0	54.545000E+0	NaN	NaN
	04/11/2022 16:32:08	-54.702000E-3	49.200000E-9	13.800000E-9	4.996000E-9	2.309000E-6	1.498200E-3	0.000000E+0	-113.131000E+0	54.545000E+0	NaN	NaN
	04/11/2022 16:32:15	-54.479000E-3	48.100000E-9	13.500000E-9	4.996000E-9	2.314000E-6	1.496200E-3	0.000000E+0	-113.131000E+0	54.545000E+0	NaN	NaN
	04/11/2022 16:32:22	-50.017000E-3	47.000000E-9	13.200000E-9	4.996000E-9	2.311000E-6	1.522600E-3	0.000000E+0	-113.243000E+0	54.657000E+0	NaN	NaN
	04/11/2022 16:32:29	-50.092000E-3	46.000000E-9	13.000000E-9	4.996000E-9	2.311000E-6	1.495200E-3	0.000000E+0	-113.131000E+0	54.657000E+0	NaN	NaN
	04/11/2022 16:32:36	-54.553000E-3	45.100000E-9	12.700000E-9	4.996000E-9	2.311000E-6	1.467900E-3	0.000000E+0	-113.355000E+0	54.657000E+0	NaN	NaN
	04/11/2022 16:32:44	-53.716000E-3	44.200000E-9	12.500000E-9	4.996000E-9	2.309000E-6	1.492000E-3	0.000000E+0	-113.355000E+0	54.545000E+0	NaN	NaN
	04/11/2022 16:32:51	-50.387000E-3	43.300000E-9	12.200000E-9	4.996000E-9	2.309000E-6	1.507300E-3	0.000000E+0	-113.243000E+0	54.657000E+0	NaN	NaN
	04/11/2022 16:32:58	-50.461000E-3	42.500000E-9	12.000000E-9	4.996000E-9	2.311000E-6	1.497400E-3	0.000000E+0	-113.355000E+0	54.657000E+0	NaN	NaN
	04/11/2022 16:33:05	-54.604000E-3	41.700000E-9	11.800000E-9	4.996000E-9	2.309000E-6	1.495700E-3	0.000000E+0	-113.243000E+0	54.433000E+0	NaN	NaN
	04/11/2022 16:33:12	-53.346000E-3	41.000000E-9	11.600000E-9	4.996000E-9	2.311000E-6	1.500600E-3	0.000000E+0	-113.580000E+0	54.770000E+0	NaN	NaN
	04/11/2022 16:33:20	-54.502000E-3	40.300000E-9	11.400000E-9	4.996000E-9	2.311000E-6	1.484100E-3	0.000000E+0	-113.355000E+0	54.657000E+0	NaN	NaN
	04/11/2022 16:33:27	-50.634000E-3	39.600000E-9	11.200000E-9	4.996000E-9	2.309000E-6	1.457500E-3	0.000000E+0	-113.243000E+0	54.433000E+0	NaN	NaN
	04/11/2022 16:33:34	-50.139000E-3	39.000000E-9	11.100000E-9	4.996000E-9	2.309000E-6	1.498200E-3	0.000000E+0	-113.355000E+0	54.545000E+0	NaN	NaN
	04/11/2022 16:33:41	-51.495000E-3	38.300000E-9	10.900000E-9	4.996000E-9	2.309000E-6	1.459000E-3	0.000000E+0	-113.243000E+0	54.545000E+0	NaN	NaN
