Live comments	Time	injection 100mbar	Barion_2	Barion_1	DUAL experiment	DUAL insulation	injection 1mbar	helium	T-platinum	T-CERNOX	I_emission	I_grid
	10/11/2022 17:09:36	-66.879000E-3	4.080000E-9	1.310000E-9	4.996000E-9	2.682000E-6	574.560000E-6	0.000000E+0	-88.215000E+0	69.697000E+0	0.000000E+0	NaN
	10/11/2022 17:09:46	-67.005000E-3	4.080000E-9	1.300000E-9	4.996000E-9	2.682000E-6	565.200000E-6	0.000000E+0	-88.552000E+0	69.584000E+0	0.000000E+0	NaN
	10/11/2022 17:09:55	-66.608000E-3	4.070000E-9	1.300000E-9	4.996000E-9	2.679000E-6	585.910000E-6	0.000000E+0	-88.327000E+0	69.584000E+0	0.000000E+0	NaN
	10/11/2022 17:10:04	-70.974000E-3	4.070000E-9	1.300000E-9	4.996000E-9	2.679000E-6	572.830000E-6	0.000000E+0	-88.440000E+0	69.584000E+0	0.000000E+0	NaN
	10/11/2022 17:10:13	-67.005000E-3	4.060000E-9	1.300000E-9	4.996000E-9	2.679000E-6	563.950000E-6	0.000000E+0	-87.991000E+0	69.360000E+0	0.000000E+0	NaN
	10/11/2022 17:10:22	-71.120000E-3	4.060000E-9	1.300000E-9	4.996000E-9	2.679000E-6	585.910000E-6	0.000000E+0	-88.103000E+0	69.584000E+0	0.000000E+0	NaN
	10/11/2022 17:10:32	-66.659000E-3	4.060000E-9	1.300000E-9	4.996000E-9	2.679000E-6	592.080000E-6	0.000000E+0	-88.552000E+0	69.584000E+0	0.000000E+0	NaN
	10/11/2022 17:10:41	-66.707000E-3	4.050000E-9	1.300000E-9	4.996000E-9	2.679000E-6	586.390000E-6	0.000000E+0	-88.327000E+0	69.697000E+0	0.000000E+0	NaN
	10/11/2022 17:10:50	-70.405000E-3	4.050000E-9	1.300000E-9	4.996000E-9	2.679000E-6	594.050000E-6	0.000000E+0	-88.327000E+0	69.472000E+0	0.000000E+0	NaN
	10/11/2022 17:10:59	-66.879000E-3	4.040000E-9	1.300000E-9	4.996000E-9	2.679000E-6	605.370000E-6	0.000000E+0	-88.103000E+0	69.472000E+0	0.000000E+0	NaN
	10/11/2022 17:11:08	-67.323000E-3	4.070000E-9	1.300000E-9	4.996000E-9	2.679000E-6	567.170000E-6	0.000000E+0	-88.215000E+0	69.584000E+0	0.000000E+0	NaN
	10/11/2022 17:11:17	-67.005000E-3	4.070000E-9	1.300000E-9	4.996000E-9	2.679000E-6	593.540000E-6	0.000000E+0	-88.327000E+0	69.584000E+0	0.000000E+0	NaN
	10/11/2022 17:11:27	-69.469000E-3	4.060000E-9	1.290000E-9	4.996000E-9	2.679000E-6	577.030000E-6	0.000000E+0	-88.327000E+0	69.472000E+0	0.000000E+0	NaN
	10/11/2022 17:11:36	-69.740000E-3	4.060000E-9	1.300000E-9	4.996000E-9	2.679000E-6	571.610000E-6	0.000000E+0	-88.327000E+0	69.584000E+0	0.000000E+0	NaN
	10/11/2022 17:11:45	-68.951000E-3	4.050000E-9	1.300000E-9	4.996000E-9	2.679000E-6	571.850000E-6	0.000000E+0	-88.440000E+0	69.472000E+0	0.000000E+0	NaN
	10/11/2022 17:11:54	-71.096000E-3	4.050000E-9	1.290000E-9	4.996000E-9	2.679000E-6	599.470000E-6	0.000000E+0	-88.327000E+0	69.584000E+0	0.000000E+0	NaN
	10/11/2022 17:12:03	-67.005000E-3	4.050000E-9	1.300000E-9	4.996000E-9	2.676000E-6	580.490000E-6	0.000000E+0	-88.327000E+0	69.472000E+0	0.000000E+0	NaN
	10/11/2022 17:12:13	-66.733000E-3	4.040000E-9	1.300000E-9	4.996000E-9	2.679000E-6	576.050000E-6	0.000000E+0	-88.103000E+0	69.584000E+0	0.000000E+0	NaN
	10/11/2022 17:12:22	-66.954000E-3	4.040000E-9	1.300000E-9	4.996000E-9	2.676000E-6	606.360000E-6	0.000000E+0	-88.327000E+0	69.472000E+0	0.000000E+0	NaN
	10/11/2022 17:12:31	-67.347000E-3	4.040000E-9	1.290000E-9	4.996000E-9	2.676000E-6	567.910000E-6	0.000000E+0	-88.440000E+0	69.360000E+0	0.000000E+0	NaN
	10/11/2022 17:12:40	-67.225000E-3	4.030000E-9	1.290000E-9	4.996000E-9	2.676000E-6	592.800000E-6	0.000000E+0	-88.215000E+0	69.697000E+0	0.000000E+0	NaN
	10/11/2022 17:12:49	-67.225000E-3	4.040000E-9	1.290000E-9	4.996000E-9	2.676000E-6	579.510000E-6	0.000000E+0	-88.440000E+0	69.360000E+0	0.000000E+0	NaN
	10/11/2022 17:12:59	-71.120000E-3	6.350000E-9	1.950000E-9	4.996000E-9	2.679000E-6	600.220000E-6	0.000000E+0	-88.327000E+0	69.360000E+0	0.000000E+0	NaN
	10/11/2022 17:13:08	-66.930000E-3	7.180000E-9	2.090000E-9	4.996000E-9	2.676000E-6	612.050000E-6	0.000000E+0	-88.440000E+0	69.472000E+0	0.000000E+0	NaN
	10/11/2022 17:13:17	-67.076000E-3	7.180000E-9	2.090000E-9	4.996000E-9	2.676000E-6	601.440000E-6	0.000000E+0	-88.215000E+0	69.472000E+0	0.000000E+0	NaN
	10/11/2022 17:13:26	-70.900000E-3	7.250000E-9	2.100000E-9	4.996000E-9	2.676000E-6	564.220000E-6	0.000000E+0	-88.215000E+0	69.472000E+0	0.000000E+0	NaN
	10/11/2022 17:13:35	-67.249000E-3	7.190000E-9	2.090000E-9	4.996000E-9	2.676000E-6	573.580000E-6	0.000000E+0	-88.327000E+0	69.697000E+0	0.000000E+0	NaN
	10/11/2022 17:13:45	-67.005000E-3	7.040000E-9	2.050000E-9	4.996000E-9	2.676000E-6	578.250000E-6	0.000000E+0	-88.440000E+0	69.472000E+0	0.000000E+0	NaN
	10/11/2022 17:13:54	-66.805000E-3	7.150000E-9	2.070000E-9	4.996000E-9	2.676000E-6	578.020000E-6	0.000000E+0	-88.440000E+0	69.472000E+0	0.000000E+0	NaN
	10/11/2022 17:14:03	-67.422000E-3	7.050000E-9	2.050000E-9	4.996000E-9	2.676000E-6	582.460000E-6	0.000000E+0	-88.327000E+0	69.584000E+0	0.000000E+0	NaN
	10/11/2022 17:14:12	-71.415000E-3	7.260000E-9	2.080000E-9	4.996000E-9	2.676000E-6	563.950000E-6	0.000000E+0	-88.215000E+0	69.584000E+0	0.000000E+0	NaN
	10/11/2022 17:14:21	-69.764000E-3	7.290000E-9	2.090000E-9	4.996000E-9	2.673000E-6	592.560000E-6	0.000000E+0	-88.327000E+0	69.472000E+0	0.000000E+0	NaN
	10/11/2022 17:14:31	-66.733000E-3	7.580000E-9	2.170000E-9	4.996000E-9	2.676000E-6	596.260000E-6	0.000000E+0	-88.103000E+0	69.360000E+0	0.000000E+0	NaN
	10/11/2022 17:14:40	-66.879000E-3	7.500000E-9	2.160000E-9	4.996000E-9	2.676000E-6	567.670000E-6	0.000000E+0	-88.327000E+0	69.472000E+0	0.000000E+0	NaN
	10/11/2022 17:14:49	-67.374000E-3	7.450000E-9	2.140000E-9	4.996000E-9	2.676000E-6	564.460000E-6	0.000000E+0	-88.327000E+0	69.472000E+0	0.000000E+0	NaN
	10/11/2022 17:14:58	-66.879000E-3	7.490000E-9	2.170000E-9	4.996000E-9	2.964000E-6	570.860000E-6	0.000000E+0	-88.327000E+0	69.472000E+0	0.000000E+0	NaN
	10/11/2022 17:15:07	-67.669000E-3	7.890000E-9	2.270000E-9	4.996000E-9	2.818000E-6	578.020000E-6	0.000000E+0	-88.327000E+0	69.584000E+0	0.000000E+0	NaN
	10/11/2022 17:15:16	-67.276000E-3	7.670000E-9	2.220000E-9	4.996000E-9	2.748000E-6	585.410000E-6	0.000000E+0	-88.440000E+0	69.360000E+0	0.000000E+0	NaN
	10/11/2022 17:15:26	-70.900000E-3	7.490000E-9	2.170000E-9	4.996000E-9	2.711000E-6	589.610000E-6	0.000000E+0	-88.103000E+0	69.584000E+0	0.000000E+0	NaN
	10/11/2022 17:15:35	-67.323000E-3	7.570000E-9	2.190000E-9	4.996000E-9	2.702000E-6	590.090000E-6	0.000000E+0	-88.327000E+0	69.584000E+0	0.000000E+0	NaN
	10/11/2022 17:15:44	-67.449000E-3	7.760000E-9	2.220000E-9	4.996000E-9	2.689000E-6	596.760000E-6	0.000000E+0	-88.327000E+0	69.472000E+0	0.000000E+0	NaN
	10/11/2022 17:15:53	-66.879000E-3	7.310000E-9	2.110000E-9	4.996000E-9	2.682000E-6	566.180000E-6	0.000000E+0	-88.327000E+0	69.472000E+0	0.000000E+0	NaN
	10/11/2022 17:16:02	-70.578000E-3	7.650000E-9	2.200000E-9	4.996000E-9	2.682000E-6	578.760000E-6	0.000000E+0	-88.327000E+0	69.472000E+0	0.000000E+0	NaN
	10/11/2022 17:16:12	-71.490000E-3	8.200000E-9	2.340000E-9	4.996000E-9	2.679000E-6	569.880000E-6	0.000000E+0	-88.327000E+0	69.472000E+0	0.000000E+0	NaN
	10/11/2022 17:16:21	-70.873000E-3	8.680000E-9	2.450000E-9	4.996000E-9	2.679000E-6	593.810000E-6	0.000000E+0	-88.440000E+0	69.472000E+0	0.000000E+0	NaN
	10/11/2022 17:16:30	-66.140000E-3	8.920000E-9	2.570000E-9	4.996000E-9	2.679000E-6	595.270000E-6	0.000000E+0	-88.440000E+0	69.472000E+0	0.000000E+0	NaN
	10/11/2022 17:16:39	-66.239000E-3	8.280000E-9	2.350000E-9	4.996000E-9	2.679000E-6	568.390000E-6	0.000000E+0	-88.440000E+0	69.584000E+0	0.000000E+0	NaN
	10/11/2022 17:16:48	-67.571000E-3	7.870000E-9	2.250000E-9	4.996000E-9	2.676000E-6	592.080000E-6	0.000000E+0	-88.327000E+0	69.472000E+0	0.000000E+0	NaN
	10/11/2022 17:16:58	-66.906000E-3	7.580000E-9	2.190000E-9	4.996000E-9	2.679000E-6	592.560000E-6	0.000000E+0	-88.327000E+0	69.472000E+0	0.000000E+0	NaN
	10/11/2022 17:17:07	-71.195000E-3	7.560000E-9	2.160000E-9	4.996000E-9	2.679000E-6	589.850000E-6	0.000000E+0	-88.327000E+0	69.584000E+0	0.000000E+0	NaN
	10/11/2022 17:17:16	-66.757000E-3	7.500000E-9	2.150000E-9	4.996000E-9	2.676000E-6	585.170000E-6	0.000000E+0	-88.440000E+0	69.584000E+0	0.000000E+0	NaN
	10/11/2022 17:17:25	-70.900000E-3	7.570000E-9	2.170000E-9	4.996000E-9	2.676000E-6	585.910000E-6	0.000000E+0	-88.327000E+0	69.472000E+0	0.000000E+0	NaN
	10/11/2022 17:17:34	-66.757000E-3	7.480000E-9	2.150000E-9	4.996000E-9	3.039000E-6	586.150000E-6	0.000000E+0	-88.327000E+0	69.360000E+0	0.000000E+0	NaN
	10/11/2022 17:17:44	-66.781000E-3	7.530000E-9	2.160000E-9	4.996000E-9	2.985000E-6	564.220000E-6	0.000000E+0	-88.327000E+0	69.584000E+0	0.000000E+0	NaN
	10/11/2022 17:17:53	-71.096000E-3	7.510000E-9	2.160000E-9	4.996000E-9	2.828000E-6	578.520000E-6	0.000000E+0	-88.327000E+0	69.472000E+0	0.000000E+0	NaN
	10/11/2022 17:18:02	-67.052000E-3	7.480000E-9	2.150000E-9	4.996000E-9	2.761000E-6	594.530000E-6	0.000000E+0	-88.327000E+0	69.472000E+0	0.000000E+0	NaN
	10/11/2022 17:18:11	-66.683000E-3	7.560000E-9	2.170000E-9	4.996000E-9	2.721000E-6	567.170000E-6	0.000000E+0	-88.215000E+0	69.360000E+0	0.000000E+0	NaN
	10/11/2022 17:18:20	-67.177000E-3	7.620000E-9	2.180000E-9	4.996000E-9	2.708000E-6	580.730000E-6	0.000000E+0	-88.327000E+0	69.584000E+0	0.000000E+0	NaN
	10/11/2022 17:18:29	-66.832000E-3	7.640000E-9	2.190000E-9	4.996000E-9	2.692000E-6	588.860000E-6	0.000000E+0	-88.215000E+0	69.472000E+0	0.000000E+0	NaN
	10/11/2022 17:18:39	-66.733000E-3	7.720000E-9	2.210000E-9	4.996000E-9	2.692000E-6	576.790000E-6	0.000000E+0	-88.327000E+0	69.472000E+0	0.000000E+0	NaN
	10/11/2022 17:18:48	-66.805000E-3	7.870000E-9	2.240000E-9	4.996000E-9	2.686000E-6	585.680000E-6	0.000000E+0	-88.327000E+0	69.472000E+0	0.000000E+0	NaN
	10/11/2022 17:18:57	-67.496000E-3	7.810000E-9	2.220000E-9	4.996000E-9	2.686000E-6	574.320000E-6	0.000000E+0	-88.327000E+0	69.472000E+0	0.000000E+0	NaN
	10/11/2022 17:19:06	-70.998000E-3	7.880000E-9	2.250000E-9	4.996000E-9	2.686000E-6	579.000000E-6	0.000000E+0	-88.440000E+0	69.248000E+0	0.000000E+0	NaN
	10/11/2022 17:19:15	-67.323000E-3	8.020000E-9	2.290000E-9	4.996000E-9	2.686000E-6	588.120000E-6	0.000000E+0	-88.327000E+0	69.472000E+0	0.000000E+0	NaN
	10/11/2022 17:19:25	-70.900000E-3	8.010000E-9	2.280000E-9	4.996000E-9	2.682000E-6	562.490000E-6	0.000000E+0	-88.327000E+0	69.472000E+0	0.000000E+0	NaN
	10/11/2022 17:19:34	-66.879000E-3	8.240000E-9	2.330000E-9	4.996000E-9	2.679000E-6	589.100000E-6	0.000000E+0	-88.327000E+0	69.248000E+0	0.000000E+0	NaN
	10/11/2022 17:19:43	-70.554000E-3	8.170000E-9	2.320000E-9	4.996000E-9	2.682000E-6	590.590000E-6	0.000000E+0	-88.215000E+0	69.472000E+0	0.000000E+0	NaN
	10/11/2022 17:19:52	-67.005000E-3	8.330000E-9	2.370000E-9	4.996000E-9	2.679000E-6	604.390000E-6	0.000000E+0	-88.440000E+0	69.472000E+0	0.000000E+0	NaN
	10/11/2022 17:20:01	-66.757000E-3	8.510000E-9	2.410000E-9	4.996000E-9	2.679000E-6	581.950000E-6	0.000000E+0	-88.327000E+0	69.472000E+0	0.000000E+0	NaN
	10/11/2022 17:20:11	-67.028000E-3	8.610000E-9	2.440000E-9	4.996000E-9	2.679000E-6	572.350000E-6	0.000000E+0	-88.327000E+0	69.472000E+0	0.000000E+0	NaN
	10/11/2022 17:20:20	-70.480000E-3	8.520000E-9	2.400000E-9	4.996000E-9	2.679000E-6	570.120000E-6	0.000000E+0	-88.215000E+0	69.472000E+0	0.000000E+0	NaN
	10/11/2022 17:20:29	-67.520000E-3	8.400000E-9	2.380000E-9	4.996000E-9	2.679000E-6	589.370000E-6	0.000000E+0	-88.327000E+0	69.360000E+0	0.000000E+0	NaN
	10/11/2022 17:20:38	-66.781000E-3	8.280000E-9	2.340000E-9	4.996000E-9	2.676000E-6	602.660000E-6	0.000000E+0	-88.440000E+0	69.360000E+0	0.000000E+0	NaN
	10/11/2022 17:20:47	-70.849000E-3	8.310000E-9	2.350000E-9	4.996000E-9	2.679000E-6	588.120000E-6	0.000000E+0	-88.440000E+0	69.472000E+0	0.000000E+0	NaN
	10/11/2022 17:20:57	-70.331000E-3	8.340000E-9	2.360000E-9	4.996000E-9	2.679000E-6	599.950000E-6	0.000000E+0	-88.327000E+0	69.584000E+0	0.000000E+0	NaN
	10/11/2022 17:21:06	-66.164000E-3	8.250000E-9	2.340000E-9	4.996000E-9	2.676000E-6	597.510000E-6	0.000000E+0	-88.327000E+0	69.360000E+0	0.000000E+0	NaN
	10/11/2022 17:21:15	-67.472000E-3	8.250000E-9	2.350000E-9	4.996000E-9	2.679000E-6	597.240000E-6	0.000000E+0	-88.327000E+0	69.360000E+0	0.000000E+0	NaN
	10/11/2022 17:21:24	-66.608000E-3	8.270000E-9	2.350000E-9	4.996000E-9	2.679000E-6	582.220000E-6	0.000000E+0	-88.327000E+0	69.472000E+0	0.000000E+0	NaN
	10/11/2022 17:21:33	-70.208000E-3	8.340000E-9	2.350000E-9	4.996000E-9	2.679000E-6	566.180000E-6	0.000000E+0	-88.552000E+0	69.584000E+0	0.000000E+0	NaN
	10/11/2022 17:21:43	-67.201000E-3	8.160000E-9	2.320000E-9	4.996000E-9	2.676000E-6	578.760000E-6	0.000000E+0	-88.327000E+0	69.472000E+0	0.000000E+0	NaN
	10/11/2022 17:21:52	-67.374000E-3	8.170000E-9	2.320000E-9	4.996000E-9	2.676000E-6	586.390000E-6	0.000000E+0	-88.440000E+0	69.360000E+0	0.000000E+0	NaN
	10/11/2022 17:22:01	-67.052000E-3	8.200000E-9	2.310000E-9	4.996000E-9	2.676000E-6	569.130000E-6	0.000000E+0	-88.440000E+0	69.360000E+0	0.000000E+0	NaN
	10/11/2022 17:22:10	-70.503000E-3	8.110000E-9	2.300000E-9	4.996000E-9	2.676000E-6	588.390000E-6	0.000000E+0	-88.440000E+0	69.584000E+0	0.000000E+0	NaN
	10/11/2022 17:22:19	-67.201000E-3	8.090000E-9	2.290000E-9	4.996000E-9	2.676000E-6	573.810000E-6	0.000000E+0	-88.552000E+0	69.472000E+0	0.000000E+0	NaN
	10/11/2022 17:22:28	-70.676000E-3	8.060000E-9	2.290000E-9	4.996000E-9	2.676000E-6	579.510000E-6	0.000000E+0	-88.440000E+0	69.472000E+0	0.000000E+0	NaN
	10/11/2022 17:22:38	-67.076000E-3	8.090000E-9	2.290000E-9	4.996000E-9	2.676000E-6	597.000000E-6	0.000000E+0	-88.327000E+0	69.584000E+0	0.000000E+0	NaN
	10/11/2022 17:22:47	-67.398000E-3	8.100000E-9	2.290000E-9	4.996000E-9	2.676000E-6	594.790000E-6	0.000000E+0	-88.552000E+0	69.472000E+0	0.000000E+0	NaN
	10/11/2022 17:22:56	-70.998000E-3	8.050000E-9	2.290000E-9	4.996000E-9	2.676000E-6	580.730000E-6	0.000000E+0	-88.440000E+0	69.472000E+0	0.000000E+0	NaN
	10/11/2022 17:23:05	-71.269000E-3	7.890000E-9	2.200000E-9	4.996000E-9	2.676000E-6	576.290000E-6	0.000000E+0	-88.327000E+0	69.472000E+0	0.000000E+0	NaN
	10/11/2022 17:23:14	-67.225000E-3	6.640000E-9	1.960000E-9	4.996000E-9	2.673000E-6	578.250000E-6	0.000000E+0	-88.327000E+0	69.472000E+0	0.000000E+0	NaN
	10/11/2022 17:23:24	-67.005000E-3	6.520000E-9	1.930000E-9	4.996000E-9	2.673000E-6	579.000000E-6	0.000000E+0	-88.552000E+0	69.360000E+0	0.000000E+0	NaN
	10/11/2022 17:23:33	-70.652000E-3	6.480000E-9	1.930000E-9	4.996000E-9	2.673000E-6	563.710000E-6	0.000000E+0	-88.440000E+0	69.360000E+0	0.000000E+0	NaN
	10/11/2022 17:23:42	-67.005000E-3	6.480000E-9	1.920000E-9	4.996000E-9	2.676000E-6	582.700000E-6	0.000000E+0	-88.327000E+0	69.472000E+0	0.000000E+0	NaN
	10/11/2022 17:23:51	-66.683000E-3	6.430000E-9	1.910000E-9	4.996000E-9	2.676000E-6	604.900000E-6	0.000000E+0	-88.440000E+0	69.360000E+0	0.000000E+0	NaN
	10/11/2022 17:24:00	-66.805000E-3	6.340000E-9	1.890000E-9	4.996000E-9	2.673000E-6	608.350000E-6	0.000000E+0	-88.327000E+0	69.360000E+0	0.000000E+0	NaN
	10/11/2022 17:24:09	-67.052000E-3	6.340000E-9	1.890000E-9	4.996000E-9	2.673000E-6	602.660000E-6	0.000000E+0	-88.552000E+0	69.472000E+0	0.000000E+0	NaN
	10/11/2022 17:24:19	-66.832000E-3	6.340000E-9	1.890000E-9	4.996000E-9	2.676000E-6	604.900000E-6	0.000000E+0	-88.440000E+0	69.360000E+0	0.000000E+0	NaN
	10/11/2022 17:24:28	-67.127000E-3	6.320000E-9	1.890000E-9	4.996000E-9	2.673000E-6	562.730000E-6	0.000000E+0	-88.440000E+0	69.360000E+0	0.000000E+0	NaN
	10/11/2022 17:24:37	-66.954000E-3	6.300000E-9	1.880000E-9	4.996000E-9	2.676000E-6	601.950000E-6	0.000000E+0	-88.552000E+0	69.360000E+0	0.000000E+0	NaN
	10/11/2022 17:24:46	-66.954000E-3	6.340000E-9	1.880000E-9	4.996000E-9	2.673000E-6	580.490000E-6	0.000000E+0	-88.552000E+0	69.248000E+0	0.000000E+0	NaN
	10/11/2022 17:24:55	-70.974000E-3	6.310000E-9	1.880000E-9	4.996000E-9	2.676000E-6	594.790000E-6	0.000000E+0	-88.440000E+0	69.472000E+0	0.000000E+0	NaN
	10/11/2022 17:25:05	-67.201000E-3	6.310000E-9	1.870000E-9	4.996000E-9	2.673000E-6	577.540000E-6	0.000000E+0	-88.440000E+0	69.248000E+0	0.000000E+0	NaN
	10/11/2022 17:25:14	-68.730000E-3	6.290000E-9	1.870000E-9	4.996000E-9	2.673000E-6	587.880000E-6	0.000000E+0	-88.552000E+0	69.248000E+0	0.000000E+0	NaN
	10/11/2022 17:25:23	-67.225000E-3	6.250000E-9	1.870000E-9	4.996000E-9	2.673000E-6	604.150000E-6	0.000000E+0	-88.440000E+0	69.360000E+0	0.000000E+0	NaN
	10/11/2022 17:25:32	-67.398000E-3	6.260000E-9	1.860000E-9	4.996000E-9	2.673000E-6	604.150000E-6	0.000000E+0	-88.440000E+0	69.472000E+0	0.000000E+0	NaN
	10/11/2022 17:25:41	-67.398000E-3	6.270000E-9	1.870000E-9	4.996000E-9	2.673000E-6	585.410000E-6	0.000000E+0	-88.664000E+0	69.360000E+0	0.000000E+0	NaN
	10/11/2022 17:25:50	-66.954000E-3	6.300000E-9	1.880000E-9	4.996000E-9	2.673000E-6	583.950000E-6	0.000000E+0	-88.664000E+0	69.360000E+0	0.000000E+0	NaN
	10/11/2022 17:26:00	-69.347000E-3	6.260000E-9	1.870000E-9	4.996000E-9	2.670000E-6	595.030000E-6	0.000000E+0	-88.664000E+0	69.360000E+0	0.000000E+0	NaN
	10/11/2022 17:26:09	-66.930000E-3	6.320000E-9	1.890000E-9	4.996000E-9	2.673000E-6	601.200000E-6	0.000000E+0	-88.552000E+0	69.584000E+0	0.000000E+0	NaN
	10/11/2022 17:26:18	-67.693000E-3	6.380000E-9	1.910000E-9	4.996000E-9	2.673000E-6	575.540000E-6	0.000000E+0	-88.440000E+0	69.360000E+0	0.000000E+0	NaN
	10/11/2022 17:26:27	-69.740000E-3	6.340000E-9	1.900000E-9	4.996000E-9	2.670000E-6	572.350000E-6	0.000000E+0	-88.664000E+0	69.360000E+0	0.000000E+0	NaN
	10/11/2022 17:26:36	-69.147000E-3	6.260000E-9	1.880000E-9	4.996000E-9	2.673000E-6	591.810000E-6	0.000000E+0	-88.552000E+0	69.360000E+0	0.000000E+0	NaN
	10/11/2022 17:26:45	-67.151000E-3	6.270000E-9	1.880000E-9	4.996000E-9	2.673000E-6	577.030000E-6	0.000000E+0	-88.327000E+0	69.472000E+0	0.000000E+0	NaN
	10/11/2022 17:26:55	-67.151000E-3	6.250000E-9	1.870000E-9	4.996000E-9	2.670000E-6	606.120000E-6	0.000000E+0	-88.440000E+0	69.360000E+0	0.000000E+0	NaN
	10/11/2022 17:27:04	-68.015000E-3	6.280000E-9	1.880000E-9	4.996000E-9	2.670000E-6	565.680000E-6	0.000000E+0	-88.440000E+0	69.472000E+0	0.000000E+0	NaN
	10/11/2022 17:27:13	-66.930000E-3	6.270000E-9	1.870000E-9	4.996000E-9	2.670000E-6	598.970000E-6	0.000000E+0	-88.552000E+0	69.360000E+0	0.000000E+0	NaN
	10/11/2022 17:27:22	-66.856000E-3	6.240000E-9	1.870000E-9	4.996000E-9	2.670000E-6	573.810000E-6	0.000000E+0	-88.664000E+0	69.360000E+0	0.000000E+0	NaN
	10/11/2022 17:27:31	-67.028000E-3	6.270000E-9	1.870000E-9	4.996000E-9	2.670000E-6	598.220000E-6	0.000000E+0	-88.327000E+0	69.360000E+0	0.000000E+0	NaN
	10/11/2022 17:27:41	-67.052000E-3	6.280000E-9	1.870000E-9	4.996000E-9	2.670000E-6	581.230000E-6	0.000000E+0	-88.440000E+0	69.360000E+0	0.000000E+0	NaN
	10/11/2022 17:27:50	-70.480000E-3	6.320000E-9	1.880000E-9	4.996000E-9	2.670000E-6	598.490000E-6	0.000000E+0	-88.327000E+0	69.584000E+0	0.000000E+0	NaN
	10/11/2022 17:27:59	-67.547000E-3	6.310000E-9	1.880000E-9	4.996000E-9	2.670000E-6	591.100000E-6	0.000000E+0	-88.552000E+0	69.248000E+0	0.000000E+0	NaN
	10/11/2022 17:28:08	-71.073000E-3	6.350000E-9	1.900000E-9	4.996000E-9	2.670000E-6	581.950000E-6	0.000000E+0	-88.327000E+0	69.472000E+0	0.000000E+0	NaN
	10/11/2022 17:28:17	-69.740000E-3	6.340000E-9	1.900000E-9	4.996000E-9	2.670000E-6	574.830000E-6	0.000000E+0	-88.440000E+0	69.472000E+0	0.000000E+0	NaN
	10/11/2022 17:28:26	-67.347000E-3	6.390000E-9	1.910000E-9	4.996000E-9	2.673000E-6	562.730000E-6	0.000000E+0	-88.440000E+0	69.360000E+0	0.000000E+0	NaN
	10/11/2022 17:28:36	-66.805000E-3	6.420000E-9	1.920000E-9	4.996000E-9	2.670000E-6	593.540000E-6	0.000000E+0	-88.552000E+0	69.360000E+0	0.000000E+0	NaN
	10/11/2022 17:28:45	-67.225000E-3	6.440000E-9	1.920000E-9	4.996000E-9	2.673000E-6	563.230000E-6	0.000000E+0	-88.440000E+0	69.360000E+0	0.000000E+0	NaN
	10/11/2022 17:28:54	-66.930000E-3	6.470000E-9	1.930000E-9	4.996000E-9	2.670000E-6	603.910000E-6	0.000000E+0	-88.552000E+0	69.248000E+0	0.000000E+0	NaN
	10/11/2022 17:29:03	-66.930000E-3	6.430000E-9	1.920000E-9	4.996000E-9	2.670000E-6	569.130000E-6	0.000000E+0	-88.664000E+0	69.360000E+0	0.000000E+0	NaN
	10/11/2022 17:29:12	-67.449000E-3	6.420000E-9	1.910000E-9	4.996000E-9	2.670000E-6	583.680000E-6	0.000000E+0	-88.664000E+0	69.472000E+0	0.000000E+0	NaN
	10/11/2022 17:29:22	-67.103000E-3	6.420000E-9	1.900000E-9	4.996000E-9	2.670000E-6	585.680000E-6	0.000000E+0	-88.552000E+0	69.360000E+0	0.000000E+0	NaN
	10/11/2022 17:29:31	-71.171000E-3	6.350000E-9	1.900000E-9	4.996000E-9	2.670000E-6	601.440000E-6	0.000000E+0	-88.552000E+0	69.472000E+0	0.000000E+0	NaN
	10/11/2022 17:29:40	-68.632000E-3	6.390000E-9	1.910000E-9	4.996000E-9	2.670000E-6	603.910000E-6	0.000000E+0	-88.440000E+0	69.360000E+0	0.000000E+0	NaN
	10/11/2022 17:29:49	-68.408000E-3	6.390000E-9	1.910000E-9	4.996000E-9	2.670000E-6	603.170000E-6	0.000000E+0	-88.327000E+0	69.360000E+0	0.000000E+0	NaN
	10/11/2022 17:29:58	-66.534000E-3	6.330000E-9	1.900000E-9	4.996000E-9	2.670000E-6	574.320000E-6	0.000000E+0	-88.552000E+0	69.472000E+0	0.000000E+0	NaN
	10/11/2022 17:30:07	-67.693000E-3	6.320000E-9	1.900000E-9	4.996000E-9	2.670000E-6	590.830000E-6	0.000000E+0	-88.664000E+0	69.360000E+0	0.000000E+0	NaN
	10/11/2022 17:30:17	-70.307000E-3	6.350000E-9	1.890000E-9	4.996000E-9	2.670000E-6	606.630000E-6	0.000000E+0	-88.552000E+0	69.360000E+0	0.000000E+0	NaN
	10/11/2022 17:30:26	-70.703000E-3	6.300000E-9	1.890000E-9	4.996000E-9	2.670000E-6	592.080000E-6	0.000000E+0	-88.664000E+0	69.360000E+0	0.000000E+0	NaN
	10/11/2022 17:30:35	-66.683000E-3	6.300000E-9	1.890000E-9	4.996000E-9	2.670000E-6	581.710000E-6	0.000000E+0	-88.552000E+0	69.360000E+0	0.000000E+0	NaN
	10/11/2022 17:30:44	-66.856000E-3	6.270000E-9	1.870000E-9	4.996000E-9	2.670000E-6	596.520000E-6	0.000000E+0	-88.664000E+0	69.248000E+0	0.000000E+0	NaN
	10/11/2022 17:30:53	-66.608000E-3	6.250000E-9	1.870000E-9	4.996000E-9	2.670000E-6	591.580000E-6	0.000000E+0	-88.552000E+0	69.472000E+0	0.000000E+0	NaN
	10/11/2022 17:31:03	-67.076000E-3	6.270000E-9	1.870000E-9	4.996000E-9	2.670000E-6	606.120000E-6	0.000000E+0	-88.440000E+0	69.248000E+0	0.000000E+0	NaN
	10/11/2022 17:31:12	-66.707000E-3	6.280000E-9	1.860000E-9	4.996000E-9	2.666000E-6	598.970000E-6	0.000000E+0	-88.552000E+0	69.248000E+0	0.000000E+0	NaN
	10/11/2022 17:31:21	-68.533000E-3	6.250000E-9	1.870000E-9	4.996000E-9	2.670000E-6	602.930000E-6	0.000000E+0	-88.440000E+0	69.360000E+0	0.000000E+0	NaN
	10/11/2022 17:31:30	-69.273000E-3	6.270000E-9	1.870000E-9	4.996000E-9	2.676000E-6	582.960000E-6	0.000000E+0	-88.776000E+0	69.360000E+0	0.000000E+0	NaN
	10/11/2022 17:31:39	-66.534000E-3	6.300000E-9	1.880000E-9	4.996000E-9	2.676000E-6	575.540000E-6	0.000000E+0	-88.664000E+0	69.360000E+0	0.000000E+0	NaN
	10/11/2022 17:31:48	-67.249000E-3	6.280000E-9	1.890000E-9	4.996000E-9	2.676000E-6	583.950000E-6	0.000000E+0	-88.552000E+0	69.360000E+0	0.000000E+0	NaN
	10/11/2022 17:31:58	-69.517000E-3	6.300000E-9	1.890000E-9	4.996000E-9	2.670000E-6	577.270000E-6	0.000000E+0	-88.552000E+0	69.360000E+0	0.000000E+0	NaN
	10/11/2022 17:32:07	-69.690000E-3	6.270000E-9	1.880000E-9	4.996000E-9	2.673000E-6	567.670000E-6	0.000000E+0	-88.440000E+0	69.248000E+0	0.000000E+0	NaN
	10/11/2022 17:32:16	-69.320000E-3	6.260000E-9	1.870000E-9	4.996000E-9	2.670000E-6	595.780000E-6	0.000000E+0	-88.440000E+0	69.360000E+0	0.000000E+0	NaN
	10/11/2022 17:32:25	-67.201000E-3	6.230000E-9	1.860000E-9	4.996000E-9	2.670000E-6	577.270000E-6	0.000000E+0	-88.552000E+0	69.360000E+0	0.000000E+0	NaN
	10/11/2022 17:32:34	-68.334000E-3	6.230000E-9	1.870000E-9	4.996000E-9	2.673000E-6	572.350000E-6	0.000000E+0	-88.552000E+0	69.360000E+0	0.000000E+0	NaN
	10/11/2022 17:32:44	-66.954000E-3	6.240000E-9	1.870000E-9	4.996000E-9	2.670000E-6	599.710000E-6	0.000000E+0	-88.664000E+0	69.472000E+0	0.000000E+0	NaN
	10/11/2022 17:32:53	-67.201000E-3	6.160000E-9	1.850000E-9	4.996000E-9	2.670000E-6	602.660000E-6	0.000000E+0	-88.664000E+0	69.360000E+0	0.000000E+0	NaN
	10/11/2022 17:33:02	-66.733000E-3	6.170000E-9	1.840000E-9	4.996000E-9	2.670000E-6	576.050000E-6	0.000000E+0	-88.664000E+0	69.248000E+0	0.000000E+0	NaN
	10/11/2022 17:33:11	-67.151000E-3	6.210000E-9	1.860000E-9	4.996000E-9	2.673000E-6	593.810000E-6	0.000000E+0	-88.552000E+0	69.248000E+0	0.000000E+0	NaN
	10/11/2022 17:33:20	-69.147000E-3	6.200000E-9	1.870000E-9	4.996000E-9	2.670000E-6	598.970000E-6	0.000000E+0	-88.552000E+0	69.472000E+0	0.000000E+0	NaN
	10/11/2022 17:33:30	-67.151000E-3	6.190000E-9	1.850000E-9	4.996000E-9	2.666000E-6	579.000000E-6	0.000000E+0	-88.776000E+0	69.248000E+0	0.000000E+0	NaN
	10/11/2022 17:33:39	-70.184000E-3	6.170000E-9	1.840000E-9	4.996000E-9	2.670000E-6	572.090000E-6	0.000000E+0	-88.664000E+0	69.472000E+0	0.000000E+0	NaN
	10/11/2022 17:33:48	-67.127000E-3	6.180000E-9	1.860000E-9	4.996000E-9	2.666000E-6	574.320000E-6	0.000000E+0	-88.440000E+0	69.248000E+0	0.000000E+0	NaN
	10/11/2022 17:33:57	-70.801000E-3	6.230000E-9	1.860000E-9	4.996000E-9	2.670000E-6	597.000000E-6	0.000000E+0	-88.552000E+0	69.472000E+0	0.000000E+0	NaN
	10/11/2022 17:34:06	-66.856000E-3	6.220000E-9	1.860000E-9	4.996000E-9	2.670000E-6	597.980000E-6	0.000000E+0	-88.664000E+0	69.248000E+0	0.000000E+0	NaN
	10/11/2022 17:34:16	-70.900000E-3	6.200000E-9	1.850000E-9	4.996000E-9	2.670000E-6	584.190000E-6	0.000000E+0	-88.552000E+0	69.248000E+0	0.000000E+0	NaN
	10/11/2022 17:34:25	-68.951000E-3	6.140000E-9	1.850000E-9	4.996000E-9	2.673000E-6	601.440000E-6	0.000000E+0	-88.552000E+0	69.135000E+0	0.000000E+0	NaN
	10/11/2022 17:34:34	-67.300000E-3	6.150000E-9	1.850000E-9	4.996000E-9	2.670000E-6	598.730000E-6	0.000000E+0	-88.552000E+0	69.248000E+0	0.000000E+0	NaN
	10/11/2022 17:34:43	-68.951000E-3	6.150000E-9	1.850000E-9	4.996000E-9	2.670000E-6	570.630000E-6	0.000000E+0	-88.552000E+0	69.360000E+0	0.000000E+0	NaN
	10/11/2022 17:34:52	-67.249000E-3	6.190000E-9	1.850000E-9	4.996000E-9	2.670000E-6	589.850000E-6	0.000000E+0	-88.552000E+0	69.135000E+0	0.000000E+0	NaN
	10/11/2022 17:35:01	-67.618000E-3	6.130000E-9	1.850000E-9	4.996000E-9	2.670000E-6	592.560000E-6	0.000000E+0	-88.664000E+0	69.248000E+0	0.000000E+0	NaN
	10/11/2022 17:35:11	-71.171000E-3	6.170000E-9	1.840000E-9	4.996000E-9	2.670000E-6	595.270000E-6	0.000000E+0	-88.552000E+0	69.360000E+0	0.000000E+0	NaN
	10/11/2022 17:35:20	-67.225000E-3	6.160000E-9	1.840000E-9	4.996000E-9	2.670000E-6	600.700000E-6	0.000000E+0	-88.440000E+0	69.248000E+0	0.000000E+0	NaN
	10/11/2022 17:35:29	-66.659000E-3	6.200000E-9	1.860000E-9	4.996000E-9	2.670000E-6	574.320000E-6	0.000000E+0	-88.552000E+0	69.360000E+0	0.000000E+0	NaN
	10/11/2022 17:35:38	-68.384000E-3	6.150000E-9	1.860000E-9	4.996000E-9	2.666000E-6	571.850000E-6	0.000000E+0	-88.776000E+0	69.360000E+0	0.000000E+0	NaN
	10/11/2022 17:35:47	-66.856000E-3	6.120000E-9	1.830000E-9	4.996000E-9	2.666000E-6	583.440000E-6	0.000000E+0	-88.664000E+0	69.360000E+0	0.000000E+0	NaN
	10/11/2022 17:35:57	-66.832000E-3	6.060000E-9	1.830000E-9	4.996000E-9	2.666000E-6	604.390000E-6	0.000000E+0	-88.552000E+0	69.472000E+0	0.000000E+0	NaN
	10/11/2022 17:36:06	-67.201000E-3	6.100000E-9	1.820000E-9	4.996000E-9	2.666000E-6	581.470000E-6	0.000000E+0	-88.552000E+0	69.360000E+0	0.000000E+0	NaN
