Live comments	Time	injection 100mbar	Barion_2	Barion_1	DUAL experiment	DUAL insulation	injection 1mbar	helium	T-platinum	T-CERNOX	I_emission	I_grid
	28/11/2022 15:46:53	-69.076000E-3	1.580000E-9	588.000000E-12	4.996000E-9	542.700000E-9	571.370000E-6	0.000000E+0	-94.276000E+0	64.534000E+0	NaN	NaN
	28/11/2022 15:47:00	-70.134000E-3	1.580000E-9	590.000000E-12	4.996000E-9	540.800000E-9	564.690000E-6	0.000000E+0	-93.153000E+0	64.534000E+0	NaN	NaN
	28/11/2022 15:47:07	-69.568000E-3	1.570000E-9	589.000000E-12	4.996000E-9	540.100000E-9	541.540000E-6	0.000000E+0	-92.480000E+0	64.983000E+0	NaN	NaN
	28/11/2022 15:47:15	-65.720000E-3	1.570000E-9	587.000000E-12	4.996000E-9	534.300000E-9	579.740000E-6	0.000000E+0	-91.807000E+0	65.432000E+0	NaN	NaN
	28/11/2022 15:47:22	-68.852000E-3	1.580000E-9	590.000000E-12	4.996000E-9	506.200000E-9	580.250000E-6	0.000000E+0	-91.021000E+0	65.993000E+0	NaN	NaN
	28/11/2022 15:47:29	-69.493000E-3	1.580000E-9	589.000000E-12	4.996000E-9	453.900000E-9	578.250000E-6	0.000000E+0	-90.235000E+0	66.217000E+0	NaN	NaN
	28/11/2022 15:47:36	-69.025000E-3	1.570000E-9	589.000000E-12	4.996000E-9	430.000000E-9	581.710000E-6	0.000000E+0	-89.450000E+0	66.666000E+0	NaN	NaN
	28/11/2022 15:47:43	-69.740000E-3	1.570000E-9	588.000000E-12	4.996000E-9	424.900000E-9	573.100000E-6	0.000000E+0	-88.664000E+0	67.003000E+0	NaN	NaN
	28/11/2022 15:47:51	-68.015000E-3	1.570000E-9	588.000000E-12	4.996000E-9	422.300000E-9	575.070000E-6	0.000000E+0	-87.991000E+0	67.564000E+0	NaN	NaN
	28/11/2022 15:47:58	-69.174000E-3	1.570000E-9	588.000000E-12	4.996000E-9	421.300000E-9	568.900000E-6	0.000000E+0	-87.093000E+0	67.789000E+0	NaN	NaN
	28/11/2022 15:48:05	-68.927000E-3	1.560000E-9	588.000000E-12	4.996000E-9	420.300000E-9	557.540000E-6	0.000000E+0	-86.419000E+0	68.238000E+0	NaN	NaN
	28/11/2022 15:48:12	-69.568000E-3	1.570000E-9	589.000000E-12	4.996000E-9	419.800000E-9	542.010000E-6	0.000000E+0	-85.634000E+0	68.574000E+0	NaN	NaN
	28/11/2022 15:48:19	-69.174000E-3	1.560000E-9	587.000000E-12	4.996000E-9	418.300000E-9	562.970000E-6	0.000000E+0	-84.736000E+0	69.135000E+0	NaN	NaN
	28/11/2022 15:48:27	-69.445000E-3	1.560000E-9	586.000000E-12	4.996000E-9	417.800000E-9	532.420000E-6	0.000000E+0	-84.287000E+0	69.360000E+0	NaN	NaN
	28/11/2022 15:48:34	-69.469000E-3	1.560000E-9	587.000000E-12	4.996000E-9	417.300000E-9	567.170000E-6	0.000000E+0	-83.389000E+0	69.809000E+0	NaN	NaN
	28/11/2022 15:48:41	-69.469000E-3	1.570000E-9	591.000000E-12	4.996000E-9	416.800000E-9	551.130000E-6	0.000000E+0	-82.716000E+0	70.258000E+0	NaN	NaN
	28/11/2022 15:48:48	-70.086000E-3	1.560000E-9	587.000000E-12	4.996000E-9	416.300000E-9	553.100000E-6	0.000000E+0	-81.818000E+0	70.707000E+0	NaN	NaN
	28/11/2022 15:48:55	-69.591000E-3	1.560000E-9	586.000000E-12	4.996000E-9	413.300000E-9	568.390000E-6	0.000000E+0	-81.032000E+0	71.156000E+0	NaN	NaN
	28/11/2022 15:49:02	-69.419000E-3	1.570000E-9	588.000000E-12	4.996000E-9	418.800000E-9	539.540000E-6	0.000000E+0	-80.583000E+0	71.380000E+0	NaN	NaN
	28/11/2022 15:49:10	-69.517000E-3	1.560000E-9	586.000000E-12	4.996000E-9	422.300000E-9	539.810000E-6	0.000000E+0	-80.695000E+0	71.268000E+0	NaN	NaN
	28/11/2022 15:49:17	-69.889000E-3	1.550000E-9	586.000000E-12	4.996000E-9	445.200000E-9	571.370000E-6	0.000000E+0	-80.247000E+0	71.492000E+0	NaN	NaN
	28/11/2022 15:49:24	-69.815000E-3	1.560000E-9	587.000000E-12	4.996000E-9	590.300000E-9	549.170000E-6	0.000000E+0	-80.134000E+0	71.492000E+0	NaN	NaN
	28/11/2022 15:49:31	-69.690000E-3	1.560000E-9	589.000000E-12	4.996000E-9	859.600000E-9	584.420000E-6	0.000000E+0	-80.247000E+0	71.605000E+0	NaN	NaN
	28/11/2022 15:49:38	-69.049000E-3	1.560000E-9	585.000000E-12	4.996000E-9	666.400000E-9	578.020000E-6	0.000000E+0	-80.022000E+0	71.829000E+0	NaN	NaN
	28/11/2022 15:49:46	-69.717000E-3	1.560000E-9	585.000000E-12	4.996000E-9	462.600000E-9	544.970000E-6	0.000000E+0	-79.461000E+0	72.166000E+0	NaN	NaN
	28/11/2022 15:49:53	-69.666000E-3	1.560000E-9	587.000000E-12	4.996000E-9	433.100000E-9	561.510000E-6	0.000000E+0	-79.236000E+0	72.390000E+0	NaN	NaN
	28/11/2022 15:50:00	-69.764000E-3	1.560000E-9	586.000000E-12	4.996000E-9	424.900000E-9	569.370000E-6	0.000000E+0	-78.900000E+0	72.839000E+0	NaN	NaN
	28/11/2022 15:50:07	-67.791000E-3	1.550000E-9	584.000000E-12	4.996000E-9	421.800000E-9	578.520000E-6	0.000000E+0	-78.451000E+0	72.951000E+0	NaN	NaN
	28/11/2022 15:50:14	-69.296000E-3	1.550000E-9	584.000000E-12	4.996000E-9	420.300000E-9	553.100000E-6	0.000000E+0	-78.114000E+0	73.400000E+0	NaN	NaN
	28/11/2022 15:50:22	-69.788000E-3	1.550000E-9	585.000000E-12	4.996000E-9	419.200000E-9	576.530000E-6	0.000000E+0	-77.777000E+0	73.737000E+0	NaN	NaN
	28/11/2022 15:50:29	-69.666000E-3	1.540000E-9	582.000000E-12	4.996000E-9	417.800000E-9	555.340000E-6	0.000000E+0	-77.216000E+0	74.074000E+0	NaN	NaN
	28/11/2022 15:50:36	-69.591000E-3	1.540000E-9	581.000000E-12	4.996000E-9	417.800000E-9	566.180000E-6	0.000000E+0	-76.767000E+0	74.186000E+0	NaN	NaN
	28/11/2022 15:50:43	-69.371000E-3	1.550000E-9	583.000000E-12	4.996000E-9	417.300000E-9	576.790000E-6	0.000000E+0	-76.318000E+0	74.747000E+0	NaN	NaN
	28/11/2022 15:50:50	-69.666000E-3	1.550000E-9	584.000000E-12	4.996000E-9	416.800000E-9	547.680000E-6	0.000000E+0	-75.757000E+0	74.859000E+0	NaN	NaN
	28/11/2022 15:50:57	-69.740000E-3	1.540000E-9	582.000000E-12	4.996000E-9	416.300000E-9	575.540000E-6	0.000000E+0	-75.533000E+0	75.196000E+0	NaN	NaN
	28/11/2022 15:51:05	-69.815000E-3	1.540000E-9	579.000000E-12	4.996000E-9	414.300000E-9	577.540000E-6	0.000000E+0	-74.859000E+0	75.533000E+0	NaN	NaN
	28/11/2022 15:51:12	-69.296000E-3	1.540000E-9	581.000000E-12	4.996000E-9	413.300000E-9	541.780000E-6	0.000000E+0	-74.523000E+0	75.869000E+0	NaN	NaN
	28/11/2022 15:51:19	-70.184000E-3	1.540000E-9	582.000000E-12	4.996000E-9	412.800000E-9	570.860000E-6	0.000000E+0	-74.074000E+0	76.206000E+0	NaN	NaN
	28/11/2022 15:51:26	-69.469000E-3	1.530000E-9	581.000000E-12	4.996000E-9	412.800000E-9	536.350000E-6	0.000000E+0	-73.625000E+0	76.655000E+0	NaN	NaN
	28/11/2022 15:51:33	-69.937000E-3	1.520000E-9	577.000000E-12	4.996000E-9	412.800000E-9	580.250000E-6	0.000000E+0	-72.951000E+0	76.992000E+0	NaN	NaN
	28/11/2022 15:51:41	-69.469000E-3	1.520000E-9	577.000000E-12	4.996000E-9	412.300000E-9	557.300000E-6	0.000000E+0	-72.839000E+0	77.216000E+0	NaN	NaN
	28/11/2022 15:51:48	-69.863000E-3	1.530000E-9	578.000000E-12	4.996000E-9	412.300000E-9	538.320000E-6	0.000000E+0	-72.390000E+0	77.665000E+0	NaN	NaN
	28/11/2022 15:51:55	-69.100000E-3	1.520000E-9	576.000000E-12	4.996000E-9	412.300000E-9	581.710000E-6	0.000000E+0	-71.941000E+0	78.002000E+0	NaN	NaN
	28/11/2022 15:52:02	-70.161000E-3	1.520000E-9	573.000000E-12	4.996000E-9	411.800000E-9	579.240000E-6	0.000000E+0	-71.268000E+0	78.451000E+0	NaN	NaN
	28/11/2022 15:52:09	-69.740000E-3	1.510000E-9	574.000000E-12	4.996000E-9	411.800000E-9	553.610000E-6	0.000000E+0	-70.819000E+0	78.900000E+0	NaN	NaN
	28/11/2022 15:52:17	-69.937000E-3	1.510000E-9	575.000000E-12	4.996000E-9	411.300000E-9	541.030000E-6	0.000000E+0	-70.146000E+0	79.124000E+0	NaN	NaN
	28/11/2022 15:52:24	-70.035000E-3	1.510000E-9	574.000000E-12	4.996000E-9	410.300000E-9	541.780000E-6	0.000000E+0	-69.584000E+0	79.573000E+0	NaN	NaN
	28/11/2022 15:52:31	-69.222000E-3	1.500000E-9	571.000000E-12	4.996000E-9	409.800000E-9	550.390000E-6	0.000000E+0	-69.360000E+0	80.134000E+0	NaN	NaN
	28/11/2022 15:52:38	-69.371000E-3	1.500000E-9	569.000000E-12	4.996000E-9	409.800000E-9	532.660000E-6	0.000000E+0	-68.799000E+0	80.359000E+0	NaN	NaN
	28/11/2022 15:52:45	-69.320000E-3	1.490000E-9	571.000000E-12	4.996000E-9	409.800000E-9	537.840000E-6	0.000000E+0	-68.462000E+0	80.583000E+0	NaN	NaN
	28/11/2022 15:52:52	-69.988000E-3	1.500000E-9	571.000000E-12	4.996000E-9	409.300000E-9	558.530000E-6	0.000000E+0	-68.013000E+0	81.257000E+0	NaN	NaN
	28/11/2022 15:53:00	-69.568000E-3	1.490000E-9	568.000000E-12	4.996000E-9	408.800000E-9	570.390000E-6	0.000000E+0	-67.676000E+0	81.481000E+0	NaN	NaN
	28/11/2022 15:53:07	-69.222000E-3	1.480000E-9	566.000000E-12	4.996000E-9	408.800000E-9	567.910000E-6	0.000000E+0	-67.003000E+0	81.818000E+0	NaN	NaN
	28/11/2022 15:53:14	-69.717000E-3	1.480000E-9	567.000000E-12	4.996000E-9	408.800000E-9	553.610000E-6	0.000000E+0	-66.779000E+0	82.603000E+0	NaN	NaN
	28/11/2022 15:53:21	-69.618000E-3	1.480000E-9	566.000000E-12	4.996000E-9	408.300000E-9	566.420000E-6	0.000000E+0	-66.217000E+0	82.716000E+0	NaN	NaN
	28/11/2022 15:53:28	-69.591000E-3	1.470000E-9	565.000000E-12	4.996000E-9	408.300000E-9	539.060000E-6	0.000000E+0	-65.768000E+0	83.052000E+0	NaN	NaN
	28/11/2022 15:53:36	-69.347000E-3	1.470000E-9	564.000000E-12	4.996000E-9	407.900000E-9	561.740000E-6	0.000000E+0	-65.320000E+0	83.614000E+0	NaN	NaN
	28/11/2022 15:53:43	-69.839000E-3	1.460000E-9	564.000000E-12	4.996000E-9	407.900000E-9	551.640000E-6	0.000000E+0	-64.983000E+0	84.062000E+0	NaN	NaN
	28/11/2022 15:53:50	-69.591000E-3	1.470000E-9	563.000000E-12	4.996000E-9	583.300000E-9	583.200000E-6	0.000000E+0	-64.422000E+0	84.511000E+0	NaN	NaN
	28/11/2022 15:53:57	-68.852000E-3	1.460000E-9	562.000000E-12	4.996000E-9	425.900000E-9	576.530000E-6	0.000000E+0	-64.085000E+0	84.960000E+0	NaN	NaN
	28/11/2022 15:54:04	-69.347000E-3	1.450000E-9	560.000000E-12	4.996000E-9	412.300000E-9	581.710000E-6	0.000000E+0	-63.524000E+0	85.297000E+0	NaN	NaN
	28/11/2022 15:54:12	-69.568000E-3	1.450000E-9	557.000000E-12	4.996000E-9	409.800000E-9	541.540000E-6	0.000000E+0	-63.187000E+0	85.858000E+0	NaN	NaN
	28/11/2022 15:54:19	-69.666000E-3	1.450000E-9	560.000000E-12	4.996000E-9	408.300000E-9	568.660000E-6	0.000000E+0	-62.738000E+0	86.195000E+0	NaN	NaN
	28/11/2022 15:54:26	-69.717000E-3	1.450000E-9	557.000000E-12	4.996000E-9	408.300000E-9	575.070000E-6	0.000000E+0	-62.065000E+0	86.868000E+0	NaN	NaN
	28/11/2022 15:54:33	-69.347000E-3	1.430000E-9	555.000000E-12	4.996000E-9	406.900000E-9	580.730000E-6	0.000000E+0	-61.728000E+0	87.429000E+0	NaN	NaN
	28/11/2022 15:54:40	-69.717000E-3	1.430000E-9	554.000000E-12	4.996000E-9	454.400000E-9	575.070000E-6	0.000000E+0	-61.279000E+0	87.878000E+0	NaN	NaN
	28/11/2022 15:54:47	-69.863000E-3	1.430000E-9	555.000000E-12	4.996000E-9	412.300000E-9	567.410000E-6	0.000000E+0	-61.055000E+0	88.215000E+0	NaN	NaN
	28/11/2022 15:54:55	-65.425000E-3	1.440000E-9	555.000000E-12	4.996000E-9	410.800000E-9	545.710000E-6	0.000000E+0	-60.381000E+0	88.888000E+0	NaN	NaN
	28/11/2022 15:55:02	-69.419000E-3	1.430000E-9	553.000000E-12	4.996000E-9	406.400000E-9	578.520000E-6	0.000000E+0	-60.157000E+0	89.113000E+0	NaN	NaN
	28/11/2022 15:55:09	-69.788000E-3	1.420000E-9	552.000000E-12	4.996000E-9	406.400000E-9	551.640000E-6	0.000000E+0	-59.596000E+0	89.786000E+0	NaN	NaN
	28/11/2022 15:55:16	-67.791000E-3	1.420000E-9	552.000000E-12	4.996000E-9	405.900000E-9	574.560000E-6	0.000000E+0	-59.371000E+0	90.347000E+0	NaN	NaN
	28/11/2022 15:55:23	-65.178000E-3	1.420000E-9	553.000000E-12	4.996000E-9	405.400000E-9	547.950000E-6	0.000000E+0	-58.922000E+0	90.909000E+0	NaN	NaN
	28/11/2022 15:55:30	-65.327000E-3	1.410000E-9	549.000000E-12	4.996000E-9	404.900000E-9	582.220000E-6	0.000000E+0	-58.473000E+0	91.470000E+0	NaN	NaN
	28/11/2022 15:55:38	-69.717000E-3	1.410000E-9	549.000000E-12	4.996000E-9	404.400000E-9	571.850000E-6	0.000000E+0	-58.137000E+0	91.694000E+0	NaN	NaN
	28/11/2022 15:55:45	-69.913000E-3	1.410000E-9	549.000000E-12	4.996000E-9	404.400000E-9	560.760000E-6	0.000000E+0	-57.688000E+0	92.368000E+0	NaN	NaN
	28/11/2022 15:55:52	-68.876000E-3	1.410000E-9	550.000000E-12	4.996000E-9	404.000000E-9	571.370000E-6	0.000000E+0	-57.127000E+0	93.041000E+0	NaN	NaN
	28/11/2022 15:55:59	-69.591000E-3	1.410000E-9	548.000000E-12	4.996000E-9	403.000000E-9	574.830000E-6	0.000000E+0	-56.790000E+0	93.827000E+0	NaN	NaN
	28/11/2022 15:56:06	-69.642000E-3	1.390000E-9	546.000000E-12	4.996000E-9	402.500000E-9	578.520000E-6	0.000000E+0	-56.229000E+0	94.051000E+0	NaN	NaN
	28/11/2022 15:56:13	-69.863000E-3	1.390000E-9	543.000000E-12	4.996000E-9	402.000000E-9	573.580000E-6	0.000000E+0	-55.780000E+0	94.949000E+0	NaN	NaN
	28/11/2022 15:56:21	-69.717000E-3	1.390000E-9	544.000000E-12	4.996000E-9	401.500000E-9	555.340000E-6	0.000000E+0	-55.555000E+0	95.061000E+0	NaN	NaN
	28/11/2022 15:56:28	-69.371000E-3	1.390000E-9	544.000000E-12	4.996000E-9	401.500000E-9	579.000000E-6	0.000000E+0	-55.106000E+0	95.959000E+0	NaN	NaN
	28/11/2022 15:56:35	-69.517000E-3	1.380000E-9	543.000000E-12	4.996000E-9	401.000000E-9	577.780000E-6	0.000000E+0	-54.657000E+0	96.520000E+0	NaN	NaN
	28/11/2022 15:56:42	-67.028000E-3	1.380000E-9	542.000000E-12	4.996000E-9	401.000000E-9	576.790000E-6	0.000000E+0	-54.096000E+0	97.081000E+0	NaN	NaN
	28/11/2022 15:56:49	-69.371000E-3	1.380000E-9	543.000000E-12	4.996000E-9	401.000000E-9	544.730000E-6	0.000000E+0	-53.535000E+0	97.643000E+0	NaN	NaN
	28/11/2022 15:56:56	-67.103000E-3	1.380000E-9	543.000000E-12	4.996000E-9	401.000000E-9	579.980000E-6	0.000000E+0	-53.198000E+0	98.428000E+0	NaN	NaN
	28/11/2022 15:57:04	-69.025000E-3	1.380000E-9	541.000000E-12	4.996000E-9	400.600000E-9	568.660000E-6	0.000000E+0	-52.749000E+0	98.877000E+0	NaN	NaN
	28/11/2022 15:57:11	-69.764000E-3	1.360000E-9	540.000000E-12	4.996000E-9	397.700000E-9	541.540000E-6	0.000000E+0	-52.301000E+0	99.663000E+0	NaN	NaN
	28/11/2022 15:57:18	-66.659000E-3	1.370000E-9	540.000000E-12	4.996000E-9	397.200000E-9	574.830000E-6	0.000000E+0	-52.076000E+0	100.112000E+0	NaN	NaN
	28/11/2022 15:57:25	-69.568000E-3	1.370000E-9	540.000000E-12	4.996000E-9	397.200000E-9	545.710000E-6	0.000000E+0	-51.403000E+0	100.673000E+0	NaN	NaN
	28/11/2022 15:57:32	-69.690000E-3	1.360000E-9	539.000000E-12	4.996000E-9	397.200000E-9	577.270000E-6	0.000000E+0	-50.954000E+0	101.571000E+0	NaN	NaN
	28/11/2022 15:57:39	-66.486000E-3	1.360000E-9	536.000000E-12	4.996000E-9	397.200000E-9	554.350000E-6	0.000000E+0	-50.505000E+0	102.469000E+0	NaN	NaN
	28/11/2022 15:57:47	-69.198000E-3	1.350000E-9	535.000000E-12	4.996000E-9	396.700000E-9	581.470000E-6	0.000000E+0	-50.280000E+0	102.805000E+0	NaN	NaN
	28/11/2022 15:57:54	-69.198000E-3	1.350000E-9	537.000000E-12	4.996000E-9	396.700000E-9	565.680000E-6	0.000000E+0	-49.607000E+0	103.703000E+0	NaN	NaN
	28/11/2022 15:58:01	-70.035000E-3	1.340000E-9	536.000000E-12	4.996000E-9	396.700000E-9	551.400000E-6	0.000000E+0	-49.495000E+0	104.040000E+0	NaN	NaN
	28/11/2022 15:58:08	-66.164000E-3	1.330000E-9	533.000000E-12	4.996000E-9	395.800000E-9	580.250000E-6	0.000000E+0	-48.821000E+0	104.826000E+0	NaN	NaN
	28/11/2022 15:58:15	-65.622000E-3	1.330000E-9	532.000000E-12	4.996000E-9	393.900000E-9	538.830000E-6	0.000000E+0	-48.485000E+0	105.723000E+0	NaN	NaN
	28/11/2022 15:58:23	-69.100000E-3	1.330000E-9	532.000000E-12	4.996000E-9	393.900000E-9	570.390000E-6	0.000000E+0	-48.036000E+0	106.509000E+0	NaN	NaN
	28/11/2022 15:58:30	-68.286000E-3	1.320000E-9	532.000000E-12	4.996000E-9	393.000000E-9	577.270000E-6	0.000000E+0	-47.699000E+0	106.958000E+0	NaN	NaN
	28/11/2022 15:58:37	-69.618000E-3	1.310000E-9	528.000000E-12	4.996000E-9	392.500000E-9	574.080000E-6	0.000000E+0	-47.362000E+0	107.744000E+0	NaN	NaN
	28/11/2022 15:58:44	-69.666000E-3	1.310000E-9	527.000000E-12	4.996000E-9	391.500000E-9	575.300000E-6	1.000000E+0	-46.801000E+0	108.417000E+0	NaN	NaN
	28/11/2022 15:58:51	-69.320000E-3	1.300000E-9	528.000000E-12	4.996000E-9	391.500000E-9	576.530000E-6	1.000000E+0	-46.240000E+0	109.203000E+0	NaN	NaN
	28/11/2022 15:58:59	-69.961000E-3	1.330000E-9	530.000000E-12	4.996000E-9	390.600000E-9	582.960000E-6	1.000000E+0	-46.240000E+0	109.988000E+0	NaN	NaN
	28/11/2022 15:59:06	-69.001000E-3	1.460000E-9	563.000000E-12	4.996000E-9	390.600000E-9	579.510000E-6	1.000000E+0	-45.791000E+0	110.774000E+0	NaN	NaN
	28/11/2022 15:59:13	-69.568000E-3	1.320000E-9	530.000000E-12	4.996000E-9	389.600000E-9	573.580000E-6	1.000000E+0	-45.005000E+0	111.335000E+0	NaN	NaN
	28/11/2022 15:59:20	-65.449000E-3	1.290000E-9	524.000000E-12	4.996000E-9	388.700000E-9	574.320000E-6	1.000000E+0	-45.118000E+0	112.233000E+0	NaN	NaN
	28/11/2022 15:59:27	-69.913000E-3	1.290000E-9	524.000000E-12	4.996000E-9	388.700000E-9	574.830000E-6	2.000000E+0	-44.444000E+0	112.906000E+0	NaN	NaN
	28/11/2022 15:59:35	-69.591000E-3	1.280000E-9	522.000000E-12	4.996000E-9	387.300000E-9	583.680000E-6	2.000000E+0	-44.108000E+0	113.916000E+0	NaN	NaN
	28/11/2022 15:59:42	-69.788000E-3	1.270000E-9	520.000000E-12	4.996000E-9	386.900000E-9	575.300000E-6	2.000000E+0	-43.546000E+0	114.253000E+0	NaN	NaN
	28/11/2022 15:59:49	-69.147000E-3	1.270000E-9	518.000000E-12	4.996000E-9	386.400000E-9	535.850000E-6	2.000000E+0	-43.097000E+0	115.375000E+0	NaN	NaN
	28/11/2022 15:59:56	-69.740000E-3	1.270000E-9	519.000000E-12	4.996000E-9	386.400000E-9	552.860000E-6	3.000000E+0	-42.985000E+0	116.273000E+0	NaN	NaN
	28/11/2022 16:00:03	-69.690000E-3	1.270000E-9	519.000000E-12	4.996000E-9	385.900000E-9	556.320000E-6	3.000000E+0	-42.536000E+0	117.059000E+0	NaN	NaN
	28/11/2022 16:00:10	-69.568000E-3	1.260000E-9	516.000000E-12	4.996000E-9	385.500000E-9	546.690000E-6	3.000000E+0	-42.087000E+0	117.957000E+0	NaN	NaN
	28/11/2022 16:00:18	-69.395000E-3	1.260000E-9	516.000000E-12	4.996000E-9	383.200000E-9	577.780000E-6	3.000000E+0	-41.751000E+0	118.855000E+0	NaN	NaN
	28/11/2022 16:00:25	-69.347000E-3	1.260000E-9	518.000000E-12	4.996000E-9	383.200000E-9	583.440000E-6	3.000000E+0	-41.414000E+0	119.640000E+0	NaN	NaN
	28/11/2022 16:00:32	-69.591000E-3	1.260000E-9	519.000000E-12	4.996000E-9	382.300000E-9	576.530000E-6	4.000000E+0	-41.077000E+0	120.426000E+0	NaN	NaN
	28/11/2022 16:00:39	-69.690000E-3	1.260000E-9	517.000000E-12	4.996000E-9	382.300000E-9	552.860000E-6	4.000000E+0	-40.741000E+0	121.324000E+0	NaN	NaN
	28/11/2022 16:00:46	-69.642000E-3	1.250000E-9	515.000000E-12	4.996000E-9	381.800000E-9	583.440000E-6	4.000000E+0	-40.179000E+0	121.997000E+0	NaN	NaN
	28/11/2022 16:00:53	-69.913000E-3	1.250000E-9	514.000000E-12	4.996000E-9	382.300000E-9	538.080000E-6	4.000000E+0	-39.955000E+0	123.007000E+0	NaN	NaN
	28/11/2022 16:01:01	-69.493000E-3	1.250000E-9	517.000000E-12	4.996000E-9	381.300000E-9	573.100000E-6	4.000000E+0	-39.730000E+0	123.905000E+0	NaN	NaN
	28/11/2022 16:01:08	-68.581000E-3	1.250000E-9	515.000000E-12	4.996000E-9	380.400000E-9	557.070000E-6	5.000000E+0	-39.057000E+0	124.803000E+0	NaN	NaN
	28/11/2022 16:01:15	-69.690000E-3	1.240000E-9	512.000000E-12	4.996000E-9	379.500000E-9	573.810000E-6	5.000000E+0	-38.945000E+0	125.813000E+0	NaN	NaN
	28/11/2022 16:01:22	-68.137000E-3	1.250000E-9	513.000000E-12	4.996000E-9	379.500000E-9	666.290000E-6	5.000000E+0	-38.496000E+0	126.711000E+0	NaN	NaN
	28/11/2022 16:01:30	-69.320000E-3	1.250000E-9	515.000000E-12	4.996000E-9	379.500000E-9	652.970000E-6	5.000000E+0	-38.271000E+0	127.497000E+0	NaN	NaN
	28/11/2022 16:01:37	-69.591000E-3	1.250000E-9	514.000000E-12	4.996000E-9	379.500000E-9	537.840000E-6	6.000000E+0	-37.822000E+0	128.394000E+0	NaN	NaN
	28/11/2022 16:01:44	-66.906000E-3	1.240000E-9	512.000000E-12	4.996000E-9	378.100000E-9	592.800000E-6	6.000000E+0	-37.486000E+0	129.292000E+0	NaN	NaN
	28/11/2022 16:01:51	-69.296000E-3	1.240000E-9	512.000000E-12	4.996000E-9	378.100000E-9	691.440000E-6	7.000000E+0	-37.037000E+0	130.415000E+0	NaN	NaN
	28/11/2022 16:01:58	-69.347000E-3	1.240000E-9	513.000000E-12	4.996000E-9	377.700000E-9	557.300000E-6	7.000000E+0	-36.700000E+0	131.312000E+0	NaN	NaN
	28/11/2022 16:02:05	-69.320000E-3	1.240000E-9	513.000000E-12	4.996000E-9	378.100000E-9	535.370000E-6	7.000000E+0	-36.251000E+0	132.323000E+0	NaN	NaN
	28/11/2022 16:02:13	-66.954000E-3	1.230000E-9	511.000000E-12	4.996000E-9	377.200000E-9	569.370000E-6	7.000000E+0	-35.915000E+0	133.445000E+0	NaN	NaN
	28/11/2022 16:02:20	-69.469000E-3	1.240000E-9	511.000000E-12	4.996000E-9	376.300000E-9	573.810000E-6	8.000000E+0	-35.690000E+0	134.343000E+0	NaN	NaN
	28/11/2022 16:02:27	-69.001000E-3	1.230000E-9	511.000000E-12	4.996000E-9	377.200000E-9	554.350000E-6	8.000000E+0	-35.241000E+0	135.353000E+0	NaN	NaN
	28/11/2022 16:02:34	-69.296000E-3	1.230000E-9	512.000000E-12	4.996000E-9	375.900000E-9	568.150000E-6	8.000000E+0	-34.904000E+0	136.587000E+0	NaN	NaN
	28/11/2022 16:02:41	-65.130000E-3	1.230000E-9	510.000000E-12	4.996000E-9	375.000000E-9	578.760000E-6	9.000000E+0	-34.455000E+0	137.710000E+0	NaN	NaN
	28/11/2022 16:02:49	-70.086000E-3	1.240000E-9	510.000000E-12	4.996000E-9	374.500000E-9	542.760000E-6	9.000000E+0	-34.231000E+0	138.944000E+0	NaN	NaN
	28/11/2022 16:02:56	-69.493000E-3	1.230000E-9	511.000000E-12	4.996000E-9	374.100000E-9	572.350000E-6	10.000000E+0	-33.782000E+0	139.393000E+0	NaN	NaN
	28/11/2022 16:03:03	-70.259000E-3	1.240000E-9	514.000000E-12	4.996000E-9	374.500000E-9	588.630000E-6	10.000000E+0	-33.221000E+0	140.852000E+0	NaN	NaN
	28/11/2022 16:03:10	-69.273000E-3	1.240000E-9	514.000000E-12	4.996000E-9	372.700000E-9	571.370000E-6	10.000000E+0	-32.996000E+0	141.975000E+0	NaN	NaN
	28/11/2022 16:03:17	-69.717000E-3	1.240000E-9	511.000000E-12	4.996000E-9	372.700000E-9	575.300000E-6	10.000000E+0	-32.548000E+0	143.097000E+0	NaN	NaN
	28/11/2022 16:03:24	-69.740000E-3	1.230000E-9	509.000000E-12	4.996000E-9	371.800000E-9	579.740000E-6	11.000000E+0	-32.211000E+0	144.219000E+0	NaN	NaN
	28/11/2022 16:03:32	-69.517000E-3	1.230000E-9	511.000000E-12	4.996000E-9	371.800000E-9	578.250000E-6	11.000000E+0	-31.874000E+0	145.342000E+0	NaN	NaN
	28/11/2022 16:03:39	-69.395000E-3	1.230000E-9	512.000000E-12	4.996000E-9	372.700000E-9	579.980000E-6	12.000000E+0	-31.425000E+0	146.801000E+0	NaN	NaN
	28/11/2022 16:03:46	-65.574000E-3	1.230000E-9	510.000000E-12	4.996000E-9	371.400000E-9	576.290000E-6	12.000000E+0	-30.976000E+0	147.811000E+0	NaN	NaN
	28/11/2022 16:03:53	-69.788000E-3	1.220000E-9	509.000000E-12	4.996000E-9	371.400000E-9	566.930000E-6	12.000000E+0	-30.415000E+0	149.494000E+0	NaN	NaN
	28/11/2022 16:04:00	-67.618000E-3	1.230000E-9	509.000000E-12	4.996000E-9	370.900000E-9	608.350000E-6	12.000000E+0	-30.078000E+0	150.729000E+0	NaN	NaN
	28/11/2022 16:04:08	-69.740000E-3	1.230000E-9	509.000000E-12	4.996000E-9	371.400000E-9	574.080000E-6	13.000000E+0	-29.966000E+0	151.963000E+0	NaN	NaN
	28/11/2022 16:04:15	-69.493000E-3	1.230000E-9	510.000000E-12	4.996000E-9	368.300000E-9	579.000000E-6	13.000000E+0	-29.629000E+0	153.535000E+0	NaN	NaN
	28/11/2022 16:04:22	-66.733000E-3	1.220000E-9	507.000000E-12	4.996000E-9	367.800000E-9	581.950000E-6	13.000000E+0	-29.068000E+0	154.994000E+0	NaN	NaN
	28/11/2022 16:04:29	-65.574000E-3	1.220000E-9	508.000000E-12	4.996000E-9	367.800000E-9	576.290000E-6	13.000000E+0	-28.507000E+0	156.565000E+0	NaN	NaN
	28/11/2022 16:04:36	-69.591000E-3	1.220000E-9	508.000000E-12	4.996000E-9	367.800000E-9	579.000000E-6	14.000000E+0	-28.283000E+0	158.136000E+0	NaN	NaN
	28/11/2022 16:04:44	-65.696000E-3	1.220000E-9	509.000000E-12	4.996000E-9	367.800000E-9	576.790000E-6	13.000000E+0	-27.722000E+0	159.707000E+0	NaN	NaN
	28/11/2022 16:04:51	-65.649000E-3	1.220000E-9	508.000000E-12	4.996000E-9	367.400000E-9	608.350000E-6	14.000000E+0	-27.497000E+0	161.615000E+0	NaN	NaN
	28/11/2022 16:04:58	-69.320000E-3	1.220000E-9	507.000000E-12	4.996000E-9	367.400000E-9	655.130000E-3	14.000000E+0	-27.048000E+0	162.962000E+0	NaN	NaN
	28/11/2022 16:05:05	582.050000E-3	1.220000E-9	500.000000E-12	4.996000E-9	366.500000E-9	665.270000E-3	14.000000E+0	-26.599000E+0	164.870000E+0	NaN	NaN
	28/11/2022 16:05:12	581.970000E-3	1.220000E-9	509.000000E-12	4.996000E-9	365.600000E-9	654.720000E-3	14.000000E+0	-26.038000E+0	166.666000E+0	NaN	NaN
	28/11/2022 16:05:20	582.470000E-3	1.220000E-9	509.000000E-12	4.996000E-9	365.200000E-9	656.600000E-3	14.000000E+0	-25.701000E+0	168.574000E+0	NaN	NaN
	28/11/2022 16:05:27	586.290000E-3	1.210000E-9	507.000000E-12	4.996000E-9	364.800000E-9	657.350000E-3	14.000000E+0	-25.252000E+0	170.033000E+0	NaN	NaN
	28/11/2022 16:05:34	586.780000E-3	1.220000E-9	509.000000E-12	4.996000E-9	363.900000E-9	657.310000E-3	14.000000E+0	-24.916000E+0	172.165000E+0	NaN	NaN
	28/11/2022 16:05:41	586.560000E-3	1.220000E-9	510.000000E-12	4.996000E-9	363.900000E-9	654.650000E-3	14.000000E+0	-24.467000E+0	174.185000E+0	NaN	NaN
	28/11/2022 16:05:48	586.580000E-3	1.220000E-9	509.000000E-12	4.996000E-9	363.500000E-9	664.880000E-3	14.000000E+0	-24.242000E+0	175.757000E+0	NaN	NaN
	28/11/2022 16:05:55	586.460000E-3	1.210000E-9	507.000000E-12	4.996000E-9	363.500000E-9	665.720000E-3	15.000000E+0	-23.793000E+0	178.338000E+0	NaN	NaN
	28/11/2022 16:06:03	586.630000E-3	1.210000E-9	510.000000E-12	4.996000E-9	362.600000E-9	16.158000E-3	15.000000E+0	-23.344000E+0	179.573000E+0	NaN	NaN
	28/11/2022 16:06:10	586.730000E-3	1.220000E-9	508.000000E-12	4.996000E-9	362.100000E-9	913.830000E-6	15.000000E+0	-23.008000E+0	181.930000E+0	NaN	NaN
	28/11/2022 16:06:17	586.850000E-3	1.210000E-9	507.000000E-12	4.996000E-9	361.300000E-9	6.178600E-3	15.000000E+0	-22.671000E+0	183.725000E+0	NaN	NaN
	28/11/2022 16:06:24	586.390000E-3	1.210000E-9	504.000000E-12	4.996000E-9	360.800000E-9	622.900000E-6	15.000000E+0	-22.447000E+0	186.082000E+0	NaN	NaN
	28/11/2022 16:06:31	586.580000E-3	1.200000E-9	503.000000E-12	4.996000E-9	360.800000E-9	593.070000E-6	15.000000E+0	-21.885000E+0	187.878000E+0	NaN	NaN
	28/11/2022 16:06:38	583.030000E-3	1.210000E-9	506.000000E-12	4.996000E-9	360.400000E-9	425.640000E-6	15.000000E+0	-21.436000E+0	190.010000E+0	NaN	NaN
	28/11/2022 16:06:46	582.940000E-3	1.210000E-9	505.000000E-12	4.996000E-9	360.000000E-9	344.510000E-6	15.000000E+0	-21.212000E+0	192.367000E+0	NaN	NaN
	28/11/2022 16:06:53	583.280000E-3	1.200000E-9	503.000000E-12	4.996000E-9	360.000000E-9	339.600000E-6	15.000000E+0	-21.100000E+0	194.724000E+0	NaN	NaN
	28/11/2022 16:07:00	586.460000E-3	1.200000E-9	503.000000E-12	4.996000E-9	359.100000E-9	336.650000E-6	15.000000E+0	-20.651000E+0	196.856000E+0	NaN	NaN
	28/11/2022 16:07:07	586.830000E-3	1.200000E-9	504.000000E-12	4.996000E-9	359.100000E-9	339.840000E-6	15.000000E+0	-20.314000E+0	198.877000E+0	NaN	NaN
	28/11/2022 16:07:14	583.090000E-3	1.210000E-9	506.000000E-12	4.996000E-9	358.200000E-9	655.320000E-3	16.000000E+0	-20.090000E+0	201.458000E+0	NaN	NaN
	28/11/2022 16:07:21	586.140000E-3	1.200000E-9	504.000000E-12	4.996000E-9	358.200000E-9	655.530000E-3	15.000000E+0	-19.529000E+0	204.039000E+0	NaN	NaN
	28/11/2022 16:07:29	582.420000E-3	1.190000E-9	504.000000E-12	4.996000E-9	357.800000E-9	655.950000E-3	16.000000E+0	-19.416000E+0	206.172000E+0	NaN	NaN
	28/11/2022 16:07:36	582.120000E-3	1.200000E-9	506.000000E-12	4.996000E-9	357.800000E-9	655.810000E-3	16.000000E+0	-18.855000E+0	208.753000E+0	NaN	NaN
	28/11/2022 16:07:43	585.350000E-3	1.200000E-9	505.000000E-12	4.996000E-9	357.800000E-9	655.810000E-3	16.000000E+0	-18.631000E+0	211.447000E+0	NaN	NaN
	28/11/2022 16:07:50	581.950000E-3	1.200000E-9	506.000000E-12	4.996000E-9	357.400000E-9	655.790000E-3	16.000000E+0	-18.406000E+0	213.691000E+0	NaN	NaN
	28/11/2022 16:07:57	582.910000E-3	1.200000E-9	503.000000E-12	4.996000E-9	357.400000E-9	655.780000E-3	16.000000E+0	-18.069000E+0	216.385000E+0	NaN	NaN
	28/11/2022 16:08:05	586.210000E-3	1.190000E-9	501.000000E-12	4.996000E-9	357.000000E-9	655.770000E-3	16.000000E+0	-17.621000E+0	219.191000E+0	NaN	NaN
	28/11/2022 16:08:12	582.570000E-3	1.190000E-9	502.000000E-12	4.996000E-9	357.000000E-9	655.760000E-3	16.000000E+0	-17.508000E+0	221.884000E+0	NaN	NaN
	28/11/2022 16:08:19	582.590000E-3	1.200000E-9	503.000000E-12	4.996000E-9	355.300000E-9	655.730000E-3	16.000000E+0	-17.172000E+0	224.802000E+0	NaN	NaN
	28/11/2022 16:08:26	582.490000E-3	1.200000E-9	502.000000E-12	4.996000E-9	354.400000E-9	655.740000E-3	16.000000E+0	-16.835000E+0	227.496000E+0	NaN	NaN
	28/11/2022 16:08:33	586.140000E-3	1.190000E-9	500.000000E-12	4.996000E-9	354.400000E-9	655.730000E-3	16.000000E+0	-16.386000E+0	230.414000E+0	NaN	NaN
	28/11/2022 16:08:40	586.170000E-3	1.190000E-9	502.000000E-12	4.996000E-9	354.400000E-9	655.720000E-3	16.000000E+0	-16.162000E+0	233.444000E+0	NaN	NaN
	28/11/2022 16:08:48	582.390000E-3	1.190000E-9	502.000000E-12	4.996000E-9	354.000000E-9	655.720000E-3	16.000000E+0	-16.049000E+0	237.260000E+0	NaN	NaN
	28/11/2022 16:08:55	586.730000E-3	1.190000E-9	502.000000E-12	4.996000E-9	354.000000E-9	655.700000E-3	16.000000E+0	-15.488000E+0	240.066000E+0	NaN	NaN
	28/11/2022 16:09:02	582.170000E-3	1.190000E-9	499.000000E-12	4.996000E-9	354.000000E-9	655.710000E-3	16.000000E+0	-15.264000E+0	243.321000E+0	NaN	NaN
	28/11/2022 16:09:09	582.020000E-3	1.190000E-9	499.000000E-12	4.996000E-9	354.000000E-9	655.700000E-3	16.000000E+0	-15.039000E+0	246.239000E+0	NaN	NaN
	28/11/2022 16:09:16	582.940000E-3	1.190000E-9	501.000000E-12	4.996000E-9	353.600000E-9	655.700000E-3	16.000000E+0	-15.039000E+0	249.830000E+0	NaN	NaN
	28/11/2022 16:09:23	582.690000E-3	1.190000E-9	501.000000E-12	4.996000E-9	353.600000E-9	655.700000E-3	16.000000E+0	-14.590000E+0	254.095000E+0	NaN	NaN
	28/11/2022 16:09:31	584.590000E-3	1.180000E-9	500.000000E-12	4.996000E-9	353.600000E-9	655.690000E-3	16.000000E+0	-14.254000E+0	257.911000E+0	NaN	NaN
	28/11/2022 16:09:38	582.470000E-3	1.180000E-9	499.000000E-12	4.996000E-9	353.600000E-9	655.690000E-3	16.000000E+0	-13.805000E+0	261.503000E+0	NaN	NaN
	28/11/2022 16:09:45	583.480000E-3	1.180000E-9	499.000000E-12	4.996000E-9	353.100000E-9	655.690000E-3	16.000000E+0	-13.580000E+0	265.655000E+0	NaN	NaN
	28/11/2022 16:09:52	582.120000E-3	1.180000E-9	500.000000E-12	4.996000E-9	353.100000E-9	655.690000E-3	16.000000E+0	-13.356000E+0	269.696000E+0	NaN	NaN
	28/11/2022 16:09:59	583.010000E-3	1.180000E-9	499.000000E-12	4.996000E-9	353.100000E-9	655.660000E-3	16.000000E+0	-13.019000E+0	273.399000E+0	NaN	NaN
	28/11/2022 16:10:07	585.820000E-3	1.180000E-9	498.000000E-12	4.996000E-9	353.100000E-9	655.680000E-3	16.000000E+0	-12.570000E+0	278.338000E+0	NaN	NaN
	28/11/2022 16:10:14	586.580000E-3	1.180000E-9	499.000000E-12	4.996000E-9	353.100000E-9	655.670000E-3	17.000000E+0	-12.346000E+0	283.388000E+0	NaN	NaN
	28/11/2022 16:10:21	582.370000E-3	1.180000E-9	498.000000E-12	4.996000E-9	352.700000E-9	655.650000E-3	17.000000E+0	-12.121000E+0	288.439000E+0	NaN	NaN
	28/11/2022 16:10:28	582.880000E-3	1.180000E-9	499.000000E-12	4.996000E-9	351.900000E-9	655.640000E-3	16.000000E+0	-12.009000E+0	293.265000E+0	NaN	NaN
	28/11/2022 16:10:35	583.400000E-3	1.180000E-9	498.000000E-12	4.996000E-9	351.900000E-9	655.650000E-3	17.000000E+0	-11.784000E+0	298.652000E+0	NaN	NaN
	28/11/2022 16:10:43	586.390000E-3	1.180000E-9	497.000000E-12	4.996000E-9	351.900000E-9	655.650000E-3	17.000000E+0	-11.223000E+0	304.937000E+0	NaN	NaN
	28/11/2022 16:10:50	582.240000E-3	1.180000E-9	498.000000E-12	4.996000E-9	351.400000E-9	655.650000E-3	17.000000E+0	-10.999000E+0	311.671000E+0	NaN	NaN
	28/11/2022 16:10:57	581.830000E-3	1.180000E-9	498.000000E-12	4.996000E-9	351.900000E-9	655.650000E-3	17.000000E+0	-10.887000E+0	318.180000E+0	NaN	NaN
	28/11/2022 16:11:04	582.390000E-3	1.170000E-9	495.000000E-12	4.996000E-9	351.400000E-9	655.640000E-3	17.000000E+0	-10.550000E+0	324.914000E+0	NaN	NaN
	28/11/2022 16:11:11	582.760000E-3	1.170000E-9	495.000000E-12	4.996000E-9	351.400000E-9	655.630000E-3	17.000000E+0	-9.876000E+0	333.107000E+0	NaN	NaN
	28/11/2022 16:11:18	582.070000E-3	1.160000E-9	494.000000E-12	4.996000E-9	351.000000E-9	655.640000E-3	17.000000E+0	-9.652000E+0	341.076000E+0	NaN	NaN
	28/11/2022 16:11:26	582.240000E-3	1.160000E-9	491.000000E-12	4.996000E-9	351.400000E-9	655.620000E-3	17.000000E+0	-9.315000E+0	350.616000E+0	NaN	NaN
	28/11/2022 16:11:33	581.900000E-3	1.150000E-9	485.000000E-12	4.996000E-9	351.400000E-9	655.610000E-3	17.000000E+0	-9.203000E+0	360.717000E+0	NaN	NaN
	28/11/2022 16:11:40	586.390000E-3	1.130000E-9	476.000000E-12	4.996000E-9	351.000000E-9	655.610000E-3	17.000000E+0	-8.866000E+0	372.052000E+0	NaN	NaN
	28/11/2022 16:11:47	586.190000E-3	1.100000E-9	466.000000E-12	4.996000E-9	351.000000E-9	655.610000E-3	17.000000E+0	-8.305000E+0	384.622000E+0	NaN	NaN
	28/11/2022 16:11:54	581.950000E-3	1.060000E-9	447.000000E-12	4.996000E-9	351.000000E-9	655.600000E-3	17.000000E+0	-8.081000E+0	399.437000E+0	NaN	NaN
	28/11/2022 16:12:02	586.070000E-3	1.010000E-9	426.000000E-12	4.996000E-9	351.000000E-9	655.600000E-3	17.000000E+0	-7.744000E+0	414.252000E+0	NaN	NaN
	28/11/2022 16:12:09	586.480000E-3	958.000000E-12	407.000000E-12	4.996000E-9	350.600000E-9	655.600000E-3	17.000000E+0	-7.407000E+0	435.688000E+0	NaN	NaN
	28/11/2022 16:12:16	583.130000E-3	913.000000E-12	389.000000E-12	4.996000E-9	350.600000E-9	655.600000E-3	17.000000E+0	-7.183000E+0	457.125000E+0	NaN	NaN
	28/11/2022 16:12:23	586.360000E-3	889.000000E-12	379.000000E-12	4.996000E-9	350.600000E-9	655.590000E-3	17.000000E+0	-6.846000E+0	485.407000E+0	NaN	NaN
	28/11/2022 16:12:30	582.660000E-3	881.000000E-12	376.000000E-12	4.996000E-9	350.600000E-9	655.570000E-3	17.000000E+0	-6.510000E+0	521.883000E+0	NaN	NaN
	28/11/2022 16:12:37	586.560000E-3	879.000000E-12	375.000000E-12	4.996000E-9	350.600000E-9	655.580000E-3	17.000000E+0	-6.173000E+0	564.756000E+0	NaN	NaN
	28/11/2022 16:12:45	586.800000E-3	876.000000E-12	372.000000E-12	4.996000E-9	350.100000E-9	655.570000E-3	18.000000E+0	-5.948000E+0	624.464000E+0	NaN	NaN
	28/11/2022 16:12:52	583.010000E-3	871.000000E-12	371.000000E-12	4.996000E-9	350.600000E-9	655.570000E-3	18.000000E+0	-5.724000E+0	694.385000E+0	NaN	NaN
	28/11/2022 16:12:59	582.510000E-3	870.000000E-12	372.000000E-12	4.996000E-9	350.600000E-9	655.570000E-3	18.000000E+0	-5.612000E+0	788.997000E+0	NaN	NaN
	28/11/2022 16:13:06	586.310000E-3	867.000000E-12	371.000000E-12	4.996000E-9	351.000000E-9	655.570000E-3	18.000000E+0	-5.275000E+0	902.465000E+0	NaN	NaN
	28/11/2022 16:13:13	585.740000E-3	864.000000E-12	370.000000E-12	4.996000E-9	351.400000E-9	655.570000E-3	18.000000E+0	-5.275000E+0	1.023564E+3	NaN	NaN
	28/11/2022 16:13:20	586.360000E-3	867.000000E-12	371.000000E-12	4.996000E-9	353.600000E-9	655.570000E-3	18.000000E+0	-5.163000E+0	1.178333E+3	NaN	NaN
	28/11/2022 16:13:28	586.560000E-3	870.000000E-12	371.000000E-12	4.996000E-9	357.400000E-9	655.560000E-3	18.000000E+0	-5.163000E+0	1.338041E+3	NaN	NaN
	28/11/2022 16:13:35	582.120000E-3	868.000000E-12	369.000000E-12	4.996000E-9	361.700000E-9	655.560000E-3	18.000000E+0	-5.163000E+0	1.516603E+3	NaN	NaN
	28/11/2022 16:13:42	584.020000E-3	865.000000E-12	370.000000E-12	4.996000E-9	367.800000E-9	655.560000E-3	18.000000E+0	-5.163000E+0	1.707175E+3	NaN	NaN
	28/11/2022 16:13:49	582.270000E-3	868.000000E-12	371.000000E-12	4.996000E-9	375.000000E-9	655.570000E-3	18.000000E+0	-5.163000E+0	1.929957E+3	NaN	NaN
	28/11/2022 16:13:57	581.480000E-3	871.000000E-12	371.000000E-12	4.996000E-9	386.400000E-9	655.550000E-3	18.000000E+0	-5.163000E+0	2.262168E+3	NaN	NaN
	28/11/2022 16:14:04	582.440000E-3	867.000000E-12	369.000000E-12	4.996000E-9	421.800000E-9	655.570000E-3	18.000000E+0	-5.050000E+0	2.622548E+3	NaN	NaN
	28/11/2022 16:14:11	582.540000E-3	866.000000E-12	370.000000E-12	4.996000E-9	480.200000E-9	655.540000E-3	18.000000E+0	-5.275000E+0	3.025689E+3	NaN	NaN
	28/11/2022 16:14:18	581.970000E-3	865.000000E-12	371.000000E-12	4.996000E-9	531.800000E-9	655.540000E-3	18.000000E+0	-5.163000E+0	3.624451E+3	NaN	NaN
	28/11/2022 16:14:25	586.440000E-3	863.000000E-12	370.000000E-12	4.996000E-9	546.700000E-9	655.520000E-3	18.000000E+0	-5.050000E+0	4.182024E+3	NaN	NaN
	28/11/2022 16:14:32	582.220000E-3	861.000000E-12	369.000000E-12	4.996000E-9	531.800000E-9	655.520000E-3	18.000000E+0	-5.163000E+0	4.218165E+3	NaN	NaN
	28/11/2022 16:14:40	586.460000E-3	860.000000E-12	370.000000E-12	4.996000E-9	505.000000E-9	655.520000E-3	18.000000E+0	-5.163000E+0	4.226919E+3	NaN	NaN
	28/11/2022 16:14:47	583.630000E-3	858.000000E-12	368.000000E-12	4.996000E-9	469.900000E-9	655.520000E-3	18.000000E+0	-5.163000E+0	4.230623E+3	NaN	NaN
	28/11/2022 16:14:54	581.850000E-3	859.000000E-12	369.000000E-12	4.996000E-9	440.900000E-9	655.510000E-3	18.000000E+0	-5.163000E+0	4.235898E+3	NaN	NaN
	28/11/2022 16:15:01	582.490000E-3	862.000000E-12	369.000000E-12	4.996000E-9	420.300000E-9	655.500000E-3	60.000000E+0	-5.050000E+0	4.235898E+3	NaN	NaN
	28/11/2022 16:15:08	585.050000E-3	861.000000E-12	371.000000E-12	4.996000E-9	403.000000E-9	655.480000E-3	62.000000E+0	-5.163000E+0	4.239601E+3	NaN	NaN
	28/11/2022 16:15:16	582.470000E-3	858.000000E-12	370.000000E-12	4.996000E-9	391.100000E-9	655.490000E-3	67.000000E+0	-5.050000E+0	4.238142E+3	NaN	NaN
	28/11/2022 16:15:23	586.390000E-3	858.000000E-12	369.000000E-12	4.996000E-9	381.800000E-9	655.500000E-3	73.000000E+0	-5.163000E+0	4.240050E+3	NaN	NaN
	28/11/2022 16:15:30	582.690000E-3	857.000000E-12	368.000000E-12	4.996000E-9	375.400000E-9	655.500000E-3	79.000000E+0	-5.275000E+0	4.238704E+3	NaN	NaN
	28/11/2022 16:15:37	582.420000E-3	862.000000E-12	368.000000E-12	4.996000E-9	371.400000E-9	655.490000E-3	84.000000E+0	-5.163000E+0	4.239040E+3	NaN	NaN
	28/11/2022 16:15:44	582.610000E-3	858.000000E-12	369.000000E-12	4.996000E-9	367.000000E-9	655.490000E-3	89.000000E+0	-5.050000E+0	4.237357E+3	NaN	NaN
	28/11/2022 16:15:51	582.020000E-3	854.000000E-12	368.000000E-12	4.996000E-9	363.900000E-9	655.490000E-3	92.000000E+0	-5.163000E+0	4.237918E+3	NaN	NaN
	28/11/2022 16:15:59	585.400000E-3	853.000000E-12	368.000000E-12	4.996000E-9	361.700000E-9	655.490000E-3	97.000000E+0	-5.275000E+0	4.241397E+3	NaN	NaN
	28/11/2022 16:16:06	582.390000E-3	852.000000E-12	368.000000E-12	4.996000E-9	360.000000E-9	655.490000E-3	104.000000E+0	-5.163000E+0	4.244540E+3	NaN	NaN
	28/11/2022 16:16:13	582.050000E-3	855.000000E-12	368.000000E-12	4.996000E-9	358.200000E-9	655.490000E-3	112.000000E+0	-5.050000E+0	4.242856E+3	NaN	NaN
	28/11/2022 16:16:20	585.370000E-3	857.000000E-12	368.000000E-12	4.996000E-9	357.800000E-9	655.490000E-3	122.000000E+0	-5.050000E+0	4.244091E+3	NaN	NaN
	28/11/2022 16:16:27	581.850000E-3	852.000000E-12	367.000000E-12	4.996000E-9	357.400000E-9	655.490000E-3	132.000000E+0	-5.275000E+0	4.249590E+3	NaN	NaN
	28/11/2022 16:16:34	581.970000E-3	851.000000E-12	367.000000E-12	4.996000E-9	354.400000E-9	655.480000E-3	135.000000E+0	-5.275000E+0	4.249590E+3	NaN	NaN
	28/11/2022 16:16:42	583.260000E-3	851.000000E-12	367.000000E-12	4.996000E-9	354.000000E-9	655.480000E-3	141.000000E+0	-5.050000E+0	4.242744E+3	NaN	NaN
	28/11/2022 16:16:49	586.260000E-3	854.000000E-12	366.000000E-12	4.996000E-9	354.000000E-9	655.480000E-3	147.000000E+0	-4.938000E+0	4.255763E+3	NaN	NaN
	28/11/2022 16:16:56	582.320000E-3	851.000000E-12	365.000000E-12	4.996000E-9	353.600000E-9	655.480000E-3	152.000000E+0	-5.163000E+0	4.259018E+3	NaN	NaN
	28/11/2022 16:17:03	585.620000E-3	849.000000E-12	367.000000E-12	4.996000E-9	353.600000E-9	655.490000E-3	156.000000E+0	-5.163000E+0	4.259018E+3	NaN	NaN
	28/11/2022 16:17:10	582.640000E-3	850.000000E-12	366.000000E-12	4.996000E-9	353.100000E-9	655.480000E-3	161.000000E+0	-5.163000E+0	4.258681E+3	NaN	NaN
	28/11/2022 16:17:18	583.720000E-3	847.000000E-12	365.000000E-12	4.996000E-9	353.100000E-9	655.480000E-3	163.000000E+0	-5.163000E+0	4.258569E+3	NaN	NaN
	28/11/2022 16:17:25	585.870000E-3	850.000000E-12	366.000000E-12	4.996000E-9	353.600000E-9	655.490000E-3	168.000000E+0	-5.163000E+0	4.258344E+3	NaN	NaN
	28/11/2022 16:17:32	582.660000E-3	852.000000E-12	366.000000E-12	4.996000E-9	353.100000E-9	655.480000E-3	172.000000E+0	-5.163000E+0	4.258232E+3	NaN	NaN
	28/11/2022 16:17:39	582.980000E-3	851.000000E-12	366.000000E-12	4.996000E-9	353.100000E-9	655.470000E-3	177.000000E+0	-5.050000E+0	4.258344E+3	NaN	NaN
	28/11/2022 16:17:46	581.460000E-3	847.000000E-12	364.000000E-12	4.996000E-9	352.700000E-9	655.480000E-3	181.000000E+0	-5.275000E+0	4.257895E+3	NaN	NaN
	28/11/2022 16:17:53	582.050000E-3	841.000000E-12	365.000000E-12	4.996000E-9	352.700000E-9	655.460000E-3	185.000000E+0	-5.163000E+0	4.258008E+3	NaN	NaN
	28/11/2022 16:18:00	585.650000E-3	843.000000E-12	365.000000E-12	4.996000E-9	352.300000E-9	655.460000E-3	187.000000E+0	-5.163000E+0	4.258008E+3	NaN	NaN
	28/11/2022 16:18:08	582.290000E-3	848.000000E-12	365.000000E-12	4.996000E-9	352.700000E-9	655.460000E-3	192.000000E+0	-4.938000E+0	4.257783E+3	NaN	NaN
	28/11/2022 16:18:15	584.980000E-3	848.000000E-12	365.000000E-12	4.996000E-9	351.900000E-9	655.440000E-3	195.000000E+0	-5.163000E+0	4.257671E+3	NaN	NaN
	28/11/2022 16:18:22	584.070000E-3	850.000000E-12	366.000000E-12	4.996000E-9	352.700000E-9	655.440000E-3	197.000000E+0	-5.275000E+0	4.257783E+3	NaN	NaN
	28/11/2022 16:18:29	586.680000E-3	841.000000E-12	364.000000E-12	4.996000E-9	352.300000E-9	655.450000E-3	199.000000E+0	-5.275000E+0	4.257783E+3	NaN	NaN
	28/11/2022 16:18:36	586.170000E-3	843.000000E-12	364.000000E-12	4.996000E-9	351.900000E-9	655.440000E-3	200.000000E+0	-5.163000E+0	4.257559E+3	NaN	NaN
	28/11/2022 16:18:44	582.320000E-3	847.000000E-12	365.000000E-12	4.996000E-9	352.300000E-9	655.450000E-3	202.000000E+0	-5.050000E+0	4.257559E+3	NaN	NaN
	28/11/2022 16:18:51	581.700000E-3	844.000000E-12	365.000000E-12	4.996000E-9	352.700000E-9	655.450000E-3	204.000000E+0	-5.050000E+0	4.259579E+3	NaN	NaN
	28/11/2022 16:18:58	586.460000E-3	847.000000E-12	366.000000E-12	4.996000E-9	353.600000E-9	655.440000E-3	203.000000E+0	-5.275000E+0	4.261262E+3	NaN	NaN
	28/11/2022 16:19:05	586.240000E-3	852.000000E-12	368.000000E-12	4.996000E-9	354.400000E-9	655.430000E-3	202.000000E+0	-5.163000E+0	4.262160E+3	NaN	NaN
	28/11/2022 16:19:12	582.660000E-3	850.000000E-12	366.000000E-12	4.996000E-9	358.200000E-9	655.440000E-3	203.000000E+0	-5.050000E+0	4.263170E+3	NaN	NaN
	28/11/2022 16:19:20	581.770000E-3	846.000000E-12	366.000000E-12	4.996000E-9	362.100000E-9	655.430000E-3	203.000000E+0	-5.050000E+0	4.248468E+3	NaN	NaN
	28/11/2022 16:19:27	582.270000E-3	841.000000E-12	365.000000E-12	4.996000E-9	580.500000E-9	655.420000E-3	203.000000E+0	-5.050000E+0	4.240948E+3	NaN	NaN
	28/11/2022 16:19:34	586.040000E-3	841.000000E-12	364.000000E-12	4.996000E-9	696.700000E-9	655.440000E-3	203.000000E+0	-5.050000E+0	4.237806E+3	NaN	NaN
	28/11/2022 16:19:41	582.240000E-3	842.000000E-12	365.000000E-12	4.996000E-9	551.900000E-9	655.430000E-3	203.000000E+0	-5.163000E+0	4.237245E+3	NaN	NaN
	28/11/2022 16:19:48	583.160000E-3	847.000000E-12	366.000000E-12	4.996000E-9	461.500000E-9	655.420000E-3	203.000000E+0	-5.050000E+0	4.238255E+3	NaN	NaN
	28/11/2022 16:19:56	582.540000E-3	844.000000E-12	364.000000E-12	4.996000E-9	413.800000E-9	655.420000E-3	203.000000E+0	-5.163000E+0	4.239714E+3	NaN	NaN
	28/11/2022 16:20:03	586.070000E-3	842.000000E-12	363.000000E-12	4.996000E-9	387.300000E-9	655.410000E-3	202.000000E+0	-5.163000E+0	4.241734E+3	NaN	NaN
	28/11/2022 16:20:10	586.210000E-3	842.000000E-12	365.000000E-12	4.996000E-9	385.500000E-9	655.410000E-3	202.000000E+0	-5.163000E+0	4.243866E+3	NaN	NaN
	28/11/2022 16:20:17	586.190000E-3	845.000000E-12	364.000000E-12	4.996000E-9	404.000000E-9	655.410000E-3	202.000000E+0	-5.163000E+0	4.245438E+3	NaN	NaN
	28/11/2022 16:20:24	582.940000E-3	844.000000E-12	365.000000E-12	4.996000E-9	396.700000E-9	655.410000E-3	203.000000E+0	-5.163000E+0	4.247121E+3	NaN	NaN
	28/11/2022 16:20:31	582.640000E-3	841.000000E-12	363.000000E-12	4.996000E-9	386.400000E-9	655.420000E-3	203.000000E+0	-5.163000E+0	4.248580E+3	NaN	NaN
	28/11/2022 16:20:39	585.720000E-3	844.000000E-12	365.000000E-12	4.996000E-9	380.900000E-9	655.410000E-3	203.000000E+0	-5.275000E+0	4.250151E+3	NaN	NaN
	28/11/2022 16:20:46	582.470000E-3	847.000000E-12	366.000000E-12	4.996000E-9	377.200000E-9	655.410000E-3	203.000000E+0	-5.163000E+0	4.251498E+3	NaN	NaN
	28/11/2022 16:20:53	582.270000E-3	845.000000E-12	364.000000E-12	4.996000E-9	375.000000E-9	655.400000E-3	202.000000E+0	-5.050000E+0	4.252957E+3	NaN	NaN
	28/11/2022 16:21:00	582.980000E-3	841.000000E-12	364.000000E-12	4.996000E-9	373.200000E-9	655.410000E-3	203.000000E+0	-5.050000E+0	4.253967E+3	NaN	NaN
	28/11/2022 16:21:07	585.820000E-3	842.000000E-12	364.000000E-12	4.996000E-9	371.800000E-9	655.400000E-3	202.000000E+0	-5.163000E+0	4.254865E+3	NaN	NaN
	28/11/2022 16:21:14	584.390000E-3	842.000000E-12	364.000000E-12	4.996000E-9	371.800000E-9	655.400000E-3	202.000000E+0	-4.938000E+0	4.255875E+3	NaN	NaN
	28/11/2022 16:21:22	582.290000E-3	845.000000E-12	364.000000E-12	4.996000E-9	371.400000E-9	655.400000E-3	202.000000E+0	-5.050000E+0	4.256661E+3	NaN	NaN
	28/11/2022 16:21:29	582.690000E-3	841.000000E-12	362.000000E-12	4.996000E-9	371.400000E-9	655.390000E-3	202.000000E+0	-5.163000E+0	4.257559E+3	NaN	NaN
	28/11/2022 16:21:36	585.520000E-3	837.000000E-12	362.000000E-12	4.996000E-9	371.400000E-9	655.390000E-3	201.000000E+0	-5.275000E+0	4.258232E+3	NaN	NaN
	28/11/2022 16:21:43	586.260000E-3	839.000000E-12	364.000000E-12	4.996000E-9	371.400000E-9	655.410000E-3	202.000000E+0	-4.938000E+0	4.259018E+3	NaN	NaN
	28/11/2022 16:21:50	581.950000E-3	839.000000E-12	363.000000E-12	4.996000E-9	371.400000E-9	655.380000E-3	201.000000E+0	-4.938000E+0	4.259691E+3	NaN	NaN
	28/11/2022 16:21:58	585.180000E-3	839.000000E-12	361.000000E-12	4.996000E-9	371.400000E-9	655.390000E-3	201.000000E+0	-5.163000E+0	4.260028E+3	NaN	NaN
	28/11/2022 16:22:05	586.190000E-3	836.000000E-12	362.000000E-12	4.996000E-9	371.400000E-9	655.370000E-3	201.000000E+0	-5.163000E+0	4.260813E+3	NaN	NaN
	28/11/2022 16:22:12	582.940000E-3	836.000000E-12	364.000000E-12	4.996000E-9	371.400000E-9	655.370000E-3	201.000000E+0	-5.050000E+0	4.261487E+3	NaN	NaN
	28/11/2022 16:22:19	584.910000E-3	836.000000E-12	364.000000E-12	4.996000E-9	371.400000E-9	655.370000E-3	201.000000E+0	-5.050000E+0	4.261936E+3	NaN	NaN
	28/11/2022 16:22:26	585.870000E-3	833.000000E-12	363.000000E-12	4.996000E-9	371.400000E-9	655.370000E-3	201.000000E+0	-5.050000E+0	4.262497E+3	NaN	NaN
	28/11/2022 16:22:34	582.610000E-3	832.000000E-12	361.000000E-12	4.996000E-9	371.400000E-9	655.370000E-3	201.000000E+0	-5.163000E+0	4.262946E+3	NaN	NaN
	28/11/2022 16:22:41	582.050000E-3	833.000000E-12	362.000000E-12	4.996000E-9	371.400000E-9	655.370000E-3	201.000000E+0	-5.050000E+0	4.263395E+3	NaN	NaN
	28/11/2022 16:22:48	582.070000E-3	837.000000E-12	363.000000E-12	4.996000E-9	371.400000E-9	655.370000E-3	201.000000E+0	-5.050000E+0	4.263956E+3	NaN	NaN
	28/11/2022 16:22:55	585.300000E-3	837.000000E-12	361.000000E-12	4.996000E-9	371.400000E-9	655.350000E-3	200.000000E+0	-5.050000E+0	4.264405E+3	NaN	NaN
	28/11/2022 16:23:02	586.360000E-3	833.000000E-12	361.000000E-12	4.996000E-9	371.400000E-9	655.360000E-3	201.000000E+0	-4.938000E+0	4.264854E+3	NaN	NaN
	28/11/2022 16:23:10	586.190000E-3	834.000000E-12	362.000000E-12	4.996000E-9	370.900000E-9	655.340000E-3	200.000000E+0	-4.938000E+0	4.265078E+3	NaN	NaN
	28/11/2022 16:23:17	581.900000E-3	835.000000E-12	362.000000E-12	4.996000E-9	368.700000E-9	655.350000E-3	201.000000E+0	-5.275000E+0	4.265527E+3	NaN	NaN
	28/11/2022 16:23:24	582.320000E-3	836.000000E-12	361.000000E-12	4.996000E-9	368.700000E-9	655.360000E-3	201.000000E+0	-5.163000E+0	4.265976E+3	NaN	NaN
	28/11/2022 16:23:31	582.740000E-3	834.000000E-12	362.000000E-12	4.996000E-9	368.300000E-9	655.360000E-3	201.000000E+0	-5.050000E+0	4.266201E+3	NaN	NaN
	28/11/2022 16:23:38	584.810000E-3	833.000000E-12	362.000000E-12	4.996000E-9	368.300000E-9	655.340000E-3	200.000000E+0	-5.050000E+0	4.266650E+3	NaN	NaN
	28/11/2022 16:23:45	582.000000E-3	833.000000E-12	361.000000E-12	4.996000E-9	367.800000E-9	655.340000E-3	200.000000E+0	-5.050000E+0	4.266874E+3	NaN	NaN
	28/11/2022 16:23:53	584.390000E-3	833.000000E-12	361.000000E-12	4.996000E-9	368.300000E-9	655.360000E-3	200.000000E+0	-5.163000E+0	4.267323E+3	NaN	NaN
	28/11/2022 16:24:00	586.190000E-3	833.000000E-12	361.000000E-12	4.996000E-9	367.800000E-9	655.360000E-3	200.000000E+0	-5.163000E+0	4.267435E+3	NaN	NaN
	28/11/2022 16:24:07	584.760000E-3	832.000000E-12	360.000000E-12	4.996000E-9	367.800000E-9	655.350000E-3	200.000000E+0	-5.163000E+0	4.267884E+3	NaN	NaN
	28/11/2022 16:24:14	586.170000E-3	833.000000E-12	360.000000E-12	4.996000E-9	367.800000E-9	655.340000E-3	200.000000E+0	-5.163000E+0	4.268221E+3	NaN	NaN
	28/11/2022 16:24:21	582.240000E-3	835.000000E-12	362.000000E-12	4.996000E-9	367.800000E-9	655.350000E-3	200.000000E+0	-5.050000E+0	4.268558E+3	NaN	NaN
	28/11/2022 16:24:29	584.220000E-3	835.000000E-12	362.000000E-12	4.996000E-9	367.800000E-9	655.350000E-3	199.000000E+0	-5.050000E+0	4.268670E+3	NaN	NaN
	28/11/2022 16:24:36	586.390000E-3	833.000000E-12	360.000000E-12	4.996000E-9	367.800000E-9	655.340000E-3	200.000000E+0	-5.050000E+0	4.269006E+3	NaN	NaN
	28/11/2022 16:24:43	585.400000E-3	831.000000E-12	360.000000E-12	4.996000E-9	367.800000E-9	655.350000E-3	199.000000E+0	-5.163000E+0	4.269231E+3	NaN	NaN
	28/11/2022 16:24:50	582.170000E-3	831.000000E-12	361.000000E-12	4.996000E-9	367.800000E-9	655.340000E-3	200.000000E+0	-5.050000E+0	4.269455E+3	NaN	NaN
	28/11/2022 16:24:57	586.480000E-3	831.000000E-12	361.000000E-12	4.996000E-9	367.800000E-9	655.340000E-3	199.000000E+0	-5.275000E+0	4.269680E+3	NaN	NaN
	28/11/2022 16:25:04	586.170000E-3	829.000000E-12	359.000000E-12	4.996000E-9	367.800000E-9	655.330000E-3	199.000000E+0	-5.163000E+0	4.270017E+3	NaN	NaN
	28/11/2022 16:25:12	584.510000E-3	830.000000E-12	360.000000E-12	4.996000E-9	367.800000E-9	655.320000E-3	199.000000E+0	-5.163000E+0	4.269904E+3	NaN	NaN
	28/11/2022 16:25:19	582.570000E-3	831.000000E-12	360.000000E-12	4.996000E-9	367.800000E-9	655.330000E-3	200.000000E+0	-4.938000E+0	4.270017E+3	NaN	NaN
	28/11/2022 16:25:26	586.610000E-3	832.000000E-12	359.000000E-12	4.996000E-9	367.800000E-9	655.330000E-3	199.000000E+0	-5.050000E+0	4.270466E+3	NaN	NaN
	28/11/2022 16:25:33	582.510000E-3	830.000000E-12	359.000000E-12	4.996000E-9	367.800000E-9	655.320000E-3	199.000000E+0	-4.938000E+0	4.270802E+3	NaN	NaN
	28/11/2022 16:25:40	586.950000E-3	832.000000E-12	361.000000E-12	4.996000E-9	367.400000E-9	655.330000E-3	199.000000E+0	-5.163000E+0	4.270690E+3	NaN	NaN
	28/11/2022 16:25:47	586.460000E-3	2.240000E-9	1.600000E-9	4.996000E-9	367.400000E-9	655.320000E-3	199.000000E+0	-5.050000E+0	4.271027E+3	NaN	NaN
	28/11/2022 16:25:55	585.180000E-3	2.970000E-9	1.520000E-9	4.996000E-9	367.000000E-9	655.330000E-3	199.000000E+0	-5.050000E+0	4.271027E+3	NaN	NaN
	28/11/2022 16:26:02	582.200000E-3	3.020000E-9	1.590000E-9	4.996000E-9	366.500000E-9	655.330000E-3	199.000000E+0	-4.938000E+0	4.271251E+3	NaN	NaN
	28/11/2022 16:26:09	585.970000E-3	3.050000E-9	1.570000E-9	4.996000E-9	366.500000E-9	655.330000E-3	198.000000E+0	-4.938000E+0	4.271363E+3	NaN	NaN
	28/11/2022 16:26:16	582.610000E-3	2.780000E-9	1.580000E-9	4.996000E-9	365.200000E-9	655.330000E-3	198.000000E+0	-5.050000E+0	4.271476E+3	NaN	NaN
	28/11/2022 16:26:23	582.420000E-3	2.930000E-9	1.660000E-9	4.996000E-9	364.800000E-9	655.330000E-3	198.000000E+0	-5.163000E+0	4.271700E+3	NaN	NaN
	28/11/2022 16:26:31	585.740000E-3	2.840000E-9	1.710000E-9	4.996000E-9	363.500000E-9	655.330000E-3	198.000000E+0	-5.163000E+0	4.271027E+3	NaN	NaN
ega fully in	28/11/2022 16:26:38	586.090000E-3	932.000000E-12	450.000000E-12	4.996000E-9	360.000000E-9	655.330000E-3	197.000000E+0	-5.275000E+0	4.271139E+3	NaN	NaN
	28/11/2022 16:26:45	583.180000E-3	842.000000E-12	396.000000E-12	4.996000E-9	357.800000E-9	655.320000E-3	197.000000E+0	-5.050000E+0	4.270802E+3	NaN	NaN
	28/11/2022 16:26:52	585.030000E-3	823.000000E-12	379.000000E-12	4.996000E-9	357.800000E-9	655.330000E-3	197.000000E+0	-5.163000E+0	4.271027E+3	NaN	NaN
	28/11/2022 16:26:59	586.340000E-3	815.000000E-12	371.000000E-12	4.996000E-9	357.400000E-9	655.320000E-3	196.000000E+0	-5.050000E+0	4.271027E+3	NaN	NaN
	28/11/2022 16:27:07	581.750000E-3	808.000000E-12	366.000000E-12	4.996000E-9	357.400000E-9	655.310000E-3	196.000000E+0	-5.275000E+0	4.271027E+3	NaN	NaN
	28/11/2022 16:27:14	583.500000E-3	800.000000E-12	363.000000E-12	4.996000E-9	357.000000E-9	655.300000E-3	196.000000E+0	-5.050000E+0	4.271027E+3	NaN	NaN
	28/11/2022 16:27:21	582.510000E-3	795.000000E-12	360.000000E-12	4.996000E-9	356.500000E-9	655.320000E-3	196.000000E+0	-5.050000E+0	4.271027E+3	NaN	NaN
	28/11/2022 16:27:28	586.540000E-3	790.000000E-12	357.000000E-12	4.996000E-9	357.000000E-9	655.320000E-3	196.000000E+0	-5.163000E+0	4.271027E+3	NaN	NaN
	28/11/2022 16:27:35	583.920000E-3	821.000000E-12	390.000000E-12	4.996000E-9	354.800000E-9	655.320000E-3	195.000000E+0	-5.275000E+0	4.271139E+3	NaN	NaN
	28/11/2022 16:27:42	586.040000E-3	846.000000E-12	472.000000E-12	4.996000E-9	354.800000E-9	655.280000E-3	195.000000E+0	-5.275000E+0	4.271139E+3	NaN	NaN
	28/11/2022 16:27:50	585.850000E-3	1.190000E-9	1.300000E-9	4.996000E-9	354.400000E-9	655.300000E-3	195.000000E+0	-5.163000E+0	4.271027E+3	NaN	NaN
static vacuum	28/11/2022 16:27:57	582.320000E-3	1.190000E-9	1.270000E-9	4.996000E-9	354.400000E-9	655.280000E-3	195.000000E+0	-5.163000E+0	4.271251E+3	NaN	NaN
	28/11/2022 16:28:04	582.390000E-3	1.200000E-9	1.270000E-9	4.996000E-9	354.400000E-9	655.290000E-3	195.000000E+0	-5.050000E+0	4.271139E+3	NaN	NaN
	28/11/2022 16:28:11	586.360000E-3	1.190000E-9	1.270000E-9	4.996000E-9	354.400000E-9	655.280000E-3	193.000000E+0	-5.163000E+0	4.271139E+3	NaN	NaN
	28/11/2022 16:28:18	582.270000E-3	1.200000E-9	1.270000E-9	4.996000E-9	354.400000E-9	655.290000E-3	193.000000E+0	-5.163000E+0	4.271251E+3	NaN	NaN
	28/11/2022 16:28:26	582.120000E-3	1.200000E-9	1.280000E-9	4.996000E-9	354.400000E-9	655.280000E-3	193.000000E+0	-4.938000E+0	4.271139E+3	NaN	NaN
	28/11/2022 16:28:33	585.110000E-3	1.200000E-9	1.290000E-9	4.996000E-9	354.400000E-9	655.280000E-3	192.000000E+0	-5.163000E+0	4.271363E+3	NaN	NaN
	28/11/2022 16:28:40	583.330000E-3	1.210000E-9	1.290000E-9	4.996000E-9	354.400000E-9	655.290000E-3	192.000000E+0	-5.050000E+0	4.271251E+3	NaN	NaN
	28/11/2022 16:28:47	582.240000E-3	1.200000E-9	1.300000E-9	4.996000E-9	354.400000E-9	655.270000E-3	191.000000E+0	-5.050000E+0	4.271251E+3	NaN	NaN
	28/11/2022 16:28:54	583.550000E-3	1.200000E-9	1.300000E-9	4.996000E-9	354.400000E-9	655.260000E-3	190.000000E+0	-5.050000E+0	4.271139E+3	NaN	NaN
	28/11/2022 16:29:01	582.370000E-3	1.200000E-9	1.300000E-9	4.996000E-9	354.400000E-9	655.260000E-3	190.000000E+0	-5.275000E+0	4.271139E+3	NaN	NaN
	28/11/2022 16:29:09	582.320000E-3	1.200000E-9	1.300000E-9	4.996000E-9	354.400000E-9	655.260000E-3	189.000000E+0	-5.163000E+0	4.271251E+3	NaN	NaN
	28/11/2022 16:29:16	582.200000E-3	1.210000E-9	1.290000E-9	4.996000E-9	354.400000E-9	655.250000E-3	189.000000E+0	-5.050000E+0	4.271027E+3	NaN	NaN
	28/11/2022 16:29:23	582.490000E-3	1.200000E-9	1.290000E-9	4.996000E-9	354.400000E-9	655.260000E-3	188.000000E+0	-5.050000E+0	4.271027E+3	NaN	NaN
	28/11/2022 16:29:30	582.170000E-3	1.210000E-9	1.290000E-9	4.996000E-9	354.400000E-9	655.240000E-3	187.000000E+0	-5.163000E+0	4.271251E+3	NaN	NaN
	28/11/2022 16:29:37	582.240000E-3	1.210000E-9	1.290000E-9	4.996000E-9	354.400000E-9	655.250000E-3	187.000000E+0	-5.050000E+0	4.271027E+3	NaN	NaN
	28/11/2022 16:29:45	586.140000E-3	1.210000E-9	1.300000E-9	4.996000E-9	354.000000E-9	655.250000E-3	187.000000E+0	-5.050000E+0	4.270802E+3	NaN	NaN
	28/11/2022 16:29:52	583.200000E-3	1.200000E-9	1.300000E-9	4.996000E-9	354.000000E-9	655.240000E-3	186.000000E+0	-4.938000E+0	4.271027E+3	NaN	NaN
	28/11/2022 16:29:59	582.440000E-3	1.210000E-9	1.310000E-9	4.996000E-9	354.000000E-9	655.240000E-3	186.000000E+0	-5.163000E+0	4.271027E+3	NaN	NaN
	28/11/2022 16:30:06	586.360000E-3	1.210000E-9	1.310000E-9	4.996000E-9	354.400000E-9	655.240000E-3	185.000000E+0	-5.050000E+0	4.271139E+3	NaN	NaN
	28/11/2022 16:30:13	582.440000E-3	1.210000E-9	1.310000E-9	4.996000E-9	354.400000E-9	655.220000E-3	184.000000E+0	-5.050000E+0	4.271139E+3	NaN	NaN
	28/11/2022 16:30:20	582.390000E-3	1.200000E-9	1.310000E-9	4.996000E-9	354.000000E-9	655.230000E-3	184.000000E+0	-5.163000E+0	4.271027E+3	NaN	NaN
	28/11/2022 16:30:28	582.960000E-3	1.210000E-9	1.310000E-9	4.996000E-9	354.000000E-9	655.220000E-3	183.000000E+0	-5.050000E+0	4.270914E+3	NaN	NaN
	28/11/2022 16:30:35	582.370000E-3	1.210000E-9	1.310000E-9	4.996000E-9	354.000000E-9	655.210000E-3	183.000000E+0	-5.275000E+0	4.270802E+3	NaN	NaN
	28/11/2022 16:30:42	582.420000E-3	1.210000E-9	1.310000E-9	4.996000E-9	354.000000E-9	655.210000E-3	183.000000E+0	-5.163000E+0	4.270802E+3	NaN	NaN
	28/11/2022 16:30:49	582.290000E-3	1.210000E-9	1.310000E-9	4.996000E-9	354.000000E-9	655.210000E-3	182.000000E+0	-5.050000E+0	4.270802E+3	NaN	NaN
	28/11/2022 16:30:56	582.740000E-3	1.210000E-9	1.310000E-9	4.996000E-9	354.000000E-9	655.200000E-3	181.000000E+0	-5.050000E+0	4.270466E+3	NaN	NaN
